   3.5000000e-01  -3.3000000e+00   2.4860985e+00
   8.3000000e-01  -2.6666667e-01   4.5795231e+00
  -4.2000000e-01   4.0000000e+00   2.8786627e+00
   5.5000000e-02   4.9333333e+00   7.4448886e-01
  -4.8000000e-01  -2.2000000e+00   3.0660410e+00
  -1.2500000e-01   0.0000000e+00   2.1264648e-01
   5.5000000e-01  -2.3333333e-01   1.6997177e+00
   8.8000000e-01  -2.4000000e+00   6.9485144e+00
   4.7500000e-01  -6.6666667e-02   1.1515804e+00
  -1.4000000e-01   1.5333333e+00   1.2115296e+00
  -3.5500000e-01   4.0000000e+00   2.6146947e+00
   9.8000000e-01   1.6666667e+00   7.7793314e+00
   8.9500000e-01   2.0666667e+00   6.8960584e+00
   9.5000000e-01  -2.0000000e-01   6.2425522e+00
   9.3000000e-01   6.0000000e-01   6.0990834e+00
   6.6500000e-01  -1.4666667e+00   3.5710843e+00
   4.0000000e-01   3.2666667e+00   2.7185884e+00
   1.6000000e-01   1.2333333e+00   6.7413839e-01
   1.9500000e-01   4.6666667e+00   1.0996551e+00
   7.0500000e-01   3.6000000e+00   4.9780824e+00
   8.3000000e-01   3.3333333e-02   4.5447333e+00
  -5.0000000e-03   8.0000000e-01   3.0844292e-01
   3.9000000e-01  -1.7333333e+00   1.8392449e+00
   3.0500000e-01   9.3333333e-01   7.3445562e-01
  -5.0000000e-03   6.0000000e-01   1.7981401e-01
   4.0500000e-01   4.1666667e+00   2.2705718e+00
  -3.4000000e-01  -4.0000000e-01   9.8126365e-01
   6.0500000e-01   9.3333333e-01   2.5263525e+00
   5.6000000e-01  -2.3333333e-01   1.7772020e+00
   4.4000000e-01   4.0333333e+00   2.5677295e+00
   8.4500000e-01  -5.3333333e-01   4.8782545e+00
   9.7500000e-01   3.0333333e+00   8.5997859e+00
  -1.6000000e-01   2.3333333e+00   1.9914148e+00
  -1.2500000e-01   3.2000000e+00   2.2109413e+00
   6.4000000e-01   3.3333333e+00   4.4179338e+00
  -1.0000000e-02  -2.4000000e+00   1.7479907e+00
  -6.0000000e-02  -3.2000000e+00   2.0792338e+00
   4.3500000e-01   2.8666667e+00   2.8739278e+00
   1.9500000e-01   4.5666667e+00   1.1991559e+00
   7.1500000e-01   4.1333333e+00   4.7348104e+00
   2.5000000e-01   5.3333333e-01   3.0685158e-01
   1.4500000e-01  -4.3333333e-01   8.2282691e-02
  -8.0000000e-02  -3.3666667e+00   2.0916006e+00
   3.8000000e-01  -1.0000000e-01   6.3516047e-01
   8.5000000e-02   6.3333333e-01   1.5408097e-01
   9.5500000e-01  -7.3333333e-01   6.5553647e+00
   4.4500000e-01  -1.0000000e+00   1.4279972e+00
  -2.0500000e-01   1.6000000e+00   1.4587380e+00
   6.5500000e-01  -3.3666667e+00   4.5528993e+00
   6.0000000e-02  -2.3000000e+00   1.6285111e+00
   1.0000000e-02  -1.7666667e+00   1.1852233e+00
   7.1000000e-01   4.9000000e+00   3.9477038e+00
  -3.0000000e-02   1.0000000e+00   4.9501588e-01
  -9.5000000e-02  -7.6666667e-01   4.2626930e-01
   1.5000000e-02   8.3333333e-01   3.1394783e-01
  -6.0000000e-02   4.6333333e+00   1.1599124e+00
  -5.5000000e-02   1.1666667e+00   6.7942304e-01
  -1.3000000e-01   4.1666667e+00   1.7435590e+00
   4.5000000e-01   2.5333333e+00   2.8180127e+00
   4.5500000e-01  -5.0000000e-01   1.1492972e+00
   1.9500000e-01   3.5000000e+00   1.9904054e+00
   9.9000000e-01   1.4000000e+00   7.6709338e+00
   2.1000000e-01   3.3333333e+00   2.0621122e+00
   5.1500000e-01  -8.3333333e-01   1.7433661e+00
   3.6000000e-01   2.6666667e-01   5.7611719e-01
   7.7500000e-01   7.6666667e-01   4.1442256e+00
   1.1000000e-01  -1.2666667e+00   6.6698370e-01
   1.6000000e-01  -1.9666667e+00   1.3908440e+00
   7.3000000e-01   2.7000000e+00   5.2545407e+00
   4.9000000e-01  -1.0333333e+00   1.7339407e+00
   6.7500000e-01   3.8666667e+00   4.5222468e+00
   2.6000000e-01  -1.9000000e+00   1.5170478e+00
  -1.0000000e-02   2.3333333e-01   3.7695928e-02
   7.0000000e-02   1.3333333e+00   7.2516742e-01
   5.9500000e-01  -2.2000000e+00   3.6242520e+00
   7.4000000e-01   3.8666667e+00   5.2098566e+00
   3.9000000e-01   9.3333333e-01   1.0822640e+00
   8.9000000e-01   4.7666667e+00   6.2958336e+00
   6.8000000e-01   4.8666667e+00   3.6702158e+00
   8.5000000e-01   1.6666667e+00   5.9010923e+00
   7.9000000e-01   4.6333333e+00   5.1231895e+00
   1.3500000e-01   1.6000000e+00   1.0105985e+00
   2.5500000e-01   2.3000000e+00   1.8469419e+00
   1.0500000e-01  -1.3000000e+00   6.9700250e-01
   2.5000000e-02   4.0000000e-01   5.7735490e-02
   7.2500000e-01   2.8333333e+00   5.2485659e+00
   7.8500000e-01  -1.6666667e+00   5.0795502e+00
   7.1000000e-01  -1.4666667e+00   4.0302746e+00
   6.7500000e-01   2.6666667e-01   2.8091418e+00
  -1.5000000e-02   3.0000000e+00   2.0063323e+00
   4.1000000e-01  -6.3333333e-01   9.7104618e-01
   3.9500000e-01   2.9333333e+00   2.6800881e+00
   8.8500000e-01  -5.3333333e-01   5.4192538e+00
   1.1500000e-01   4.1000000e+00   1.5435617e+00
   5.1500000e-01   1.0000000e+00   1.8754760e+00
   5.3500000e-01   4.4000000e+00   2.8671492e+00
   9.1500000e-01   4.4333333e+00   6.9810349e+00
   3.7000000e-01   9.0000000e-01   9.6300742e-01
   7.5500000e-01   1.5333333e+00   4.5938739e+00
   5.3500000e-01  -1.3333333e-01   1.5686921e+00
   4.0000000e-02   7.6666667e-01   2.4956231e-01
   7.4500000e-01  -1.6333333e+00   4.5800744e+00
   1.9000000e-01   3.8666667e+00   1.7943241e+00
   3.4000000e-01   1.0000000e-01   4.6314447e-01
   1.6500000e-01   2.3000000e+00   1.6773612e+00
   8.1000000e-01   4.2333333e+00   5.7513971e+00
   5.3000000e-01   3.6333333e+00   3.4046385e+00
   8.9500000e-01   2.6000000e+00   7.2771498e+00
   8.5000000e-02   3.3333333e-01   1.5183228e-02
   3.8500000e-01   4.3000000e+00   2.0543784e+00
   6.0000000e-01   2.2000000e+00   3.6669011e+00
   2.0500000e-01   6.0000000e-01   2.4589366e-01
   8.8500000e-01   7.0000000e-01   5.5155288e+00
   9.3500000e-01   4.2666667e+00   7.4293915e+00
   1.3000000e-01   1.7666667e+00   1.1723257e+00
   9.0000000e-01   2.8000000e+00   7.4331223e+00
   5.4000000e-01  -1.7666667e+00   2.7915817e+00
   7.3500000e-01   8.6666667e-01   3.7583324e+00
   1.6500000e-01  -1.3333333e-01   1.9960902e-02
   5.5500000e-01   4.3333333e+00   3.0811755e+00
   3.5000000e-01   1.3666667e+00   1.2959038e+00
   6.6000000e-01  -3.3333333e-01   2.6813837e+00
   8.9000000e-01   3.9000000e+00   7.0760169e+00
   1.4500000e-01   3.2666667e+00   1.9820423e+00
   6.2000000e-01   2.5333333e+00   4.0742646e+00
   5.0000000e-01  -1.9000000e+00   2.6357896e+00
   4.7500000e-01   1.3333333e+00   1.9141214e+00
   8.7000000e-01   1.0000000e-01   5.0790072e+00
   7.6500000e-01   1.9000000e+00   5.0702426e+00
   8.5000000e-01   3.3333333e-02   4.8059243e+00
   5.7000000e-01   2.6666667e-01   1.8647643e+00
   4.0500000e-01  -7.3333333e-01   1.0085888e+00
   1.8500000e-01   3.3666667e+00   2.0129511e+00
   5.4000000e-01   3.7000000e+00   3.4450615e+00
   9.9500000e-01   1.6666667e+00   8.0159487e+00
   8.8000000e-01   5.3333333e-01   5.3500035e+00
   8.6000000e-01   1.1000000e+00   5.4851637e+00
   5.9000000e-01   3.9333333e+00   3.6961711e+00
   8.7500000e-01   3.1333333e+00   7.1422999e+00
   4.8500000e-01  -5.0000000e-01   1.3356890e+00
   4.6500000e-01  -1.7333333e+00   2.2490529e+00
  -3.5500000e-01   4.9333333e+00   1.7419000e+00
   9.9000000e-01   6.3333333e-01   7.0348418e+00
   2.6500000e-01   1.7666667e+00   1.4018676e+00
   8.6500000e-01   1.4666667e+00   5.9022116e+00
   4.2000000e-01   4.1666667e+00   2.3485827e+00
   5.6500000e-01   1.7000000e+00   2.9183763e+00
   7.6500000e-01   2.8666667e+00   5.7093984e+00
   9.1500000e-01   4.9333333e+00   6.4864358e+00
   3.0000000e-01   4.5000000e+00   1.5236958e+00
   6.6500000e-01   8.0000000e-01   2.9783192e+00
   9.5500000e-01   3.5000000e+00   8.2347687e+00
   4.9000000e-01   3.3333333e-01   1.3009420e+00
   1.0000000e-02  -2.6666667e-01   2.5948345e-02
   9.2000000e-01   4.0333333e+00   7.4061295e+00
   8.0000000e-01   3.4000000e+00   6.1331982e+00
   1.6000000e-01   7.3333333e-01   2.6228527e-01
   6.5500000e-01   4.6000000e+00   3.6902742e+00
   7.0000000e-02   4.0666667e+00   1.5621805e+00
   9.6000000e-01   1.9333333e+00   7.7291089e+00
  -8.0000000e-02  -7.6666667e-01   3.9659591e-01
   8.4000000e-01   3.2000000e+00   6.6721354e+00
   8.1500000e-01  -3.3000000e+00   6.3406650e+00
   5.6000000e-01   3.8333333e+00   3.5202399e+00
   6.1000000e-01   3.7666667e+00   3.9760044e+00
   6.5500000e-01  -3.3333333e-01   2.6331647e+00
   8.3500000e-01   4.9666667e+00   5.3572295e+00
   3.9500000e-01   4.5666667e+00   1.8469030e+00
   3.6500000e-01   4.2666667e+00   1.9935922e+00
   9.8500000e-01  -1.9666667e+00   8.1476397e+00
   6.2500000e-01   1.5000000e+00   3.2278468e+00
   9.4500000e-01   4.4000000e+00   7.4547151e+00
   1.5000000e-02   2.8000000e+00   1.9285824e+00
   7.6000000e-01   4.4666667e+00   4.9321632e+00
   7.2500000e-01   4.0000000e+00   4.9493464e+00
   9.4500000e-01   2.3666667e+00   7.8618550e+00
   7.8000000e-01  -6.3333333e-01   4.1178462e+00
   3.9000000e-01   3.2333333e+00   2.6732174e+00
   6.1500000e-01   1.1333333e+00   2.7854782e+00
   8.1500000e-01   2.6000000e+00   6.2100740e+00
   7.7500000e-01  -8.3333333e-01   4.1920405e+00
   9.3500000e-01   1.8000000e+00   7.2254839e+00
   1.1500000e-01   7.3333333e-01   2.2579036e-01
   7.8500000e-01   2.0000000e+00   5.3999735e+00
   7.1500000e-01   1.8000000e+00   4.4147787e+00
   2.5500000e-01   3.3333333e-01   2.3570893e-01
   9.4000000e-01   0.0000000e+00   6.0726030e+00
   9.7500000e-01   3.4333333e+00   8.5633849e+00
   1.6000000e-01  -5.3333333e-01   1.4411547e-01
   7.8500000e-01   7.3333333e-01   4.2408793e+00
   8.3500000e-01   1.3333333e+00   5.3735384e+00
   6.8000000e-01   1.5666667e+00   3.8197526e+00
   5.0000000e-01   3.0000000e+00   3.3024925e+00
   5.7500000e-01   4.8333333e+00   2.7491155e+00
   7.0500000e-01  -6.6666667e-02   3.0835454e+00
   6.5500000e-01   4.7333333e+00   3.5571789e+00
   7.4500000e-01   2.6333333e+00   5.3911711e+00
   9.6000000e-01   3.5666667e+00   8.2854697e+00
   4.5000000e-01   2.1000000e+00   2.5022149e+00
   5.0000000e-01   2.4666667e+00   3.0932532e+00
   2.1000000e-01   9.3333333e-01   4.8527959e-01
   2.5000000e-01  -1.6666667e+00   1.2636923e+00
   7.2000000e-01   4.6333333e+00   4.3203788e+00
   8.6500000e-01   4.2333333e+00   6.4670946e+00
   3.5000000e-01   2.4666667e+00   2.2793719e+00
   9.4500000e-01   3.3333333e-02   6.1479377e+00
   9.9500000e-01   3.7000000e+00   8.7683252e+00
   1.1000000e-01  -1.0333333e+00   4.5448826e-01
   4.1000000e-01   2.4333333e+00   2.5366008e+00
   1.6500000e-01   0.0000000e+00   1.1085174e-02
   6.1000000e-01  -1.4666667e+00   3.0611430e+00
   3.5000000e-01  -1.3000000e+00   1.2311199e+00
  -1.3000000e-01   3.7333333e+00   2.0544944e+00
   3.9500000e-01  -1.3000000e+00   1.4341970e+00
   9.1000000e-01   3.3333333e+00   7.6152374e+00
   5.0000000e-01   3.4666667e+00   3.2601271e+00
   7.0000000e-02  -1.0000000e-01  -3.4599175e-02
  -1.4000000e-01   3.6666667e+00   2.1142707e+00
   7.1000000e-01   4.2000000e+00   4.6244770e+00
   9.0500000e-01   8.6666667e-01   5.9146302e+00
   8.0500000e-01   4.8000000e+00   5.1406950e+00
   8.8000000e-01   3.8333333e+00   6.9812575e+00
   1.0500000e-01   2.5000000e+00   1.7656449e+00
   8.4500000e-01   3.8000000e+00   6.5303394e+00
   9.2000000e-01   3.6666667e+00   7.6433579e+00
   3.8000000e-01   2.8333333e+00   2.5830278e+00
   4.0500000e-01  -2.0000000e-01   7.7146960e-01
   9.6500000e-01  -3.3333333e-01   6.5061094e+00
   6.4500000e-01  -3.2000000e+00   4.4813764e+00
   2.5500000e-01   3.3000000e+00   2.1681456e+00
   8.0000000e-01  -4.3333333e-01   4.2588289e+00
   2.6000000e-01   4.1333333e+00   1.7409920e+00
   6.4000000e-01   3.9000000e+00   4.1621921e+00
   6.0500000e-01   3.4666667e+00   4.0691382e+00
  -1.4000000e-01   2.3333333e-01   2.7608278e-01
   3.6000000e-01  -4.0000000e-01   6.1971085e-01
   7.9000000e-01   4.4333333e+00   5.3196641e+00
   5.5000000e-01   3.4666667e+00   3.6202458e+00
   7.4500000e-01   3.5333333e+00   5.4418240e+00
   4.3500000e-01  -1.0000000e+00   1.3711802e+00
   7.0000000e-02   4.5000000e+00   1.1712008e+00
   6.0000000e-02   3.0666667e+00   1.9594294e+00
  -4.2000000e-01   3.4000000e+00   3.1918172e+00
   7.0000000e-02   4.3000000e+00   1.3612042e+00
   1.6500000e-01   4.3666667e+00   1.3499615e+00
   7.6500000e-01   2.7000000e+00   5.6510252e+00
   5.5000000e-01  -1.2666667e+00   2.3731559e+00
   8.2000000e-01   2.5333333e+00   6.2370262e+00
   3.8500000e-01   3.7666667e+00   2.4644990e+00
   4.3500000e-01  -4.3333333e-01   1.0039114e+00
   2.6500000e-01  -3.3666667e+00   2.1820249e+00
   7.0500000e-01   0.0000000e+00   3.0813240e+00
  -5.5000000e-02   3.2666667e+00   2.0648302e+00
   5.3000000e-01   3.9000000e+00   3.2490585e+00
   9.4500000e-01  -1.0000000e+00   6.6070799e+00
   5.6500000e-01   4.5666667e+00   2.9347389e+00
   8.0000000e-01  -2.4000000e+00   5.9037937e+00
   4.4500000e-01   4.1666667e+00   2.4873351e+00
   9.4500000e-01  -5.0000000e-01   6.2697997e+00
   1.9500000e-01   3.2000000e+00   2.0522435e+00
   6.0000000e-01   2.6666667e-01   2.1137454e+00
   5.7000000e-01   2.3333333e+00   3.5201771e+00
  -5.0000000e-03   3.3333333e+00   1.9868236e+00
   9.8000000e-01  -1.3333333e-01   6.6924836e+00
   8.9500000e-01   2.6000000e+00   7.2771498e+00
   8.2500000e-01   3.8666667e+00   6.2284968e+00
   3.0000000e-01   1.1000000e+00   8.5930388e-01
   9.1500000e-01   4.5333333e+00   6.8836873e+00
   2.5000000e-01   3.9666667e+00   1.8464713e+00
   4.0000000e-02   1.5000000e+00   8.9905224e-01
   3.0500000e-01   3.0333333e+00   2.3237599e+00
   8.6000000e-01   4.6666667e+00   5.9844662e+00
   9.8500000e-01   2.7000000e+00   8.6661005e+00
   5.5000000e-02  -3.3333333e-01   1.8683028e-02
   9.3000000e-01   3.7000000e+00   7.7725190e+00
  -1.2500000e-01   4.0333333e+00   1.8407049e+00
   2.6500000e-01   2.3000000e+00   1.8735233e+00
  -9.5000000e-02   1.2333333e+00   8.1540218e-01
   5.6000000e-01   4.6333333e+00   2.8290764e+00
   4.2000000e-01   3.3666667e+00   2.8043246e+00
   8.6000000e-01   2.2000000e+00   6.5272610e+00
  -3.4000000e-01   1.1666667e+00   1.5091060e+00
   4.0500000e-01   1.0000000e+00   1.2112339e+00
  -6.0000000e-02  -2.2000000e+00   1.6694402e+00
   9.7000000e-01   1.4000000e+00   7.3581590e+00
   4.6500000e-01   1.9333333e+00   2.4418781e+00
  -1.4000000e-01   3.3333333e-02   2.4953934e-01
   9.4000000e-01   4.8333333e+00   6.9519533e+00
   9.6500000e-01  -5.3333333e-01   6.5899492e+00
  -3.0000000e-02   7.3333333e-01   2.9237082e-01
   4.6500000e-01   4.3000000e+00   2.4880298e+00
   9.5000000e-01   3.6000000e+00   8.1193772e+00
   9.0000000e-01   2.0666667e+00   6.9666973e+00
   7.2000000e-01   3.6000000e+00   5.1381639e+00
   7.4500000e-01   4.7666667e+00   4.4633271e+00
   6.2000000e-01  -2.3333333e-01   2.2807196e+00
   8.3000000e-01   3.4666667e+00   6.4918049e+00
  -2.0500000e-01   4.2000000e+00   1.9197993e+00
   1.9500000e-01   2.5000000e+00   1.8550923e+00
   5.5500000e-01  -1.7666667e+00   2.9057525e+00
   1.0000000e+00   5.0000000e+00   7.7163378e+00
