  -3.7800000e+00   9.0130048e-01
  -2.7000000e+00  -9.8442659e-01
  -2.0400000e+00  -5.4006815e-01
  -1.6800000e+00  -1.3311975e-01
  -6.6000000e-01  -7.1895659e-01
  -6.0000000e-02  -4.6865114e-01
  -5.8200000e+00   1.4117261e+00
  -4.2600000e+00   4.9790943e-01
  -3.4200000e+00   5.9701923e-01
  -1.7400000e+00   8.4260396e-02
  -2.5800000e+00  -9.5118533e-01
  -2.7600000e+00  -5.1753684e-01
  -4.9200000e+00   7.3445947e-01
  -4.4400000e+00  -1.1023116e-01
  -5.7000000e+00   8.0765334e-01
  -3.1200000e+00  -1.4178815e-01
  -3.9000000e+00   5.8198098e-01
  -4.3800000e+00   3.6918491e-01
  -4.9800000e+00   1.0011781e-01
  -5.5800000e+00   1.2841109e+00
  -3.5400000e+00   7.7774575e-01
  -2.1600000e+00  -3.6175826e-02
  -8.4000000e-01  -3.6516127e-01
  -4.6800000e+00  -6.0835717e-01
  -3.4800000e+00   6.2415208e-01
  -5.9400000e+00   4.3283148e-01
  -3.6000000e+00   3.0546331e-01
  -5.7600000e+00   9.1587605e-01
  -2.1000000e+00  -2.8252123e-01
  -3.7200000e+00   8.1278815e-01
  -3.3000000e+00  -5.0267851e-02
  -1.8000000e-01  -1.5366592e-01
  -5.5200000e+00   5.4693022e-01
  -1.3800000e+00  -1.3956428e-01
  -3.1800000e+00  -4.0936379e-01
  -1.8000000e+00  -3.7506084e-01
  -4.8000000e-01  -7.4553135e-01
  -4.8000000e+00  -1.6824794e-02
  -3.3600000e+00   6.8483911e-01
  -3.0000000e-01  -4.1729887e-01
  -7.8000000e-01  -1.7729933e-01
  -9.0000000e-01  -7.6125360e-01
  -6.0000000e-01  -7.7696180e-01
  -4.7400000e+00   9.7959920e-02
  -2.5200000e+00  -1.1337342e+00
  -4.5000000e+00  -2.0976689e-01
  -5.2800000e+00   6.7226101e-01
  -1.5000000e+00  -2.8797002e-01
  -5.6400000e+00   6.6512021e-01
  -4.8600000e+00  -2.2799424e-01
  -4.2000000e+00   1.4632142e-01
  -3.0600000e+00  -2.7754623e-01
  -5.4600000e+00   4.6196114e-01
  -2.4000000e-01  -1.1230197e+00
  -1.4400000e+00   3.9106357e-01
  -2.2200000e+00  -4.3094007e-01
  -2.4600000e+00  -1.1341163e+00
  -3.9600000e+00   7.5317541e-01
  -1.1400000e+00   7.0973824e-02
  -4.5600000e+00   3.2692560e-01
  -2.4000000e+00  -1.1085794e+00
  -1.2600000e+00   4.8218252e-02
  -2.8800000e+00  -2.3703305e-01
  -3.6600000e+00   1.1132628e+00
  -2.3400000e+00  -8.8694799e-01
  -1.5600000e+00  -1.9180879e-01
  -4.1400000e+00   1.0021047e+00
  -4.6200000e+00   1.3076178e-01
  -1.0200000e+00  -1.4095764e-01
  -1.0800000e+00  -3.2136771e-01
  -3.2400000e+00   2.4252776e-01
  -5.4000000e+00   2.7205698e-02
  -5.3400000e+00   2.5366244e-01
  -3.6000000e-01  -1.0548147e+00
  -6.0000000e+00   3.7829251e-01
  -1.2000000e-01  -4.8266897e-02
  -1.8600000e+00  -3.7082436e-01
  -1.3200000e+00   7.0230218e-02
  -2.8200000e+00  -3.4139518e-01
  -9.6000000e-01  -8.4605165e-01
  -5.1600000e+00   5.1719306e-01
   0.0000000e+00  -5.6750212e-02
  -3.8400000e+00   7.1630122e-01
  -2.9400000e+00  -3.0941110e-01
  -4.3200000e+00   3.5147288e-01
  -1.9200000e+00  -2.8609183e-01
  -5.8800000e+00   4.2113190e-01
  -5.0400000e+00   2.8679339e-01
  -2.6400000e+00  -2.9636130e-01
  -1.6200000e+00  -5.2836432e-01
  -4.0200000e+00   5.6315528e-01
  -1.9800000e+00  -1.1441689e-01
  -5.2200000e+00  -6.2199798e-02
  -4.2000000e-01  -7.0942371e-01
  -4.0800000e+00   2.0629023e-01
  -5.1000000e+00   6.0571343e-01
  -5.4000000e-01  -1.3200370e+00
  -3.0000000e+00   1.2225848e-01
  -7.2000000e-01  -1.1891123e+00
  -2.2800000e+00  -4.7094687e-01
