129 27 115 115 27 117 68 109 81 80 66 70 74 128 117 102 102 102 102 150 61 81 31 143 103 32 145 126 75 58 36 1 72 21 25 60 107 72 126 31 102 58 12 58 19 31 55 94 125 
107 121 74 102 4 134 134 48 27 60 120 109 81 144 93 93 70 81 139 83 145 31 79 79 145 36 106 87 143 126 126 94 21 68 68 55 87 94 94 143 145 23 32 149 55 85 125 90 90 79 102 143 102 17 102 102 19 
137 27 4 116 134 134 48 114 114 59 81 60 80 76 66 120 120 100 76 45 113 58 87 83 58 102 36 36 1 83 83 106 36 37 37 83 108 94 79 55 94 31 72 90 94 140 55 134 134 70 25 129 48 115 27 134 134 48 117 54 38 16 128 21 70 84 123 59 80 37 94 102 76 60 54 11 109 94 79 94 36 12 12 126 31 141 141 105 55 21 81 11 81 107 
102 111 126 90 105 36 83 12 36 143 125 125 37 16 138 99 137 85 116 48 48 135 137 135 59 100 33 21 60 70 60 68 70 142 105 37 55 95 103 32 149 145 
145 36 75 94 59 11 102 150 25 55 1 58 32 95 83 88 145 46 37 37 103 141 143 134 8 102 25 17 71 114 134 37 21 48 134 134 134 134 48 16 14 38 16 101 80 66 16 101 62 91 127 1 149 149 108 95 105 125 94 108 31 113 134 14 21 27 27 115 129 147 100 129 96 
137 129 71 138 129 116 94 58 65 87 145 143 79 59 11 59 125 31 79 31 119 108 106 79 48 115 50 76 134 134 48 48 114 14 101 117 99 33 14 99 80 95 103 37 55 87 141 108 102 70 80 102 
141 113 19 19 31 79 125 116 37 5 71 48 48 134 48 100 14 
60 80 144 11 133 28 145 97 142 83 149 142 58 105 143 141 90 90 83 83 90 48 70 121 21 93 27 27 70 68 33 115 100 71 80 80 27 81 101 116 125 55 97 103 1 143 135 120 109 141 31 31 58 83 103 31 94 107 130 137 48 48 48 93 81 14 129 101 74 19 19 31 103 108 105 72 31 31 149 55 54 107 1 83 140 83 124 106 55 94 79 125 48 146 135 134 134 48 27 137 59 59 11 76 135 138 99 19 28 28 19 134 19 35 
75 141 1 31 31 55 31 140 143 143 103 37 143 143 79 90 58 
37 85 37 31 31 94 48 79 58 137 5 76 134 94 4 48 134 83 55 134 113 36 145 108 87 113 32 31 106 46 1 111 106 106 106 83 113 102 102 113 111 107 150 102 102 81 55 55 55 111 31 143 113 19 12 72 111 31 143 113 113 58 111 1 83 19 19 42 89 55 12 55 31 36 113 31 142 87 83 92 31 31 91 25 62 68 
57 134 143 125 48 45 6 6 19 113 58 12 113 113 58 23 112 58 72 21 21 145 46 105 105 113 113 58 111 103 105 36 113 113 83 126 19 134 134 150 61 68 107 42 137 134 12 31 85 58 35 55 32 35 108 55 83 94 94 134 134 134 134 134 102 113 32 21 150 102 102 113 
79 48 4 85 4 134 4 125 94 93 59 99 134 91 19 134 58 12 37 37 103 108 32 127 12 113 113 58 111 55 12 19 102 102 19 28 28 19 102 19 91 102 91 102 107 111 113 102 102 102 19 12 102 21 42 102 107 102 102 111 
113 102 19 55 70 102 28 102 107 111 111 102 72 19 134 134 19 12 55 55 55 81 12 21 7 150 102 102 134 113 31 135 134 143 93 80 134 113 111 107 11 8 99 134 134 134 134 134 134 134 134 134 19 91 134 91 19 134 19 12 72 12 92 31 79 111 72 83 55 
102 102 102 102 102 150 107 72 19 102 102 102 102 72 72 12 102 107 72 19 19 28 28 19 19 28 72 81 12 55 21 17 25 102 21 55 28 19 19 12 134 55 23 113 134 19 91 134 12 55 72 134 81 7 150 134 134 134 134 134 134 134 134 134 134 
134 134 134 134 99 8 11 107 72 19 134 19 28 28 19 134 19 12 72 12 19 134 19 28 72 81 12 55 72 102 102 19 91 81 72 111 102 72 19 102 102 102 19 28 
28 19 102 19 12 55 21 81 150 150 25 91 19 19 12 72 12 19 19 91 134 12 55 134 134 72 19 102 102 102 102 102 102 
102 102 102 102 102 102 19 31 137 48 85 79 129 80 134 134 134 134 134 134 134 99 8 99 134 134 99 107 72 19 19 12 72 12 19 
134 134 19 12 55 55 12 19 19 12 55 55 12 134 76 31 134 107 72 19 113 19 28 28 92 23 36 145 19 141 143 75 58 55 90 143 85 125 55 143 105 145 88 140 4 125 95 137 137 102 134 134 134 
134 27 134 134 115 57 38 63 38 93 117 129 66 8 59 129 125 85 102 102 102 102 102 32 125 79 108 31 31 12 35 87 55 31 72 21 25 81 145 113 85 37 55 55 1 
75 141 141 19 141 31 95 48 143 86 53 94 134 85 125 4 48 137 129 99 120 70 139 70 76 16 64 139 74 107 126 108 90 103 31 113 83 83 72 12 145 141 55 55 102 72 40 35 
58 37 36 12 31 32 92 95 140 113 31 143 79 4 125 94 102 102 102 102 102 102 102 134 27 137 128 68 66 16 21 57 68 11 133 21 70 107 72 19 102 102 19 42 55 72 19 19 6 105 143 113 102 113 58 72 55 72 102 72 19 102 31 106 72 48 85 72 37 102 102 37 55 
103 58 58 125 79 141 27 134 108 113 37 137 32 32 103 105 55 141 55 72 107 7 71 76 137 137 4 134 137 27 76 135 59 33 16 33 16 93 137 114 66 80 14 38 70 137 
103 102 57 143 31 102 80 71 107 7 21 102 102 102 55 1 31 102 58 58 72 91 55 111 58 58 72 55 72 102 21 17 17 21 102 72 55 55 72 55 32 113 92 55 141 46 37 83 58 55 79 125 55 12 134 134 134 94 94 115 134 48 27 57 14 117 70 66 8 134 71 109 59 38 11 12 55 21 125 141 31 37 125 102 37 143 102 143 31 102 113 111 55 42 92 12 72 
90 37 102 102 102 72 102 8 17 21 102 111 111 102 72 19 19 36 111 72 55 105 37 32 83 48 48 35 94 48 55 55 55 19 102 150 7 81 102 72 71 137 116 143 48 57 137 102 102 134 134 70 60 70 109 25 70 27 93 129 66 16 80 71 66 66 129 31 141 126 58 113 112 23 106 31 32 113 83 83 37 87 58 55 94 37 85 79 31 143 72 46 58 141 102 102 31 111 
67 71 133 137 4 93 134 37 137 16 144 80 38 133 129 129 14 59 59 107 66 150 
102 102 102 102 102 150 7 107 27 79 108 58 85 113 145 87 119 94 31 46 140 55 55 105 113 102 102 19 105 116 125 36 58 149 28 143 113 32 102 94 126 1 55 25 62 54 80 31 85 27 134 85 48 76 76 14 59 59 70 117 144 60 70 139 60 14 143 103 143 55 37 85 106 142 83 28 141 143 106 113 72 58 102 19 6 13 143 79 113 145 12 145 113 106 141 141 32 105 90 31 55 31 143 37 
85 102 125 94 85 77 102 102 102 102 116 116 134 27 93 135 93 133 107 70 59 100 107 115 70 74 133 70 102 113 23 111 55 79 83 28 102 111 28 19 102 113 36 46 1 102 1 145 32 90 103 83 94 102 94 31 94 143 36 79 79 37 48 143 83 1 105 31 1 149 125 125 23 102 61 25 115 102 102 134 134 125 125 134 66 54 11 99 21 32 112 36 141 
46 108 28 142 142 75 90 103 31 102 102 102 102 94 55 129 39 66 129 102 102 105 58 105 31 6 31 31 19 31 36 142 94 37 83 102 109 7 150 19 72 102 72 72 1 79 143 32 113 87 149 83 85 143 88 141 31 134 114 49 60 4 48 115 134 37 137 134 111 67 11 137 103 94 134 134 32 23 
36 92 23 149 106 95 79 94 36 102 19 12 102 125 108 103 102 37 105 113 113 113 58 46 32 103 32 12 72 72 55 37 32 102 7 107 102 102 72 55 55 12 79 55 23 102 12 83 87 143 37 106 103 94 143 106 85 94 102 81 102 102 19 85 134 48 85 116 48 116 134 11 8 99 134 134 134 141 72 108 149 19 126 10 
94 79 140 141 141 102 19 28 28 79 105 58 79 23 126 113 19 12 12 103 31 58 105 55 1 79 37 58 94 102 125 83 113 83 113 90 143 46 105 113 83 81 102 17 109 57 27 134 134 4 85 57 117 74 54 134 134 103 141 141 105 23 36 113 
112 87 113 75 140 31 94 85 102 94 85 76 80 19 55 67 150 150 76 105 58 105 102 32 72 102 72 58 58 36 46 58 145 31 102 102 102 102 102 102 102 113 58 55 93 149 103 116 87 31 85 92 83 143 95 125 125 79 79 
55 31 71 39 80 31 116 48 134 85 85 83 107 39 76 134 137 27 37 12 1 111 92 113 110 141 143 141 4 4 37 92 126 83 37 125 125 79 79 102 141 55 32 103 1 127 113 113 58 111 83 103 48 137 102 129 3 81 102 83 37 
21 111 111 72 55 31 19 12 28 1 79 141 94 125 55 143 79 102 83 141 31 102 150 8 59 80 94 85 4 4 48 137 134 83 71 49 
134 103 90 31 143 1 12 105 127 111 1 103 90 145 55 102 19 28 28 37 79 113 19 28 28 92 23 145 103 113 31 102 125 1 58 141 125 143 95 94 106 31 90 142 106 141 94 102 141 37 94 31 80 62 98 16 
137 134 134 134 134 134 134 99 54 81 16 79 79 37 141 124 113 37 77 12 119 94 125 103 31 94 102 102 102 102 102 102 80 98 120 59 137 55 143 105 12 72 55 23 32 141 126 149 85 27 55 19 102 102 102 113 113 46 141 103 94 143 36 75 83 106 140 79 79 95 
103 141 36 44 126 94 134 134 134 134 134 76 25 62 71 134 85 113 36 106 12 1 83 77 87 105 143 125 79 36 46 103 31 79 102 125 113 141 106 46 108 87 113 58 83 103 37 21 55 12 102 8 17 21 102 72 55 94 31 126 113 113 
35 87 105 55 31 90 125 94 79 79 83 94 102 113 23 34 95 102 48 27 134 116 4 48 80 99 5 21 94 113 94 31 113 36 19 75 111 55 141 85 79 92 83 83 112 113 12 28 119 149 103 55 143 113 113 90 31 90 113 113 143 72 105 79 125 72 21 39 80 102 134 134 134 134 80 15 68 134 113 
83 111 87 75 111 83 142 83 105 102 102 102 102 102 80 39 16 102 79 83 58 108 108 111 58 113 95 116 79 102 113 58 72 72 113 141 140 140 111 36 37 108 55 103 37 24 102 116 48 48 134 134 134 66 25 94 95 106 75 1 75 75 83 106 79 143 103 58 94 94 141 31 106 149 
113 36 106 141 83 55 105 113 102 102 102 113 87 108 55 46 31 32 124 141 113 55 125 90 143 37 143 143 143 77 102 102 116 116 102 4 85 48 63 134 31 103 83 83 145 127 119 145 31 55 142 83 
10 37 103 127 111 65 58 141 113 32 143 141 141 31 90 141 142 103 105 105 90 105 37 102 125 68 146 27 102 102 102 134 134 134 134 134 80 3 134 145 31 28 23 12 32 111 75 31 1 32 102 102 102 76 25 11 102 102 102 19 58 58 83 28 145 141 58 102 
102 113 36 46 36 1 46 83 58 1 90 79 94 102 47 115 102 134 134 134 117 61 93 55 83 19 87 112 149 19 113 83 4 79 105 141 126 55 58 19 142 37 144 121 68 19 46 103 72 19 58 12 55 
79 143 143 85 31 36 53 6 85 134 134 116 134 117 25 25 115 134 141 111 105 12 46 31 113 55 19 19 12 72 28 113 102 19 28 111 102 72 
92 28 111 102 37 105 113 113 105 79 103 31 83 37 125 55 31 79 102 113 113 87 31 125 12 55 79 125 137 55 107 62 68 93 76 27 134 134 134 134 134 
80 7 21 107 55 55 83 92 106 106 132 23 145 36 37 102 102 102 102 102 102 80 15 71 71 94 83 32 31 126 12 58 113 113 58 111 72 102 102 102 72 102 8 8 102 72 21 31 31 31 
108 72 90 125 31 58 145 83 149 125 94 106 140 31 94 105 83 53 20 113 102 125 116 48 134 79 48 137 134 80 3 107 72 111 126 31 113 10 113 58 112 
145 111 149 105 103 58 126 103 85 125 31 79 48 105 75 31 55 12 55 126 149 83 46 103 48 31 102 109 7 102 72 21 137 79 28 55 31 36 113 19 12 72 83 
106 140 79 125 141 103 94 103 79 27 79 113 19 40 23 31 79 116 134 134 116 116 125 48 66 3 21 55 83 105 4 103 75 142 28 23 106 31 79 125 103 113 
113 102 19 6 19 92 111 37 37 55 141 141 145 113 83 103 125 37 103 32 79 143 111 143 90 37 36 108 116 16 134 91 25 8 70 76 134 
4 48 115 134 134 99 7 134 72 55 83 31 113 35 83 36 58 10 58 134 94 145 79 94 31 143 93 80 102 150 7 27 125 83 113 113 75 58 83 19 102 
113 10 55 79 105 31 102 102 102 71 102 58 72 55 103 105 36 12 126 145 32 141 85 4 102 102 12 102 48 137 27 125 79 27 115 99 67 21 55 83 31 94 58 58 145 112 126 10 31 143 
90 37 72 48 27 108 106 102 79 58 143 32 46 145 72 127 108 1 36 105 102 31 19 102 
102 102 102 102 12 55 37 103 83 28 58 32 106 140 125 79 1 37 94 32 102 107 71 15 70 102 4 134 134 134 80 
76 128 109 93 55 143 106 126 125 87 87 141 32 105 37 1 28 12 137 102 83 58 32 55 111 28 19 132 83 31 83 31 31 1 55 103 31 37 113 103 90 83 1 83 149 125 102 31 103 79 102 76 11 8 129 114 115 102 134 134 
134 134 134 134 11 49 76 79 103 58 134 112 142 55 126 35 83 143 143 94 103 113 113 94 37 137 80 102 102 150 8 62 93 37 36 32 55 12 111 58 58 83 113 55 55 58 102 71 102 102 102 72 92 111 125 37 55 72 113 1 28 108 113 140 141 105 125 125 1 72 55 17 61 80 134 134 85 4 4 116 134 11 81 7 72 125 125 108 36 28 1 87 124 72 31 141 145 90 92 
12 125 48 90 113 94 113 36 149 106 55 19 58 112 145 137 105 102 59 8 150 19 31 79 111 72 1 31 111 36 126 28 83 36 79 125 1 79 90 72 94 102 102 102 102 77 102 48 137 
134 116 125 125 79 76 11 8 11 59 125 141 143 112 106 72 19 87 112 134 143 140 103 19 35 103 55 92 102 113 23 28 92 12 72 37 55 103 90 32 113 113 83 102 85 55 95 145 31 31 103 46 103 79 106 90 125 72 81 107 7 16 27 134 27 134 85 134 80 134 99 67 76 48 94 58 19 28 141 126 127 
112 106 141 143 125 27 94 141 37 137 80 150 15 16 27 103 113 58 111 55 12 19 113 113 83 72 1 58 102 114 107 102 102 102 113 58 55 55 113 83 113 113 127 83 140 94 141 31 79 37 71 11 
61 134 102 48 48 134 80 68 25 59 134 31 55 46 111 36 36 124 141 141 55 125 79 103 37 103 31 102 31 28 72 103 58 23 108 113 102 27 32 102 81 7 102 85 4 87 58 31 102 126 58 106 58 141 141 140 85 37 90 4 125 36 113 80 54 68 93 57 134 116 79 134 137 
76 80 61 11 71 58 90 94 105 113 28 126 127 32 79 143 105 19 23 36 145 31 102 102 19 12 111 77 72 72 83 85 143 31 102 31 36 142 103 55 79 125 141 145 113 142 55 103 31 31 58 31 31 141 83 19 8 8 150 102 102 102 134 134 
134 134 134 99 67 21 107 55 55 55 132 111 83 36 75 142 105 113 94 105 72 102 102 102 102 102 102 102 102 102 150 67 102 137 125 105 113 113 126 28 102 72 19 113 58 111 103 141 58 102 102 102 19 40 12 19 113 58 55 125 83 106 4 103 142 83 
72 149 103 143 149 94 37 36 37 79 79 49 31 85 4 116 48 134 55 76 66 61 11 107 37 108 31 31 35 28 19 113 42 140 31 106 141 141 65 58 141 1 125 103 37 48 37 
32 145 37 79 28 106 36 58 111 113 95 102 59 55 19 102 102 19 111 125 37 55 55 28 125 143 10 111 83 85 149 143 90 143 37 90 79 55 94 102 31 36 91 6 28 37 48 134 134 134 116 
85 79 134 11 47 76 90 141 143 79 141 88 87 92 119 143 143 31 102 102 19 28 12 79 105 113 113 6 55 111 58 113 126 58 31 105 143 79 113 55 141 79 125 55 143 102 106 103 31 141 79 37 94 58 103 143 142 143 93 21 55 12 102 102 102 102 76 48 
4 31 134 134 150 8 25 72 32 79 105 10 72 55 145 36 87 58 36 142 12 94 94 113 102 102 102 102 102 102 102 80 61 62 107 111 55 79 92 31 31 42 55 55 79 31 92 83 46 1 102 31 105 102 102 102 19 12 102 102 
12 143 55 112 103 143 111 105 79 141 90 94 1 134 102 111 132 6 42 111 113 79 134 134 134 134 134 134 134 99 61 81 27 76 134 126 12 134 134 6 132 111 83 55 134 46 108 23 19 102 19 12 102 125 141 31 1 103 85 94 32 58 37 21 28 
103 55 92 102 113 35 55 93 102 12 102 107 102 102 102 102 19 12 102 107 111 12 79 105 58 126 23 31 143 58 143 125 125 85 103 103 125 145 125 125 105 31 102 102 80 134 85 143 94 48 48 4 134 66 54 11 80 57 4 37 32 28 83 
106 106 124 87 90 1 46 90 141 1 12 132 23 79 37 58 28 111 58 97 106 90 1 141 79 79 103 106 105 103 31 103 111 95 31 141 85 37 85 93 134 55 7 134 79 115 134 4 79 93 3 134 79 134 90 113 108 12 58 75 12 105 94 37 143 58 102 102 
102 102 102 102 102 80 49 101 102 12 79 83 94 79 119 87 140 126 108 94 111 102 102 102 19 55 137 87 145 105 36 95 106 111 95 94 103 46 21 5 76 102 102 85 116 134 27 134 99 25 12 32 134 19 35 126 112 23 145 58 58 102 143 79 79 85 79 32 102 113 53 103 83 
124 105 31 125 31 31 81 68 61 150 19 72 55 145 145 72 32 58 28 113 95 83 37 94 103 85 37 37 85 4 85 19 102 102 102 102 102 134 48 116 79 134 11 54 66 27 125 112 141 106 111 12 140 31 79 94 
91 19 150 8 150 19 28 28 19 19 12 111 83 83 88 83 113 143 141 75 141 143 141 141 37 103 58 103 94 143 36 95 103 55 93 3 80 134 134 134 134 134 76 14 121 21 145 37 105 19 149 83 28 149 106 31 103 
