161 156 145 145 183 153 19 43 49 100 82 55 83 89 153 50 50 50 50 54 24 164 116 62 167 15 181 66 169 37 172 101 106 60 85 155 79 106 66 116 50 37 147 108 66 116 74 139 180 
79 58 83 50 114 137 137 136 174 155 158 43 49 190 41 102 55 158 188 112 181 116 185 143 181 132 90 175 62 66 66 139 60 19 19 74 11 139 139 122 181 2 15 146 74 1 159 131 131 185 107 62 107 110 107 107 66 
145 156 114 114 137 137 136 27 27 130 164 155 100 84 82 135 158 9 84 34 162 37 151 112 37 107 132 132 101 112 112 59 132 48 48 112 162 143 127 74 139 167 25 131 139 68 74 137 137 184 109 75 65 145 174 137 137 65 153 33 54 189 89 60 184 92 118 51 100 48 139 107 84 155 33 44 43 139 127 139 132 147 147 66 116 165 165 22 74 60 164 44 164 79 
50 81 66 163 22 172 112 147 132 122 159 180 69 125 33 154 96 1 114 136 65 93 96 93 51 9 89 60 155 55 155 19 55 103 22 48 74 97 167 15 146 90 
181 132 169 139 130 44 50 54 109 74 101 142 15 97 112 169 181 106 48 69 73 165 122 137 13 137 109 110 119 27 137 69 60 136 137 137 137 137 65 189 148 17 189 88 100 82 189 88 31 123 87 101 146 152 162 97 22 76 143 68 116 162 137 95 60 156 174 145 161 141 9 75 182 
96 161 187 33 75 114 143 108 105 175 181 62 185 51 44 51 159 116 127 116 171 162 59 127 136 102 26 84 136 136 136 65 27 148 154 153 154 43 148 54 100 97 167 69 74 175 165 68 50 55 100 50 
165 162 152 66 116 127 159 114 48 18 119 65 136 137 65 125 95 
155 100 190 44 176 46 181 120 133 112 146 103 37 22 131 165 163 163 112 112 163 65 55 58 60 102 174 174 55 19 89 102 9 119 75 100 174 158 88 114 180 74 120 73 101 122 93 135 43 165 116 116 108 112 73 116 139 79 124 145 136 65 65 102 164 148 75 88 178 66 66 116 167 68 22 106 62 167 146 74 33 79 101 112 68 112 113 59 74 139 127 159 136 39 93 137 137 136 174 145 51 51 44 84 93 33 154 66 170 170 66 137 66 64 
169 165 101 62 116 74 167 68 122 62 73 69 122 62 127 131 142 
69 1 48 167 116 143 65 127 142 145 18 84 137 139 1 136 137 112 74 137 162 172 181 68 11 162 15 116 90 144 101 81 59 59 90 112 162 107 107 162 150 79 54 107 107 49 74 74 74 150 116 62 162 66 40 106 150 116 62 162 162 142 81 101 112 66 66 8 71 74 40 74 116 172 162 116 103 175 112 86 116 116 123 109 31 19 
84 136 131 180 65 34 12 12 66 162 142 147 162 162 108 2 111 142 106 60 60 181 144 22 22 162 162 142 81 73 22 132 162 162 112 66 66 137 137 54 24 19 79 8 145 137 147 62 1 142 64 74 15 64 68 74 112 143 139 137 137 137 137 137 107 162 181 60 54 107 107 162 
185 136 114 1 114 137 114 180 143 102 51 54 137 123 66 137 142 147 69 69 167 162 15 87 147 162 162 142 81 74 40 66 50 50 66 170 170 66 50 66 123 50 123 50 79 150 162 50 50 50 66 40 50 60 8 50 79 50 50 150 
162 50 66 74 55 50 170 50 79 150 150 50 25 66 50 137 66 40 74 74 74 49 147 60 5 54 137 137 137 162 116 93 137 62 102 100 137 162 150 79 44 13 54 137 137 137 137 137 137 137 137 137 66 123 137 123 66 137 66 40 106 40 86 116 127 150 106 112 74 
50 50 50 50 50 54 79 25 66 50 50 50 50 25 106 40 50 79 25 66 66 170 170 66 66 170 25 49 147 74 60 110 109 50 60 74 170 66 66 40 50 74 2 162 137 66 123 137 147 74 25 137 164 5 54 137 137 137 137 137 137 137 137 137 137 
137 137 137 137 54 13 44 79 25 66 137 66 170 170 66 137 66 40 106 40 66 137 66 170 25 49 147 74 25 50 50 66 123 49 25 150 50 25 66 50 50 50 66 170 
170 66 50 66 40 74 60 164 54 54 109 123 66 66 40 106 40 66 66 123 137 147 74 137 50 25 66 50 50 50 50 50 50 
50 50 50 50 50 50 66 116 145 65 1 127 161 100 137 137 137 137 137 137 137 54 13 54 137 137 54 79 25 66 66 40 106 40 66 
137 137 66 40 74 74 40 66 66 40 74 74 40 137 84 116 137 79 25 66 162 66 170 170 86 2 172 181 66 165 122 78 108 74 163 62 159 159 74 62 22 181 169 68 114 180 97 96 145 137 137 137 137 
137 174 136 137 145 41 17 126 17 41 153 161 82 13 51 75 180 1 50 50 50 50 50 181 159 127 68 116 116 147 157 11 74 62 106 60 85 49 181 162 1 48 74 74 101 
78 165 97 66 165 167 97 136 62 16 32 139 137 1 76 1 65 145 75 154 135 177 188 177 84 189 77 188 83 79 66 68 163 73 62 162 112 112 25 147 181 165 74 74 50 25 10 64 
142 48 172 147 116 15 86 73 15 162 62 122 185 1 180 139 50 50 50 50 50 50 137 136 174 145 89 19 82 125 60 41 19 44 130 60 177 79 149 66 50 50 66 8 74 149 66 66 12 22 62 162 50 162 37 106 74 149 50 149 66 50 116 59 106 65 1 106 69 50 50 69 74 
167 37 37 159 127 165 156 136 68 162 69 145 181 15 73 22 74 165 74 25 79 5 119 84 96 96 114 137 96 174 84 93 51 43 189 43 125 102 145 27 82 100 148 17 184 145 
73 50 84 62 116 50 100 119 79 5 60 50 50 50 74 101 116 50 37 37 149 123 74 150 37 37 106 74 25 50 60 110 110 60 50 25 74 74 25 74 181 162 86 74 165 144 48 112 142 74 127 180 74 147 137 137 137 139 143 102 136 136 174 41 148 153 184 82 13 137 119 43 51 17 44 40 74 60 180 165 116 69 180 50 48 62 50 62 116 50 162 150 74 8 86 40 106 
163 48 50 50 50 25 50 13 110 60 50 150 150 50 25 66 66 172 81 25 74 22 48 15 112 65 65 64 139 65 74 74 74 66 50 54 5 164 50 149 119 96 114 62 65 41 96 50 137 137 137 55 187 184 43 85 184 156 102 75 82 125 100 119 82 82 75 116 165 66 108 162 111 2 59 116 15 162 112 112 48 11 108 74 139 48 1 127 116 62 25 144 37 165 50 50 116 150 
42 119 176 145 114 102 137 48 96 189 190 100 17 176 75 75 95 51 51 79 82 54 
50 50 50 50 50 54 5 79 156 127 68 37 1 162 181 11 171 139 116 144 68 74 74 22 162 50 50 66 22 114 76 172 108 146 46 122 162 15 50 139 66 101 74 109 31 33 100 116 1 174 137 159 65 84 84 148 51 51 55 153 190 155 177 188 187 148 122 167 122 74 48 1 90 140 112 46 165 62 90 162 25 37 50 66 12 91 62 127 162 90 40 181 162 90 165 165 15 22 163 116 74 62 122 48 
1 50 159 143 1 128 50 50 50 50 114 114 136 174 102 93 102 176 79 177 51 9 79 102 177 178 130 55 50 162 2 150 74 127 112 170 50 150 170 66 50 162 172 144 101 50 101 181 15 163 73 112 139 50 139 116 143 62 132 127 127 48 65 62 112 101 22 116 101 146 180 180 2 50 24 85 102 50 50 137 137 159 159 137 82 33 44 54 60 181 111 172 165 
144 162 170 140 103 78 163 167 116 107 107 50 50 139 74 161 21 82 161 50 50 22 37 22 116 12 116 116 66 116 132 140 139 48 112 50 43 5 54 66 25 50 25 106 101 185 122 15 162 11 146 112 1 122 169 165 116 137 27 14 155 114 65 145 137 48 96 137 150 42 44 96 73 139 137 137 15 2 
172 86 2 146 90 97 127 139 172 50 66 40 50 180 68 167 50 48 22 162 162 162 108 144 181 73 15 40 25 106 74 48 181 50 5 79 50 50 25 74 74 40 185 74 2 50 40 112 11 122 48 90 73 139 62 59 1 143 107 164 107 107 66 1 107 136 1 114 65 114 137 44 13 54 137 137 137 165 25 68 146 66 66 53 
139 185 68 165 165 50 66 170 170 185 22 37 127 2 66 162 66 40 147 73 62 37 22 74 101 127 69 108 139 50 159 112 162 112 162 163 122 144 22 162 112 49 50 110 43 84 174 136 136 114 159 84 153 83 33 137 137 167 165 165 22 2 172 162 
111 151 162 169 68 116 139 1 107 139 1 84 100 66 74 42 54 54 84 22 37 22 50 181 106 50 106 37 37 172 144 108 181 116 50 50 50 50 50 50 50 162 142 74 102 146 73 114 11 62 1 86 112 122 97 76 180 127 127 
74 116 119 21 100 116 137 136 137 1 1 112 79 21 84 137 96 156 48 147 101 81 86 162 104 165 122 165 1 114 48 86 66 112 48 159 159 127 127 107 165 74 181 167 101 87 162 162 37 81 112 73 65 145 50 161 28 164 50 112 69 
60 150 150 25 74 116 66 40 46 101 185 165 143 76 74 122 76 107 112 165 116 107 54 13 51 100 139 1 1 114 136 183 137 112 119 179 
137 73 163 116 122 101 40 22 87 175 101 167 163 181 74 50 66 170 170 69 127 162 66 170 170 86 2 181 167 162 116 50 159 101 108 165 76 122 97 143 90 116 131 140 90 165 139 137 165 48 143 116 100 31 57 189 
96 137 137 137 137 137 137 54 33 158 125 127 185 48 165 113 162 48 128 147 171 143 159 73 116 139 107 107 107 50 50 50 100 57 135 51 145 74 62 22 147 106 74 2 15 165 66 146 1 174 74 66 137 137 50 162 162 144 165 73 139 122 132 169 112 90 68 127 185 97 
167 165 172 6 66 139 137 137 137 137 137 84 85 31 119 137 1 162 132 59 147 101 112 128 175 22 122 180 127 172 144 167 167 127 50 159 162 165 59 144 68 11 162 37 112 167 69 60 74 40 50 13 110 60 50 25 74 139 116 66 162 162 
64 175 22 74 116 131 76 139 185 185 112 139 107 162 2 56 97 107 136 156 137 114 1 136 100 54 18 60 139 162 139 116 162 172 152 78 81 74 165 159 127 86 112 112 111 162 147 46 171 146 73 74 62 162 162 131 62 163 162 162 122 25 22 185 180 25 60 21 100 137 137 137 137 137 100 4 19 137 162 
112 150 175 169 150 112 140 112 22 107 107 107 50 50 100 21 125 50 127 112 108 68 68 150 37 162 97 114 127 50 162 142 106 106 162 165 68 15 175 172 48 68 74 167 48 7 50 50 136 136 137 137 137 82 85 139 97 59 78 101 78 78 112 59 127 62 167 108 139 139 165 116 90 146 
162 132 90 165 112 74 22 162 50 50 50 162 11 68 74 144 116 15 113 165 162 74 76 163 122 69 122 122 62 128 107 107 114 114 137 114 1 136 126 136 62 167 112 112 181 87 171 181 116 74 133 112 
53 69 167 87 81 105 37 165 162 15 122 165 165 116 163 165 140 73 22 22 163 22 69 50 180 19 39 156 50 50 137 137 137 137 137 137 100 28 137 181 116 170 2 40 15 150 78 116 101 15 107 107 50 84 85 44 50 50 50 66 108 37 112 46 181 165 37 50 
50 162 172 144 172 101 144 112 142 101 163 185 143 50 30 102 137 137 137 137 153 117 102 74 112 152 151 111 146 66 162 112 114 127 22 165 66 74 108 152 140 48 190 58 19 66 144 167 25 66 37 40 74 
185 122 122 159 62 132 32 173 1 107 137 114 136 153 85 85 102 137 165 81 22 40 106 116 162 74 66 66 40 106 170 162 50 66 170 150 107 149 
86 170 150 107 48 22 162 162 22 127 73 116 112 69 180 74 116 185 50 162 162 151 62 159 147 74 127 180 145 74 79 31 19 102 84 174 137 137 137 137 137 
100 5 60 79 74 74 112 86 90 59 99 2 181 132 48 50 50 50 50 50 50 100 4 119 119 139 112 15 116 66 147 37 162 162 37 81 25 50 50 50 25 50 13 13 50 25 60 116 116 116 
68 25 163 159 116 142 181 112 146 159 139 90 68 116 139 22 112 32 23 162 137 159 114 136 137 185 65 96 137 100 28 79 25 81 66 116 162 53 162 108 111 
181 150 146 22 73 37 66 73 1 76 116 127 65 22 169 116 74 40 74 66 146 112 144 73 65 116 50 43 5 50 149 60 145 127 170 74 116 172 162 66 40 106 112 
59 68 185 180 165 167 139 73 76 156 127 162 66 10 2 116 185 114 136 137 114 114 180 65 82 28 60 74 112 22 114 73 78 103 170 2 59 116 185 76 73 162 
162 50 66 12 66 86 81 69 69 74 165 165 181 162 112 167 180 48 167 15 127 62 175 122 131 69 132 68 114 125 137 123 109 13 55 84 137 
114 136 102 137 137 54 5 137 25 74 112 116 162 64 112 172 142 53 142 137 139 181 127 139 116 62 102 100 50 54 5 156 180 112 162 162 169 108 112 66 50 
162 53 74 127 22 116 50 50 50 119 50 142 106 74 73 22 132 147 66 181 15 165 1 1 137 137 147 137 136 183 174 159 127 156 102 54 42 60 74 112 116 139 108 108 181 111 66 53 116 122 
163 48 106 65 156 68 59 50 185 37 62 181 144 181 149 87 68 101 172 22 50 116 66 50 
50 50 50 50 40 74 69 167 112 46 108 181 59 68 76 185 101 48 143 181 107 79 119 4 184 107 1 136 137 137 100 
84 89 43 102 74 122 59 66 76 11 11 165 15 22 48 101 170 40 145 107 112 37 181 74 150 170 66 99 112 167 112 116 116 101 74 167 116 48 162 73 131 112 101 112 146 159 50 116 73 127 107 84 44 13 161 27 102 137 137 137 
137 137 137 137 44 179 84 127 73 142 137 111 140 74 66 64 112 122 122 139 167 162 162 139 48 96 100 50 50 54 13 31 102 48 172 15 74 40 81 37 37 112 162 74 74 142 50 119 50 50 50 25 86 150 180 69 74 106 162 101 46 68 162 68 165 22 76 159 101 106 74 110 24 100 137 137 1 1 114 114 137 44 164 5 106 76 180 162 132 46 101 11 113 106 116 165 181 131 86 
147 180 136 131 162 139 162 172 146 90 74 66 37 111 181 145 22 50 51 13 54 66 116 127 150 106 101 116 150 132 66 170 112 132 127 180 101 185 131 25 139 107 107 107 107 128 107 65 145 
136 114 180 159 127 84 44 13 44 51 180 165 122 111 90 25 152 151 111 137 122 15 73 66 64 73 74 86 50 162 2 170 86 40 106 69 74 73 163 15 162 162 112 50 1 74 97 181 116 167 167 144 73 127 90 131 159 106 49 79 5 125 174 137 174 137 159 136 100 137 54 42 84 136 139 142 66 170 165 66 87 
111 59 165 122 159 156 143 165 48 96 100 54 4 125 156 167 162 108 81 74 40 66 162 162 112 106 101 142 50 27 79 50 50 50 162 142 74 74 162 112 162 162 87 112 68 139 165 116 185 69 119 44 
24 137 137 65 136 137 100 19 85 51 137 116 74 144 175 132 132 113 165 165 74 76 127 167 48 167 116 50 116 46 149 167 37 2 68 162 50 156 181 50 164 5 50 1 114 11 108 116 50 66 108 59 37 165 165 15 159 48 163 114 180 172 162 100 33 19 102 41 136 137 127 137 96 
84 100 24 44 119 108 131 139 22 162 46 66 87 15 185 122 22 66 2 172 181 116 50 50 66 40 81 128 106 106 112 1 62 116 50 116 132 140 167 74 127 159 165 181 162 140 74 167 116 116 142 116 116 165 112 66 13 13 54 50 50 137 137 137 
137 137 137 54 42 60 79 74 74 74 99 81 112 132 78 103 22 162 139 22 25 50 50 50 50 50 50 50 50 50 54 42 50 145 180 22 162 162 66 170 50 25 66 162 142 81 73 165 37 50 50 50 66 10 40 66 162 142 74 180 112 59 114 167 103 112 
106 146 167 122 146 143 69 172 48 127 185 179 116 1 114 114 65 136 74 84 82 24 44 79 48 162 116 116 64 170 66 162 8 68 116 90 165 165 105 108 165 101 180 167 48 136 69 
15 181 69 127 46 59 132 108 81 162 97 50 51 74 66 137 137 66 150 180 69 74 74 170 180 131 53 81 112 1 146 62 131 122 69 131 185 74 139 107 116 172 123 12 46 48 136 136 137 137 114 
159 127 137 44 30 84 131 165 122 185 165 169 151 86 171 122 122 116 50 50 66 170 40 127 22 162 162 12 74 150 37 162 66 37 116 22 62 185 162 74 165 76 180 74 62 50 59 73 116 165 127 48 139 108 167 122 103 122 102 60 74 147 50 50 50 50 84 65 
1 116 137 137 54 13 109 106 181 127 22 53 25 74 181 132 175 108 132 103 147 139 143 162 107 107 107 107 107 107 107 100 24 31 79 81 74 185 86 116 116 8 74 74 127 116 86 112 144 101 50 116 22 50 50 50 66 40 50 50 
147 62 74 111 73 122 175 22 185 165 163 139 101 137 137 81 99 12 8 150 162 185 137 137 137 137 137 137 137 54 24 164 156 84 137 66 147 137 137 12 99 81 112 74 137 144 68 2 66 107 66 40 107 180 165 116 101 73 1 143 15 37 69 60 170 
73 74 86 50 162 64 74 102 50 40 50 79 50 50 50 50 66 40 50 79 150 40 127 22 37 66 2 116 62 37 131 76 159 1 73 167 180 181 76 159 22 116 107 107 100 136 1 122 143 136 136 114 136 82 33 44 100 41 114 48 15 170 112 
90 59 113 175 163 101 144 131 165 101 147 99 2 185 69 142 170 81 142 120 59 131 101 165 143 127 167 90 22 167 116 73 150 97 116 165 1 48 1 102 137 74 5 137 185 102 136 114 127 102 28 137 127 137 163 162 68 147 108 78 147 22 139 69 122 108 107 107 
50 50 50 50 50 100 14 88 50 40 127 112 139 185 171 151 68 66 68 139 150 50 50 50 66 74 145 11 181 22 132 97 90 150 73 143 73 144 60 18 84 50 50 1 114 136 174 137 54 109 147 15 137 66 64 66 111 2 181 142 142 107 122 127 185 159 127 15 50 162 32 73 112 
113 22 116 180 116 116 164 19 24 54 66 149 74 181 181 25 181 37 46 162 73 112 69 143 73 159 48 69 159 114 1 66 107 107 107 107 107 136 136 137 185 137 44 33 82 156 180 111 165 90 150 147 15 116 127 139 
123 66 54 13 54 66 170 170 66 66 40 81 112 112 169 112 162 62 165 169 165 122 165 165 48 167 37 73 139 62 132 97 73 74 102 28 100 137 137 137 137 137 84 148 58 60 181 48 22 66 146 112 170 146 59 116 167 
