37 35 35 35 35 37 27 42 44 23 11 23 44 42 37 4 4 4 4 11 12 44 31 31 31 24 24 18 20 18 1 24 1 37 17 21 36 1 18 31 4 18 20 18 18 31 31 49 49 
36 7 44 4 4 4 4 4 35 21 44 42 44 36 38 38 23 44 11 1 24 31 49 49 24 1 24 18 31 18 18 49 37 27 27 31 18 49 49 49 24 14 24 18 31 4 49 49 49 49 4 31 4 7 4 4 18 
35 35 4 4 4 4 4 37 37 36 44 21 23 38 11 44 44 36 38 19 24 18 20 1 18 4 1 1 24 1 1 24 1 49 49 1 24 49 49 31 49 31 1 49 49 24 31 4 4 23 17 37 35 35 35 4 4 35 37 40 11 36 42 37 23 33 21 36 23 49 49 4 38 21 40 27 42 49 49 49 1 20 20 18 31 31 31 31 31 37 44 27 44 36 
4 18 18 49 24 1 1 20 1 49 49 49 49 36 40 11 35 4 4 4 4 38 35 38 36 36 42 37 21 23 21 27 23 1 31 49 31 31 31 24 18 24 
24 1 20 49 36 27 4 11 17 31 24 18 24 31 1 20 24 1 49 49 31 31 49 4 32 4 17 7 11 37 4 49 37 4 4 4 4 4 35 36 21 11 36 11 23 11 36 11 17 34 47 24 18 18 24 31 31 49 49 24 31 24 4 21 37 35 35 35 37 42 36 37 40 
35 37 21 40 37 4 49 18 13 18 24 31 49 36 27 36 49 31 49 31 47 24 24 49 4 35 6 38 4 4 4 35 37 21 11 37 11 42 21 11 23 31 31 49 31 18 31 24 4 23 23 4 
31 24 18 18 31 49 4 4 49 29 11 35 4 4 4 36 21 
21 23 36 27 23 45 24 14 1 1 18 1 18 31 49 31 49 49 1 1 49 35 23 7 37 38 35 35 23 27 42 35 36 21 23 23 35 44 11 4 49 31 14 31 24 49 38 44 42 31 31 31 18 1 31 31 49 36 40 35 4 4 4 38 44 21 37 11 44 18 18 31 31 24 24 1 31 31 18 31 40 36 24 1 24 1 45 24 31 49 49 49 4 7 38 4 4 4 35 35 36 36 27 38 38 40 11 18 45 45 18 4 18 34 
20 31 24 31 31 31 31 24 49 31 31 49 31 31 49 49 18 
49 4 49 31 31 49 35 49 18 35 29 38 4 49 4 4 4 1 31 4 24 1 24 24 18 24 24 31 24 1 24 18 24 24 24 1 24 4 4 24 18 36 11 4 4 44 31 31 31 18 31 31 24 18 20 1 18 31 31 24 24 18 18 24 1 18 18 39 48 31 20 31 31 1 24 31 1 18 1 14 31 31 34 17 17 27 
38 4 49 49 35 19 3 3 18 24 18 20 24 24 18 14 20 18 1 37 37 24 1 31 31 24 24 18 18 31 31 1 24 24 1 18 18 4 4 11 12 27 36 39 35 4 20 31 4 18 34 31 24 34 24 31 1 49 49 4 4 4 4 4 4 24 24 37 11 4 4 24 
49 4 4 4 4 4 4 49 49 35 36 11 4 34 18 4 18 20 49 49 31 24 24 47 20 24 24 18 18 31 20 18 4 4 18 45 45 18 4 18 34 4 34 4 36 18 24 4 4 4 18 20 4 37 39 4 36 4 4 18 
24 4 18 31 23 4 45 4 36 18 18 4 1 18 4 4 18 20 31 31 31 44 20 37 2 11 4 4 4 24 31 38 4 31 35 23 4 24 18 36 27 32 11 4 4 4 4 4 4 4 4 4 18 34 4 34 18 4 18 20 1 20 14 31 49 18 1 1 31 
4 4 4 4 4 11 36 1 18 4 4 4 4 1 1 20 4 36 1 18 18 45 45 18 18 45 1 44 20 31 37 7 17 4 37 31 45 18 18 20 4 31 14 24 4 18 34 4 20 31 1 4 44 2 11 4 4 4 4 4 4 4 4 4 4 
4 4 4 4 11 32 27 36 1 18 4 18 45 45 18 4 18 20 1 20 18 4 18 45 1 44 20 31 1 4 4 18 34 44 1 18 4 1 18 4 4 4 18 45 
45 18 4 18 20 31 37 44 11 11 17 34 18 18 20 1 20 18 18 34 4 20 31 4 4 1 18 4 4 4 4 4 4 
4 4 4 4 4 4 18 31 35 35 4 49 37 23 4 4 4 4 4 4 4 11 32 11 4 4 11 36 1 18 18 20 1 20 18 
4 4 18 20 31 31 20 18 18 20 31 31 20 4 38 31 4 36 1 18 24 18 45 45 14 14 1 24 18 31 49 20 18 31 49 31 4 49 31 31 24 24 20 24 4 49 31 35 35 4 4 4 4 
4 35 4 4 35 38 11 32 11 38 37 37 11 32 36 37 49 4 4 4 4 4 4 24 49 49 24 31 31 20 34 18 31 31 1 37 17 44 24 24 4 49 31 31 24 
20 31 31 18 31 31 31 4 31 43 34 49 4 4 49 4 4 35 37 11 44 23 11 23 38 36 7 11 44 36 18 24 49 31 31 24 1 1 1 20 24 31 31 31 4 1 28 34 
18 49 1 20 31 24 14 31 24 24 31 49 49 4 49 49 4 4 4 4 4 4 4 4 35 35 42 27 11 36 37 38 27 27 23 37 23 36 1 18 4 4 18 39 31 1 18 18 3 31 31 24 4 24 18 1 31 1 4 1 18 4 31 24 1 35 4 1 49 4 4 49 31 
31 18 18 49 49 31 35 4 24 24 49 35 24 24 31 31 31 31 31 1 36 2 11 38 35 35 4 4 35 35 38 38 36 42 36 42 36 38 35 37 11 23 21 11 23 35 
31 4 38 31 31 4 23 11 36 2 37 4 4 4 31 24 31 4 18 18 1 34 31 18 18 18 1 31 1 4 37 7 7 37 4 1 31 31 1 31 24 24 14 31 31 1 49 1 18 31 49 49 31 20 4 4 4 49 49 35 4 4 35 38 21 37 23 11 32 4 11 42 36 11 27 20 31 37 49 31 31 49 49 4 49 31 4 31 31 4 24 18 31 39 14 20 1 
49 49 4 4 4 1 4 32 7 37 4 18 18 4 1 18 18 1 18 1 31 31 49 24 1 4 35 34 49 35 31 31 31 18 4 11 2 44 4 1 11 35 4 31 35 38 35 4 4 4 4 23 21 23 42 17 23 35 38 37 11 36 23 11 11 11 37 31 31 18 18 24 20 14 24 31 24 24 1 1 49 18 18 31 49 49 4 49 31 31 1 1 18 31 4 4 31 18 
29 11 23 35 4 38 4 49 35 36 36 23 11 23 37 37 21 36 36 36 11 11 
4 4 4 4 4 11 2 36 35 49 24 18 4 24 24 18 47 49 31 1 24 31 31 24 24 4 4 18 31 4 49 1 18 18 45 49 24 24 4 49 18 24 31 17 17 40 23 31 4 35 4 4 35 38 38 21 36 36 23 37 36 21 23 11 21 21 49 31 49 31 49 4 24 1 1 45 31 31 24 24 1 18 4 18 3 43 31 49 24 24 20 24 24 24 31 31 24 31 49 31 31 31 49 49 
4 4 49 49 4 39 4 4 4 4 4 4 4 35 35 38 38 23 36 23 36 36 36 35 23 44 23 23 4 24 14 18 31 49 1 45 4 18 45 18 4 24 1 1 24 4 24 24 24 49 31 1 49 4 49 31 49 31 1 49 49 49 4 31 1 24 31 31 24 18 49 49 14 4 12 17 35 4 4 4 4 49 49 4 11 40 27 11 37 24 20 1 31 
1 24 45 1 1 20 49 31 31 4 4 4 4 49 31 37 10 11 37 4 4 31 18 31 31 3 31 31 18 31 1 1 49 49 1 4 42 2 11 18 1 4 1 1 24 49 49 24 24 18 18 1 4 49 20 31 31 4 37 33 21 4 4 35 4 49 35 4 18 29 27 35 31 49 4 4 24 14 
1 14 14 18 24 31 49 49 1 4 18 20 4 49 24 31 4 49 24 24 24 24 18 1 24 31 24 20 1 1 31 49 24 4 2 36 4 4 1 31 31 20 49 31 14 4 20 1 18 49 49 24 31 49 31 24 4 49 4 44 4 4 18 4 4 4 4 4 35 4 4 27 32 11 4 4 4 31 1 24 18 18 18 13 
49 49 24 31 31 4 18 45 45 49 24 18 49 14 18 24 18 20 20 31 31 18 24 31 24 49 49 18 49 4 49 1 24 1 24 49 49 1 31 24 1 44 4 7 42 38 35 4 4 4 4 38 37 44 40 4 4 31 31 31 24 14 1 24 
20 20 24 20 24 31 49 4 4 49 4 38 23 18 31 29 11 11 38 31 18 31 4 24 1 4 1 18 18 1 1 18 24 31 4 4 4 4 4 4 4 24 18 31 35 18 31 4 18 31 4 14 1 49 31 49 49 49 49 
31 31 11 10 23 31 4 4 4 4 4 1 36 10 38 4 35 35 49 20 24 18 14 24 39 31 49 31 4 4 49 14 18 1 49 49 49 49 49 4 31 31 24 31 24 47 24 24 18 18 1 31 35 35 4 37 26 44 4 1 49 
37 18 18 1 31 31 18 20 45 24 49 31 49 49 31 31 49 4 1 31 31 4 11 32 36 23 49 4 4 4 4 35 4 1 11 33 
4 31 49 31 49 24 20 31 47 18 24 31 49 24 31 4 18 45 45 49 49 24 18 45 45 14 14 24 31 24 31 4 49 24 18 31 49 49 31 49 24 31 49 1 24 31 49 4 31 49 49 31 23 17 17 36 
35 4 4 4 4 4 4 11 40 44 36 49 49 49 31 45 24 49 39 20 47 49 49 31 31 49 4 4 4 4 4 4 23 17 44 36 35 31 31 24 20 1 31 14 24 31 18 18 4 35 31 18 4 4 4 24 24 1 31 31 49 49 1 20 1 24 24 49 49 31 
31 31 1 22 18 49 4 4 4 4 4 38 17 17 11 4 4 24 1 24 20 24 1 39 18 24 49 49 49 1 1 31 31 49 4 49 24 31 24 1 24 18 24 18 1 31 49 37 31 20 4 32 7 37 4 1 31 49 31 18 24 24 
34 18 31 31 31 49 49 49 49 49 1 49 4 24 14 16 31 4 4 35 4 4 4 4 23 11 29 37 49 24 49 31 24 1 18 20 18 31 31 4 49 14 1 1 20 24 20 45 47 18 31 31 31 24 24 49 31 49 24 24 49 1 24 49 49 1 37 10 23 4 4 4 4 4 23 15 27 4 24 
1 18 18 20 18 1 1 1 31 4 4 4 4 4 23 10 36 4 49 1 18 24 24 18 18 24 31 4 49 4 24 18 1 1 24 31 24 24 18 1 49 24 31 31 49 46 4 4 4 4 4 4 4 11 17 49 31 24 20 24 20 20 1 24 49 31 31 18 49 49 31 31 24 18 
24 1 24 31 1 31 24 24 4 4 4 24 18 24 31 1 31 24 45 31 24 31 49 49 49 49 31 49 31 39 4 4 4 4 4 4 4 4 32 4 31 31 1 1 24 47 47 24 31 31 1 1 
13 49 31 47 18 13 18 31 24 24 49 31 31 31 49 31 1 31 31 31 49 31 49 4 49 27 7 35 4 4 4 4 4 4 4 4 23 26 4 24 31 45 14 20 24 18 20 31 24 24 4 4 4 38 17 27 4 4 4 18 18 18 1 45 24 31 18 4 
4 24 1 1 1 24 1 1 18 24 49 49 49 4 29 35 4 4 4 4 37 12 35 31 1 18 20 20 18 18 24 1 4 49 31 31 18 31 18 18 1 49 36 7 27 18 1 31 1 18 18 20 31 
49 49 49 4 31 1 34 3 4 4 4 4 4 37 17 17 35 4 31 18 24 20 1 31 24 31 18 18 20 1 45 24 4 18 45 18 4 1 
14 45 18 4 49 24 24 24 31 49 31 31 1 49 49 31 31 49 4 24 24 20 31 49 20 31 49 49 35 31 36 17 27 35 38 35 4 4 4 4 4 
23 2 37 36 31 31 1 14 24 24 34 14 24 1 49 4 4 4 4 4 4 23 15 11 11 49 1 24 31 18 20 18 24 24 18 18 1 4 4 4 1 4 32 32 4 1 37 31 31 31 
24 1 49 49 31 18 24 1 18 49 49 24 24 31 49 31 1 34 48 24 4 49 4 4 4 49 4 35 4 23 26 36 1 18 18 31 24 13 24 18 20 
24 18 18 31 31 18 18 31 4 49 31 49 35 24 20 31 31 20 31 18 18 1 1 31 35 31 4 42 2 4 1 37 35 49 45 31 31 1 24 18 20 1 1 
24 24 49 49 31 31 49 31 49 35 49 24 18 28 14 31 49 4 4 4 4 4 49 35 11 26 37 31 1 24 4 31 20 1 45 14 24 31 49 49 31 24 
24 4 18 3 18 14 18 49 49 31 31 31 24 24 1 31 49 49 31 24 49 31 18 49 49 49 1 24 4 36 4 34 17 32 23 38 4 
4 4 35 4 4 11 2 4 1 31 1 31 24 34 1 1 18 13 18 4 49 24 49 49 31 31 35 23 4 11 2 35 49 1 24 24 20 18 1 18 4 
24 13 31 49 24 31 4 4 4 11 4 18 1 31 31 31 1 20 18 24 24 31 4 4 4 4 20 4 4 35 35 49 49 35 35 11 29 37 31 1 31 49 18 18 24 20 18 13 31 49 
49 49 1 35 35 24 24 4 49 18 31 24 1 24 1 47 24 24 1 31 4 31 18 4 
4 4 4 4 20 31 49 31 1 45 18 24 24 24 49 49 24 49 49 24 4 36 11 15 23 4 4 4 4 4 23 
38 42 42 35 31 49 24 18 49 18 18 31 24 24 49 24 45 20 35 4 1 18 24 31 18 45 18 34 1 31 1 31 31 24 31 31 31 49 24 31 49 1 24 1 18 49 4 31 31 49 4 38 27 32 37 37 35 4 4 4 
4 4 4 4 27 33 38 49 31 18 4 20 1 31 18 34 1 49 49 49 31 24 24 49 49 35 23 4 4 11 32 17 35 49 1 24 31 20 18 18 18 1 24 31 31 18 4 11 4 4 4 1 14 18 49 49 31 1 24 24 45 24 24 24 31 24 49 49 24 1 31 7 12 23 4 4 4 4 4 4 4 27 44 2 1 49 49 24 1 45 24 18 45 1 31 31 24 49 14 
20 49 4 49 24 49 24 1 18 24 31 18 18 20 24 35 31 4 36 32 11 18 31 49 18 1 24 31 18 1 18 45 1 1 49 49 24 49 49 1 49 4 4 4 4 39 4 35 35 
4 4 49 49 49 38 27 32 27 36 49 31 31 20 24 1 18 20 20 4 49 24 31 18 34 31 31 14 4 24 14 45 14 20 1 49 31 31 49 24 24 24 1 4 4 31 31 24 31 31 31 1 31 49 24 49 49 1 44 36 2 36 35 4 35 4 4 4 23 4 11 29 38 4 49 18 18 45 31 18 47 
20 24 31 49 49 35 49 31 49 35 23 11 15 36 35 31 24 18 18 31 20 18 24 24 1 1 24 18 4 37 36 4 4 4 24 18 31 31 24 1 24 24 47 1 24 49 31 31 49 49 11 27 
12 4 4 4 4 4 23 27 17 36 4 31 31 1 18 1 1 45 31 31 31 49 49 31 49 31 31 4 31 45 1 31 18 14 24 24 4 35 24 4 44 2 4 4 4 18 18 31 4 18 18 24 18 31 31 24 4 49 49 4 49 1 24 23 40 27 35 38 4 4 49 4 35 
38 23 12 27 11 18 49 49 24 24 45 18 47 24 49 49 31 18 14 1 24 31 4 4 18 20 18 39 1 1 1 4 31 31 4 31 1 1 31 31 49 49 31 24 24 1 31 31 31 31 18 31 31 31 1 18 32 32 11 4 4 4 4 4 
4 4 4 11 29 37 36 31 31 31 34 18 1 1 20 1 24 24 49 24 1 4 4 4 4 4 4 4 4 4 11 29 4 35 49 24 24 24 18 45 4 1 18 24 18 18 31 31 18 4 4 4 18 28 20 18 24 18 31 49 1 24 4 31 1 1 
1 18 31 49 18 49 49 1 49 49 49 33 31 4 4 4 4 4 31 38 11 12 27 36 49 24 31 31 34 45 18 24 39 24 31 24 31 31 13 18 31 24 49 31 49 4 49 
24 24 49 49 45 24 1 18 18 24 31 4 36 31 18 4 4 18 18 49 49 31 31 45 49 49 13 18 1 4 18 31 49 31 49 49 49 31 49 4 31 1 34 3 45 49 4 4 4 4 4 
4 49 4 27 29 38 49 31 49 49 31 20 20 14 47 49 49 31 4 4 18 45 20 49 31 24 24 3 31 18 18 24 18 18 31 24 31 49 24 31 31 49 49 31 31 4 24 31 31 31 49 49 49 18 31 49 1 49 35 37 31 20 4 4 4 4 38 4 
4 31 4 4 11 32 17 1 24 49 24 13 1 31 24 1 18 18 1 1 20 49 49 24 4 4 4 4 4 4 4 23 12 17 36 18 31 49 14 31 31 39 31 31 49 31 14 1 1 24 4 31 31 4 4 4 18 20 4 4 
20 31 31 20 31 49 18 31 49 31 49 49 24 4 4 18 34 3 39 18 24 49 4 4 4 4 4 4 4 11 12 44 35 38 4 18 20 4 4 3 34 18 1 31 4 1 24 14 18 4 18 20 4 49 31 31 24 31 4 49 24 18 49 37 45 
31 31 14 4 24 34 31 35 4 20 4 36 4 4 4 4 18 20 4 36 18 20 49 31 18 18 14 31 31 18 49 49 49 4 31 31 49 24 49 49 24 31 4 4 23 4 4 49 49 4 4 4 4 11 40 27 23 38 4 49 24 45 1 
24 24 45 18 49 24 1 49 31 24 20 34 14 49 49 18 45 18 18 14 24 49 24 31 49 49 31 24 31 31 31 31 18 31 31 31 4 49 4 38 4 31 2 4 49 35 4 4 49 35 26 4 49 4 49 24 24 20 18 20 20 24 49 49 49 18 4 4 
4 4 4 4 4 23 33 11 4 20 49 1 49 49 47 20 24 18 24 49 18 4 4 4 18 31 35 18 24 31 1 31 24 18 31 49 31 1 37 29 38 4 4 4 4 4 35 4 11 17 20 24 4 18 34 18 20 14 24 18 18 4 49 49 49 4 49 24 4 24 34 31 1 
45 31 31 49 31 31 44 27 12 11 18 1 31 24 24 1 24 18 45 24 31 1 49 49 31 4 49 49 4 4 4 18 4 4 4 4 4 4 4 4 49 4 27 40 11 35 49 20 31 24 18 20 24 31 49 49 
34 18 11 32 11 18 45 45 18 18 20 18 1 1 20 1 24 31 31 20 31 31 31 31 49 31 18 31 49 31 1 31 31 31 35 26 23 4 4 4 4 4 38 21 7 37 24 49 24 18 18 1 45 18 1 31 31 
