47 58 42 47 42 71 28 75 36 47 67 54 55 24 20 89 55 55 55 70 77 9 41 4 36 20 56 34 34 55 55 56 57 47 47 86 9 30 1 10 22 36 36 67 36 36 65 82 9 23 81 73 50 63 75 81 81 5 28 73 47 
56 34 54 86 47 86 68 25 56 56 56 1 10 5 5 83 50 77 57 89 59 90 17 55 90 56 86 58 47 36 42 58 81 90 26 24 47 58 36 36 82 82 67 9 9 81 31 50 31 28 9 9 83 28 76 55 36 86 55 34 25 59 55 54 77 58 30 47 77 77 58 47 25 56 17 58 58 55 90 90 47 9 86 87 10 23 76 9 82 36 81 67 65 9 
75 81 81 66 75 73 5 10 50 50 24 36 36 36 36 36 36 36 36 36 36 5 16 10 31 90 1 36 36 90 58 86 24 36 36 59 25 17 57 55 86 24 1 36 47 88 59 36 36 36 36 36 36 36 55 33 82 67 50 25 33 24 36 36 55 54 34 25 17 86 36 56 88 58 30 36 30 90 1 1 31 12 5 36 36 36 47 42 82 9 36 81 81 81 13 76 76 63 75 28 28 37 66 75 36 59 51 42 
47 86 47 36 47 17 55 20 88 89 56 1 33 55 36 36 36 36 10 36 57 1 1 89 56 17 55 51 90 47 86 86 90 77 42 90 51 36 36 36 25 50 36 25 24 36 5 31 1 24 36 36 36 36 36 36 36 36 36 36 81 10 50 31 83 31 31 83 29 31 28 75 85 33 20 55 36 55 34 25 20 55 24 52 1 47 58 86 
17 17 90 17 17 77 77 58 1 1 47 86 90 77 42 9 67 50 63 10 10 37 36 30 36 36 42 65 67 23 41 37 37 31 5 31 28 41 23 23 5 9 67 82 30 56 36 36 36 36 24 1 36 51 47 47 34 86 36 34 55 36 86 56 86 55 88 17 55 86 36 86 56 86 47 1 55 86 50 1 24 36 36 36 
24 1 36 1 1 55 54 36 54 55 55 89 34 77 34 54 54 55 47 77 55 47 30 
47 86 47 77 58 58 55 36 36 5 67 90 36 82 36 36 42 42 36 36 36 24 86 36 36 36 55 17 34 55 34 25 88 1 89 86 34 89 70 56 34 56 33 59 1 50 58 30 17 77 9 47 1 89 55 36 24 25 90 36 90 25 24 36 24 33 1 83 10 10 23 36 1 90 57 86 36 36 55 56 51 36 90 56 55 56 34 55 36 36 56 42 9 47 58 58 47 36 36 58 24 17 20 25 86 36 36 42 58 65 36 42 65 42 30 82 36 9 67 36 36 36 36 36 1 90 90 25 59 24 55 1 88 47 47 54 33 62 34 68 57 77 55 34 33 59 1 31 36 33 33 
24 36 24 52 36 52 24 36 36 36 86 70 33 36 36 
90 34 56 54 17 55 77 86 47 90 47 82 86 36 67 86 86 47 57 1 90 47 47 30 30 57 55 56 77 47 31 25 47 50 36 36 36 41 67 36 36 36 36 36 36 36 36 36 36 36 24 34 30 30 55 77 56 89 90 20 56 47 42 47 24 56 34 55 89 17 54 55 7 24 36 36 36 36 36 36 36 5 13 13 5 36 36 36 86 86 36 17 88 51 56 55 24 25 
51 34 67 90 36 41 72 83 1 50 67 24 90 17 34 34 17 56 57 77 34 55 55 55 36 36 86 34 50 31 12 13 75 55 86 81 36 30 36 42 67 81 36 36 36 9 75 83 87 31 63 83 31 75 31 37 83 13 37 31 83 36 58 47 30 17 24 25 25 55 30 82 50 90 14 10 87 47 47 86 56 68 57 88 34 86 34 58 58 42 42 
36 36 15 42 36 36 82 36 36 82 65 73 23 31 31 5 50 37 75 31 45 56 17 77 77 89 51 88 77 89 1 90 55 54 58 47 30 58 1 34 24 90 47 17 58 65 71 84 67 36 82 36 36 42 9 23 5 29 31 73 73 75 29 5 67 86 
55 36 36 36 5 13 29 83 36 36 36 36 1 24 24 48 1 34 55 36 36 24 25 36 31 51 1 14 16 36 7 86 86 24 24 1 36 51 51 36 1 36 31 1 24 24 1 31 36 33 51 36 1 24 36 36 36 36 86 42 30 42 65 9 36 36 36 81 29 41 75 75 14 25 87 76 76 5 
63 83 87 20 32 24 36 24 51 30 47 1 90 17 17 42 82 36 47 47 47 77 47 58 1 89 59 24 33 20 55 36 36 36 36 5 16 5 5 87 47 89 55 36 86 17 86 33 90 86 56 86 86 57 86 58 30 58 47 17 17 47 47 89 51 51 89 59 32 33 90 50 87 
30 42 9 65 36 36 36 36 67 73 9 36 81 13 10 29 76 87 23 31 31 75 10 63 83 31 50 55 57 24 24 20 90 9 90 56 55 24 33 51 1 85 1 1 24 86 36 86 86 42 56 77 36 1 
57 36 86 55 86 55 17 88 88 17 55 86 34 54 17 36 50 25 10 10 36 10 36 58 67 82 36 82 9 82 36 36 50 50 50 87 87 50 
50 83 29 31 87 75 36 42 29 81 47 17 55 34 47 47 60 17 77 88 86 86 47 40 65 82 67 83 31 28 90 50 65 42 90 90 55 57 59 20 
88 89 55 86 24 36 50 25 36 31 36 39 50 52 1 58 67 1 55 55 51 90 7 55 36 24 52 17 65 86 57 58 36 36 36 36 36 36 36 36 36 36 86 47 30 82 82 36 65 73 36 36 5 16 63 13 87 1 36 83 63 13 13 
81 86 24 36 24 33 1 83 48 20 20 55 55 33 1 20 86 47 25 56 89 55 58 90 55 90 55 57 56 70 55 90 34 36 42 24 36 86 58 36 36 82 82 65 67 23 50 76 72 16 63 13 36 36 36 36 
36 36 36 36 5 12 31 1 90 36 90 1 31 36 51 58 86 36 31 1 24 5 50 34 56 51 31 36 25 1 25 24 36 36 36 36 36 59 88 47 90 47 30 51 58 67 50 34 55 36 36 36 36 36 36 36 36 55 47 82 36 82 36 86 50 75 55 51 31 36 33 33 24 36 24 25 90 36 90 90 25 34 36 86 86 36 
36 36 86 90 90 58 17 51 1 1 24 36 36 36 36 36 36 47 17 36 9 5 36 47 17 81 9 36 36 81 28 75 23 50 50 75 36 36 67 67 36 65 67 36 23 13 37 36 5 66 23 65 65 82 65 9 82 9 9 86 31 77 57 54 84 30 77 57 90 86 47 58 31 10 82 36 36 65 84 37 76 33 
57 54 47 86 54 86 47 30 71 65 82 9 31 23 31 75 75 58 54 36 58 1 54 30 45 67 73 31 41 31 23 90 90 47 36 47 47 86 81 36 57 55 36 36 55 20 51 51 55 36 36 55 
51 36 36 90 25 83 90 36 41 41 36 90 83 1 54 50 1 24 36 36 24 1 90 52 36 47 57 24 36 36 36 36 86 34 47 58 1 36 25 50 36 1 36 1 24 36 36 36 36 36 36 24 52 14 75 36 36 36 36 36 36 36 36 36 36 36 36 36 36 36 36 82 82 36 86 36 36 36 36 36 36 36 36 75 67 9 83 87 5 36 42 65 65 36 9 73 36 50 37 37 23 23 31 50 75 37 67 50 67 82 50 73 67 50 47 9 31 76 36 36 36 59 51 86 51 24 24 52 83 1 51 36 36 90 57 86 36 36 36 86 34 86 90 77 90 51 58 
86 36 81 86 59 90 23 36 25 86 90 36 25 50 36 51 58 54 55 36 36 36 36 36 55 34 90 36 36 51 51 31 36 25 24 36 36 36 36 36 36 36 36 36 36 36 36 36 36 36 36 75 41 50 36 83 9 9 9 36 9 9 58 36 13 31 83 63 13 41 75 36 36 36 36 36 36 9 9 47 36 13 25 5 50 75 81 86 36 41 13 5 36 36 36 36 36 24 25 1 90 83 52 24 36 24 52 36 52 24 5 31 1 36 4 83 65 9 90 56 55 36 36 36 59 25 56 55 36 36 86 57 90 1 90 36 90 25 36 31 36 36 24 58 65 67 36 17 
36 82 9 75 36 36 75 13 50 50 83 36 86 50 75 36 36 36 75 28 37 76 5 63 50 9 83 31 84 50 36 
31 5 23 23 47 70 42 87 73 55 68 58 42 36 64 36 36 65 13 23 28 76 34 17 77 47 86 
57 77 42 3 82 82 81 31 23 37 50 75 36 36 36 36 36 36 5 16 63 87 90 55 55 36 55 25 90 77 90 51 24 36 24 25 1 51 58 86 36 10 36 36 36 36 1 1 1 31 1 56 34 56 20 47 47 34 34 86 65 47 1 90 1 50 47 54 36 36 36 86 90 36 82 67 58 30 75 81 36 37 28 75 36 30 9 31 23 37 41 75 50 31 13 37 23 87 28 9 75 23 50 81 54 56 54 
36 89 77 36 36 77 55 47 36 17 86 86 77 57 56 36 30 89 55 36 36 24 25 1 25 24 36 36 36 5 4 13 31 90 25 50 50 33 55 36 36 24 20 88 86 36 57 86 36 55 54 90 1 36 36 1 47 9 50 25 58 86 86 36 36 36 36 36 36 36 36 36 36 51 56 36 82 36 30 42 65 42 58 36 9 75 36 36 5 29 5 36 42 65 9 81 31 31 87 37 37 37 50 28 23 75 31 81 57 62 90 90 25 59 25 90 90 25 24 36 36 24 25 90 36 90 51 58 
86 24 36 36 55 34 90 47 47 1 55 54 86 42 82 58 56 17 90 47 55 1 89 36 23 90 59 86 50 75 81 23 75 36 50 41 67 73 81 36 36 36 36 5 23 9 23 13 67 50 75 36 36 36 63 13 23 75 63 13 23 28 5 50 5 90 77 86 86 36 23 22 75 9 9 47 34 34 55 55 1 86 90 85 
51 36 50 90 1 87 29 41 31 30 57 89 34 89 89 34 57 47 86 89 36 30 51 83 83 12 37 36 30 67 36 42 65 31 9 81 83 9 67 23 23 23 28 76 28 31 75 55 25 86 42 47 47 17 77 77 90 57 30 50 90 25 59 25 1 51 58 86 24 5 16 14 90 90 36 90 1 51 68 56 33 86 17 86 36 58 86 55 30 47 1 
1 47 86 55 36 36 36 36 55 20 49 56 30 42 73 36 86 82 9 67 36 36 36 5 50 23 37 75 81 67 23 87 31 31 76 37 5 31 23 24 7 36 30 55 86 86 55 17 34 33 34 68 25 24 58 47 88 86 47 77 58 30 17 17 86 36 86 57 77 90 34 86 47 47 17 34 86 58 
77 90 36 90 16 41 75 86 58 9 36 58 82 75 36 75 5 81 75 50 82 36 67 75 28 31 75 28 31 37 31 75 5 36 36 36 55 56 1 10 16 63 23 36 57 56 54 54 1 86 36 55 24 62 1 25 24 5 81 86 36 12 50 52 36 65 9 36 25 24 24 25 1 62 47 58 88 
55 47 30 90 55 58 16 4 75 36 36 86 34 50 75 36 36 5 76 37 31 30 65 73 67 63 83 13 31 50 66 37 83 50 24 70 77 47 42 17 90 86 88 56 90 89 34 34 55 90 51 83 36 36 85 55 58 34 34 86 56 20 88 89 55 17 42 36 47 17 77 58 82 67 36 16 
50 50 65 82 36 36 36 36 9 73 9 23 50 81 31 50 23 84 50 75 84 5 50 36 86 24 89 54 55 36 55 33 90 90 33 33 57 77 90 
47 42 47 77 86 90 77 54 47 30 86 90 58 86 34 47 70 51 65 9 36 10 40 9 82 42 42 81 65 36 75 83 75 73 50 9 73 63 23 31 16 76 75 37 75 50 86 24 5 16 10 81 30 57 86 36 36 55 20 33 59 57 88 51 83 25 50 12 31 50 54 51 90 47 
57 59 25 1 88 34 86 86 47 47 34 36 65 36 25 14 41 41 75 36 36 86 58 65 75 81 50 31 36 31 83 81 67 73 50 76 81 40 37 37 23 87 28 88 36 81 55 88 30 47 34 34 1 77 57 34 86 55 56 51 1 87 13 5 75 50 36 36 54 56 20 20 55 34 86 47 57 30 86 57 42 
42 47 36 36 86 17 86 51 26 56 30 42 36 36 82 36 42 65 50 36 75 31 50 75 73 50 14 50 50 31 23 84 83 75 57 1 56 17 82 57 89 36 54 55 1 25 59 57 55 25 54 42 42 36 90 47 47 57 17 17 17 30 30 77 77 55 90 90 47 47 88 86 58 86 
55 50 36 31 63 3 67 36 36 67 67 9 31 36 50 9 81 50 73 50 50 83 31 31 76 5 29 75 75 36 86 90 65 16 31 50 9 86 17 57 1 89 74 1 42 65 1 36 16 16 24 1 17 77 51 68 34 86 86 47 58 58 30 31 53 65 65 82 42 30 67 37 23 23 81 73 67 75 87 23 23 87 28 36 36 34 89 55 47 47 57 68 90 90 1 56 24 25 90 90 1 36 31 12 
50 90 51 58 54 56 24 62 59 17 77 57 30 17 30 36 30 55 86 36 36 36 36 36 36 36 30 30 36 36 47 36 47 87 5 75 31 75 31 75 81 72 75 81 84 10 28 10 33 25 58 54 55 55 33 90 90 25 59 25 1 90 17 47 54 56 58 90 90 30 30 77 47 47 17 90 17 77 77 82 89 77 47 57 30 50 90 1 36 83 
67 42 36 67 81 36 67 81 37 9 9 31 23 23 31 31 31 76 28 31 13 75 23 30 42 28 87 67 30 54 20 77 30 86 5 37 75 86 47 24 89 90 17 30 36 13 23 36 82 82 82 50 75 67 81 31 76 
83 37 23 31 89 86 47 90 17 55 57 55 17 17 17 9 28 41 82 36 90 68 56 88 58 30 90 47 30 58 42 36 30 55 54 42 36 42 42 36 65 82 73 37 67 9 75 28 87 28 28 84 76 33 90 58 17 54 34 51 56 90 54 86 47 
47 17 17 17 58 86 88 58 90 86 47 77 81 5 13 81 42 42 73 9 65 67 76 31 9 73 50 31 83 31 37 31 86 30 9 71 23 36 58 90 34 70 17 90 47 50 4 73 55 55 77 89 34 47 90 47 9 21 67 36 36 65 81 73 23 50 73 76 
5 5 87 31 36 68 88 86 58 17 89 77 57 33 1 86 87 72 75 36 1 24 89 17 86 86 55 17 42 30 82 36 49 42 36 42 42 36 36 81 50 75 81 50 84 37 83 76 36 42 68 33 33 34 1 57 86 58 86 34 90 86 47 58 47 36 13 66 73 36 36 65 73 37 50 9 50 31 87 83 81 36 47 
56 30 36 31 10 29 75 36 9 9 17 88 34 1 51 89 57 62 90 58 36 54 36 40 83 89 34 82 86 1 68 1 54 34 34 17 58 47 82 73 27 75 36 58 42 36 65 65 23 76 75 31 9 67 23 5 31 87 50 83 23 77 17 47 77 89 90 55 
1 58 50 45 90 86 58 55 24 1 47 42 30 30 36 67 53 67 36 36 36 36 65 81 67 50 75 23 83 23 75 83 36 33 34 47 89 33 55 57 88 34 54 58 47 47 47 17 34 90 58 47 76 
29 81 82 36 36 81 76 9 81 76 76 31 41 23 86 36 36 36 36 36 5 16 5 81 65 58 86 34 90 55 51 68 86 90 25 87 14 75 17 90 47 57 89 89 17 47 77 55 58 36 50 72 84 36 36 36 
67 36 36 28 31 50 73 82 9 10 76 31 31 5 51 68 57 17 77 77 47 17 88 77 54 89 25 55 31 90 1 16 13 50 47 86 1 88 89 24 89 47 58 47 42 36 42 58 81 64 82 36 36 36 36 42 82 65 81 
50 81 28 67 65 31 84 50 76 23 37 31 59 33 88 34 55 55 57 55 89 55 88 34 1 77 58 58 30 47 86 58 58 54 17 54 58 58 1 86 30 36 9 66 37 36 36 36 36 36 67 67 81 28 9 50 81 
81 76 31 76 31 13 50 50 36 5 36 59 76 73 56 50 87 15 36 5 14 1 51 36 1 9 23 52 17 58 47 36 36 36 86 88 51 90 20 86 36 86 74 55 82 58 58 81 
27 31 36 89 86 36 88 25 86 58 55 25 77 90 58 42 86 47 58 90 56 17 81 86 86 65 86 36 36 36 36 42 42 42 47 84 31 81 28 31 87 13 75 31 50 31 51 89 56 34 58 
30 77 47 55 90 54 25 89 77 58 55 51 14 63 41 65 57 90 86 68 62 89 47 58 34 58 30 86 42 42 30 36 22 37 65 65 82 36 36 67 65 67 50 50 67 67 50 75 76 28 37 41 23 
81 36 36 86 1 90 77 52 59 55 77 47 47 34 86 54 58 30 17 54 47 47 54 55 47 47 90 66 66 81 36 36 36 36 75 50 73 50 65 9 63 50 81 10 83 28 36 36 36 36 5 4 83 65 47 17 34 49 
90 1 24 36 36 36 86 90 36 5 24 36 63 87 10 25 24 55 36 36 55 25 24 36 54 55 55 24 47 47 34 36 47 65 31 36 83 31 39 24 30 
67 73 73 67 36 36 36 36 36 81 50 75 30 81 66 37 81 23 75 23 50 23 40 5 81 23 75 9 50 36 36 36 36 
36 15 90 42 30 17 56 36 47 68 77 55 34 86 62 55 34 56 24 89 1 57 90 58 77 57 51 86 47 86 58 86 54 86 36 36 36 36 36 36 36 36 30 42 67 75 23 50 87 28 76 23 81 13 36 36 47 68 79 86 77 1 34 89 89 89 86 58 77 47 30 
17 86 58 47 47 77 24 47 58 86 86 30 58 25 24 36 30 36 36 36 82 9 23 75 76 87 31 23 23 23 87 81 36 30 55 83 28 65 58 9 42 58 42 85 85 48 23 73 50 81 50 75 37 83 36 25 88 34 89 17 25 34 56 89 30 65 54 58 9 50 31 72 87 67 9 75 87 76 23 31 75 41 40 1 17 47 47 47 86 86 36 55 33 1 
25 59 1 31 63 16 36 20 90 86 70 58 47 62 90 90 1 36 36 36 1 24 55 34 36 86 86 88 47 30 47 58 10 36 31 40 81 36 86 65 50 82 67 67 67 50 73 76 50 67 23 50 42 23 28 87 50 9 76 
10 29 75 36 81 83 36 86 1 1 1 24 36 59 51 86 51 24 24 20 89 34 86 36 86 47 86 17 86 90 17 47 86 56 56 25 58 75 50 1 90 58 50 54 42 58 56 86 81 81 5 76 23 50 81 37 30 36 9 42 81 50 81 83 23 87 23 36 23 76 75 83 67 23 22 75 
36 81 5 75 82 36 36 58 47 36 36 36 36 5 19 9 36 36 90 33 55 36 36 36 36 36 24 1 36 1 90 90 1 36 51 36 23 90 24 36 36 36 36 36 24 1 36 36 36 51 25 58 86 24 36 24 1 90 25 36 36 36 52 24 36 36 24 
1 36 51 51 36 36 1 90 86 36 36 55 47 58 51 9 36 34 47 51 88 86 36 55 24 86 77 55 47 36 30 34 36 50 58 24 36 36 36 36 36 58 30 82 36 82 9 47 30 82 36 34 50 63 12 36 90 17 54 68 25 47 90 47 58 67 56 57 90 25 24 86 86 24 1 58 42 55 47 
36 36 55 67 36 58 47 25 24 47 42 58 88 34 88 88 17 86 90 55 77 86 86 90 36 50 23 75 36 36 36 36 30 30 36 67 82 82 67 23 50 50 28 75 31 37 75 83 76 23 47 20 34 77 89 34 33 33 57 55 30 77 51 47 86 90 47 47 1 90 57 89 86 58 47 36 54 47 83 4 36 90 81 9 9 
50 23 23 23 50 37 29 87 36 14 41 36 36 36 36 36 36 36 36 36 36 36 36 5 16 5 5 83 36 1 36 1 24 5 31 1 24 36 36 36 24 25 36 50 52 90 1 24 36 24 25 1 25 24 36 36 36 36 36 36 36 36 36 36 36 36 36 36 51 25 58 86 24 36 24 
48 31 31 48 24 36 36 36 36 36 36 36 24 52 10 5 24 1 36 36 36 36 90 25 83 50 90 25 83 50 36 51 1 14 5 36 24 48 90 1 24 36 36 36 36 36 36 36 36 36 24 1 87 75 55 54 
50 75 36 36 75 50 81 14 90 36 83 63 13 83 67 50 75 36 36 36 36 5 14 50 31 63 16 36 36 36 59 25 89 59 1 50 57 77 9 65 1 47 36 86 54 36 86 24 36 36 
36 36 36 24 25 36 50 52 90 1 24 5 10 7 34 58 90 90 52 50 36 90 83 52 36 10 52 59 7 7 24 36 36 36 24 48 90 36 90 57 86 36 55 17 34 55 58 47 58 47 58 34 34 17 47 47 34 47 42 36 58 34 88 47 36 36 86 34 50 36 33 90 90 25 24 85 57 57 86 73 17 
47 86 58 47 58 67 42 17 81 82 36 36 81 36 86 81 19 36 90 86 86 17 89 57 57 70 33 34 88 89 77 88 57 54 55 36 36 55 89 1 56 34 86 86 34 56 24 90 77 77 47 17 86 36 82 55 17 47 55 86 36 86 55 47 47 54 58 47 47 30 55 
47 36 36 47 58 58 90 47 9 36 55 47 42 86 57 82 42 42 9 55 56 47 17 55 36 47 31 22 81 86 30 65 36 36 47 9 81 75 41 10 37 47 54 30 36 68 57 17 17 34 77 51 89 58 1 88 30 17 55 86 65 39 36 42 86 79 57 47 47 90 24 86 34 88 56 55 17 
90 77 9 44 82 36 36 65 13 28 75 31 63 81 83 25 90 36 36 1 24 5 31 1 24 36 36 36 36 36 36 36 36 36 36 24 1 36 1 90 90 1 36 25 20 1 25 36 31 1 24 36 36 36 36 36 24 33 36 9 48 24 36 36 36 36 24 48 
50 36 1 36 1 24 36 36 36 36 36 55 34 90 90 9 67 52 83 1 51 36 1 36 31 1 24 36 36 24 1 31 36 52 10 5 36 36 36 24 33 9 50 67 36 36 67 65 82 65 9 81 50 81 76 87 41 41 81 81 81 75 4 5 5 10 85 25 89 24 24 1 90 52 90 1 59 1 90 52 90 1 24 
36 36 36 36 36 24 1 36 1 1 25 36 31 1 24 36 36 36 36 36 55 56 90 50 52 90 1 24 36 36 36 36 24 52 83 50 36 36 36 36 90 25 14 13 31 83 5 36 24 1 83 81 36 36 36 36 36 36 81 23 54 36 87 36 87 13 5 5 13 13 5 36 36 36 36 75 16 50 83 29 13 4 73 30 
77 34 56 90 86 72 47 17 1 34 88 86 9 2 36 36 82 16 55 90 54 89 57 55 17 1 89 90 16 47 54 1 1 86 54 77 58 30 36 36 42 36 36 82 9 37 37 76 83 23 57 33 88 86 17 90 17 34 17 47 90 17 4 
