13 13 76 95 59 188 25 179 52 68 68 68 68 68 68 68 161 20 161 161 122 16 68 105 93 68 68 68 93 7 93 68 68 68 93 18 63 196 122 122 68 63 18 68 18 68 170 18 93 68 68 68 68 68 68 
68 68 68 27 50 18 28 16 16 93 27 182 138 58 86 54 129 142 16 115 90 27 175 81 18 63 35 47 7 93 93 115 54 166 175 77 131 166 166 166 188 108 92 108 114 129 199 95 199 76 108 74 136 49 114 131 77 131 108 199 63 104 63 158 120 138 34 190 135 13 63 117 81 173 127 63 
4 143 115 90 39 144 68 166 149 54 23 16 158 148 148 34 100 100 18 147 93 68 93 102 18 18 68 18 93 68 68 68 93 18 63 196 63 18 118 18 18 58 50 197 199 18 54 68 86 68 129 105 175 27 16 41 16 158 68 132 167 107 104 120 93 175 190 16 145 107 68 181 190 45 90 41 105 63 63 86 16 90 58 145 122 18 93 161 20 62 68 88 170 166 105 13 54 142 129 129 181 157 
126 79 97 126 131 199 1 194 59 146 56 126 59 114 54 54 197 129 199 92 68 131 54 122 18 93 68 68 68 68 68 68 68 102 170 155 58 18 62 18 18 88 102 63 18 93 68 68 68 68 
68 93 86 138 102 68 18 93 68 68 68 93 18 68 58 35 93 68 68 93 5 102 118 18 18 58 145 122 18 93 93 18 68 58 18 88 18 147 68 88 35 175 68 68 68 68 68 68 68 68 27 58 170 161 93 86 90 122 68 68 170 74 64 161 161 122 50 27 68 68 166 166 166 166 166 161 131 131 20 161 166 161 88 122 92 114 188 161 108 64 114 1 88 63 166 64 
166 58 68 63 132 107 107 16 50 131 199 50 68 16 27 68 68 93 102 18 18 68 18 93 68 93 102 63 63 63 88 33 68 170 68 68 93 33 88 18 35 93 68 68 93 18 68 18 18 35 27 188 170 86 175 27 145 105 63 166 166 166 18 63 63 18 63 50 27 68 68 68 68 
93 18 63 28 7 93 68 68 68 27 41 132 132 129 54 115 54 54 131 166 
166 166 166 188 136 176 108 197 52 76 131 187 122 179 122 1 26 95 184 179 1 129 54 122 52 132 199 92 170 170 74 155 68 93 102 63 63 102 118 35 35 93 93 86 138 102 170 68 18 68 18 93 68 68 68 68 93 102 68 170 18 18 107 16 63 41 54 63 27 175 117 16 120 102 170 18 34 175 161 131 175 93 166 166 166 93 33 62 166 35 18 88 166 166 166 166 166 166 166 166 166 166 166 166 166 188 25 79 199 102 20 177 95 136 54 188 42 62 114 114 122 129 48 146 122 81 175 68 68 68 68 68 161 15 64 76 90 104 192 
68 90 200 84 102 50 54 18 27 27 35 63 68 63 102 68 62 68 
196 93 68 68 27 57 109 67 104 165 182 27 86 105 143 120 200 192 166 27 200 90 170 26 15 188 166 175 115 54 129 166 131 108 131 155 1 136 25 176 64 74 155 131 88 157 126 79 1 131 63 170 21 16 54 68 159 86 93 68 111 86 100 117 175 159 90 197 117 45 86 118 7 93 93 28 63 18 93 111 106 145 117 68 165 145 158 18 138 159 175 166 118 138 167 102 105 54 122 18 93 166 166 68 68 68 93 196 62 161 68 
68 68 165 115 181 1 166 166 166 188 146 199 136 194 136 157 49 1 108 64 155 71 60 188 179 114 131 188 147 102 93 170 18 93 68 68 93 7 93 93 102 63 63 102 68 122 50 68 197 16 93 68 161 131 16 93 93 117 16 167 109 200 142 115 117 117 171 27 139 142 192 175 175 132 149 68 18 170 68 196 68 68 68 
166 166 166 166 166 166 188 24 126 59 191 95 186 156 108 1 79 179 59 59 59 120 58 68 143 115 142 142 142 115 199 188 68 161 17 122 68 63 105 54 68 86 165 169 57 118 18 68 18 63 68 63 18 68 68 88 43 88 35 86 166 86 163 86 102 
90 16 81 143 166 93 35 167 138 118 166 166 161 64 72 114 90 129 129 144 144 13 181 180 149 181 142 54 131 114 71 122 71 157 126 48 122 136 146 60 64 114 114 197 145 27 166 161 170 111 103 168 115 105 132 115 171 175 175 159 106 35 16 182 99 159 130 90 132 145 68 145 
27 68 27 86 90 120 18 120 104 34 67 104 103 159 104 168 105 41 148 63 105 86 158 142 166 105 158 175 166 166 166 93 18 63 28 7 93 68 68 166 175 142 181 13 144 41 181 76 131 114 59 92 88 161 114 170 122 176 134 114 1 114 95 199 76 170 63 58 117 
117 18 18 27 4 165 140 80 45 67 104 103 138 63 4 175 27 81 57 90 173 41 143 117 90 81 168 90 127 168 127 67 86 145 132 105 104 192 192 190 182 105 190 67 192 158 63 115 67 
132 1 161 161 9 114 181 181 181 166 180 76 181 181 54 76 59 70 191 95 188 131 76 126 60 92 194 60 95 79 129 18 129 41 143 166 166 166 166 166 166 93 117 145 
63 104 41 67 143 67 139 86 100 120 163 159 63 63 16 120 145 54 170 8 15 188 27 147 109 138 104 159 86 158 104 130 67 27 63 4 159 63 105 
173 27 166 166 166 175 132 54 54 166 166 166 76 131 131 49 131 126 60 179 177 49 95 136 114 131 1 68 68 27 41 143 61 41 132 158 4 106 63 4 58 140 138 18 90 131 22 68 102 58 86 115 67 165 4 151 50 
168 163 159 27 168 104 67 105 120 199 54 129 18 93 161 62 196 93 68 27 68 52 68 105 181 142 166 129 149 166 166 13 188 199 13 123 25 48 179 197 54 176 60 197 184 26 166 131 95 63 166 93 21 120 132 58 118 102 18 
107 147 117 182 40 100 190 90 171 192 192 158 67 173 171 143 67 100 100 168 105 173 192 41 200 190 168 18 18 155 3 199 166 181 181 181 181 181 166 76 54 131 49 194 126 79 179 53 97 188 95 76 129 155 114 188 68 68 
68 68 68 175 159 16 2 122 143 144 168 145 104 175 175 140 106 63 90 182 182 67 106 107 68 16 145 166 93 86 107 58 147 115 105 165 109 138 145 167 143 143 167 50 105 192 27 158 166 54 43 166 143 144 13 54 166 166 166 129 52 52 49 122 77 59 126 95 42 155 188 187 122 131 114 
166 175 34 138 127 192 41 168 67 159 100 106 117 165 140 86 132 68 63 8 20 161 93 86 107 63 18 10 86 100 18 143 41 143 67 145 171 200 168 144 115 171 175 68 143 78 174 
34 165 115 13 115 166 13 13 149 129 76 54 197 176 60 1 170 12 161 126 95 76 60 146 13 27 124 106 100 117 175 10 81 109 121 86 158 105 132 163 27 107 90 90 34 190 158 182 171 167 127 144 115 159 175 63 63 102 8 9 166 132 149 166 76 13 54 114 131 122 54 52 95 146 170 191 60 114 187 131 126 54 131 59 68 68 68 68 68 68 68 68 68 161 20 26 155 16 143 142 149 192 4 163 159 104 138 45 159 151 182 104 159 182 166 90 27 166 166 175 159 109 167 67 63 159 148 58 175 132 159 104 67 104 143 16 132 
63 166 166 166 166 175 142 13 48 76 48 131 52 186 146 60 126 64 191 70 77 197 48 132 27 104 132 16 171 67 41 67 100 86 109 140 61 106 86 122 166 170 22 188 27 86 63 86 100 63 120 140 200 127 132 67 163 148 190 132 168 104 105 144 143 159 63 174 51 175 41 144 166 180 166 166 54 13 166 54 54 52 197 126 79 115 25 101 188 114 188 184 95 187 188 161 107 16 117 175 68 93 102 58 99 99 58 120 104 159 163 4 127 67 104 171 90 173 148 167 
107 107 90 168 158 143 63 130 132 166 63 88 88 2 1 41 129 76 149 13 48 31 199 76 146 76 
76 48 122 123 101 161 97 48 79 129 76 41 142 144 95 177 41 41 132 34 107 173 165 124 143 131 38 1 120 145 171 147 130 
143 163 104 41 166 101 149 199 76 122 77 197 52 129 42 198 54 180 163 34 4 67 90 132 105 67 159 148 104 139 163 68 27 35 18 102 93 68 68 93 102 58 81 175 68 163 193 106 167 168 190 145 41 192 16 173 144 105 105 41 27 57 111 169 99 165 163 180 149 149 13 199 149 13 76 129 48 170 122 131 188 114 95 56 188 54 129 52 146 86 37 190 163 80 81 153 130 159 145 168 171 190 132 105 130 27 192 90 16 144 199 116 122 199 54 181 187 146 54 76 188 24 126 
129 76 68 68 68 166 166 26 183 95 149 168 132 180 158 163 143 34 45 45 159 165 58 120 171 145 145 117 47 47 27 27 86 63 106 158 142 132 4 103 67 105 158 190 41 175 86 63 90 129 129 63 166 93 166 13 181 149 180 131 52 131 131 54 60 122 77 88 59 136 49 188 122 77 53 129 130 173 105 34 107 158 139 99 159 73 169 
148 173 86 138 200 130 63 190 127 132 166 41 175 160 197 13 181 13 149 54 52 52 155 49 177 136 199 197 27 99 106 90 105 34 99 45 99 124 45 63 158 143 104 168 171 50 163 132 168 163 167 138 132 192 200 41 143 159 63 163 45 118 166 166 166 166 166 166 13 54 59 59 186 52 76 95 49 1 156 179 48 176 126 54 68 54 105 175 68 
68 68 68 161 83 188 129 107 41 105 4 143 143 120 100 130 16 107 34 148 117 67 143 117 166 175 27 166 166 166 166 27 147 159 167 16 107 159 165 109 117 67 143 67 163 145 200 100 166 132 50 93 166 166 27 180 13 166 190 197 199 199 131 131 136 188 177 70 25 25 97 25 181 129 114 197 127 105 173 16 4 
18 164 147 163 106 109 27 166 166 166 143 148 34 34 86 80 86 127 143 127 167 63 175 144 142 143 175 68 68 143 192 166 149 166 13 13 129 77 122 126 52 146 64 155 95 79 114 122 79 57 27 93 81 86 169 27 175 81 58 102 118 58 120 86 34 115 104 90 132 120 34 163 
158 41 192 163 182 130 16 41 143 158 41 144 41 200 40 163 27 117 166 166 93 7 28 102 104 67 168 54 54 166 166 129 49 52 77 77 52 60 146 184 72 176 79 52 146 60 126 68 68 68 68 175 168 181 161 68 102 120 132 102 27 27 7 63 68 68 18 93 93 102 63 68 122 
122 33 122 2 18 120 132 102 27 68 68 111 106 145 124 102 120 130 86 155 155 43 9 68 90 181 181 181 142 144 13 13 144 166 26 24 95 1 71 191 114 188 170 166 108 26 166 166 166 175 45 200 190 190 143 105 143 139 200 173 109 140 104 107 166 66 114 105 37 145 127 151 
61 27 67 163 4 127 104 190 41 115 142 143 175 166 180 27 166 166 131 187 129 166 166 166 166 129 181 181 76 199 77 122 146 1 66 71 177 176 31 
122 54 114 188 16 41 168 165 57 35 118 21 106 182 27 68 27 102 132 109 86 104 117 169 130 190 67 105 190 143 158 86 163 18 168 182 104 115 147 18 166 166 122 2 122 86 175 166 115 142 144 158 199 188 
131 71 179 59 114 71 9 26 95 59 92 88 68 59 68 58 170 26 108 9 88 68 170 122 68 68 68 68 68 68 68 63 18 170 63 117 27 68 27 81 35 63 105 68 81 104 41 50 107 63 68 63 63 62 18 58 68 68 18 93 93 102 18 107 16 63 200 
143 175 105 115 50 132 90 63 120 107 127 147 143 166 143 117 90 120 18 120 129 92 166 62 20 161 93 181 181 166 115 115 181 166 13 1 71 88 42 187 59 64 1 157 136 95 156 188 155 68 149 104 200 124 106 130 169 27 93 102 63 68 68 63 102 68 170 18 93 166 166 93 102 63 63 107 147 27 166 27 159 
174 50 147 81 132 104 67 67 104 132 90 171 27 68 68 68 68 68 93 21 137 117 115 34 158 180 166 142 181 149 149 52 170 95 76 155 166 9 176 132 170 108 161 161 3 199 129 54 131 102 118 7 28 18 117 99 58 18 166 18 93 93 102 18 35 27 27 169 130 132 90 190 115 129 182 175 
68 41 107 102 132 168 104 90 182 175 175 142 115 16 171 167 167 163 107 175 143 182 127 180 138 158 144 131 166 63 8 15 188 143 115 129 166 149 129 76 131 114 49 49 79 131 62 191 49 188 197 161 16 197 188 68 161 170 122 8 26 170 170 155 1 145 107 63 68 68 143 138 118 93 28 18 50 27 
68 27 147 68 197 105 122 68 102 87 33 63 18 93 93 28 18 105 16 171 67 159 105 90 90 90 18 102 90 168 165 81 18 63 190 27 117 166 161 20 20 54 129 129 175 1 166 168 131 76 166 131 108 
146 79 101 24 146 129 9 191 114 157 95 132 192 127 41 41 63 63 138 109 147 27 68 93 18 18 63 166 166 166 166 88 18 102 175 158 175 175 104 67 109 102 63 50 27 117 167 16 143 167 104 166 192 105 41 158 143 131 20 166 62 20 54 142 76 181 166 166 181 
181 181 54 199 199 126 179 126 79 126 197 24 60 25 170 54 1 95 161 166 166 166 166 118 102 169 57 18 106 159 148 100 167 143 109 158 158 143 143 34 138 63 68 63 143 127 159 115 115 163 168 142 158 86 41 
115 45 158 121 41 132 117 149 115 63 129 1 66 191 95 41 166 146 13 166 166 13 131 166 54 191 122 155 155 188 60 186 25 12 60 161 52 68 68 163 63 129 83 88 131 144 127 105 143 174 106 106 159 143 27 182 
45 109 175 155 2 161 93 35 57 175 192 190 61 61 16 182 4 144 16 120 122 62 15 95 166 142 166 180 129 95 9 97 79 71 184 42 88 1 167 132 149 105 143 142 90 190 149 90 165 169 143 115 58 117 27 68 124 
159 143 68 90 132 63 68 93 18 63 28 54 68 117 175 68 117 27 190 102 86 143 165 67 143 158 167 41 41 147 68 105 115 41 68 88 2 88 76 181 190 149 129 54 13 129 114 77 170 114 131 191 95 146 43 70 
79 176 48 27 47 16 86 195 35 111 138 130 86 173 165 158 192 168 158 142 168 138 100 171 158 107 16 200 173 63 86 143 158 130 107 68 59 14 77 187 181 142 115 13 181 131 126 1 183 71 186 60 136 15 191 188 68 
93 18 155 38 25 131 76 143 67 104 86 27 175 174 139 67 163 140 63 143 122 170 58 58 166 166 93 102 63 18 169 143 143 200 40 182 143 163 140 145 132 143 159 175 43 143 192 129 166 41 52 146 
146 9 60 126 191 114 191 179 179 97 199 45 192 192 190 132 159 100 148 139 27 86 63 63 20 64 122 58 169 143 143 86 35 163 192 148 158 67 4 129 180 63 175 145 27 166 166 166 41 
144 180 129 13 166 181 48 154 1 122 179 114 89 194 79 32 21 120 16 99 182 86 58 16 35 21 18 35 27 175 109 138 130 115 144 104 67 120 120 171 63 148 173 192 143 200 104 104 63 132 
115 200 132 144 159 109 167 120 63 166 166 166 166 166 166 166 166 166 166 166 76 54 187 62 177 179 54 77 156 88 176 152 59 192 142 90 131 188 188 15 26 77 54 129 132 86 27 175 84 169 41 120 148 63 120 18 18 
166 166 170 2 170 166 18 63 18 99 67 190 86 58 138 140 105 173 139 41 171 34 1 46 166 173 181 181 180 13 52 181 52 53 95 79 1 123 177 157 24 188 131 77 10 130 190 105 105 132 115 104 163 120 100 80 158 90 
93 138 145 86 54 170 20 108 166 18 122 90 147 27 41 34 10 145 105 34 148 115 192 63 143 41 4 143 168 27 166 166 188 
15 3 131 143 132 149 13 129 166 181 194 59 179 157 59 95 191 66 25 1 1 194 161 88 17 102 93 166 93 35 35 118 21 138 169 10 159 158 
143 171 163 143 173 107 167 127 132 63 143 168 145 175 173 27 120 90 18 166 22 188 166 166 166 181 77 95 76 48 126 157 114 191 85 176 59 68 68 68 68 68 68 68 68 68 68 68 18 68 68 18 63 129 199 68 102 93 93 35 21 27 68 68 117 106 68 170 33 122 92 2 161 68 93 28 18 86 175 27 102 
16 58 50 68 50 151 63 132 120 18 18 68 155 3 1 68 41 115 181 166 199 76 188 15 74 59 105 117 118 35 21 27 117 81 100 151 61 109 159 127 158 4 143 175 10 81 159 175 27 35 166 170 166 88 108 129 16 117 175 175 81 58 138 140 140 99 190 115 144 132 90 54 54 170 62 2 136 76 149 13 13 181 181 131 52 131 184 26 95 59 72 71 114 177 143 139 40 16 120 96 141 106 63 
107 159 63 158 34 159 190 167 200 127 63 100 158 155 75 54 180 173 149 134 161 166 151 103 139 103 193 40 40 68 68 68 68 161 20 26 155 90 145 68 86 37 138 147 27 175 81 18 68 63 102 93 68 93 86 
106 163 27 117 27 169 106 159 115 120 148 18 67 67 122 166 18 166 166 166 143 132 149 149 192 76 59 9 25 48 1 49 199 166 188 177 70 101 191 97 161 186 50 145 174 118 58 27 67 192 192 80 102 109 86 120 50 90 62 176 159 117 148 117 107 34 18 143 168 158 168 181 68 93 27 90 199 188 68 175 180 68 68 68 115 76 53 62 62 
159 10 99 167 80 117 99 58 168 93 7 111 81 18 165 175 84 84 165 109 109 127 190 127 175 120 120 106 45 67 171 54 188 161 38 149 149 199 13 13 181 199 88 101 183 194 76 76 194 24 68 68 68 114 64 114 68 131 188 68 200 117 47 93 68 175 
81 63 59 95 26 170 68 63 81 192 41 51 138 169 81 63 130 132 92 64 9 108 77 13 13 13 149 129 59 70 170 42 60 146 157 71 24 118 147 190 168 90 16 104 86 117 174 45 175 68 93 18 170 161 161 122 50 27 68 68 175 10 45 169 99 190 105 167 107 68 199 16 145 68 68 170 131 181 115 129 
181 149 54 54 79 155 126 66 136 1 1 24 95 131 118 174 159 27 93 7 93 68 165 117 139 124 35 58 169 143 143 67 200 148 67 182 168 143 10 58 138 45 90 181 166 158 197 3 199 146 129 129 52 149 52 122 114 62 59 188 114 131 25 62 175 67 181 68 131 38 74 187 68 132 68 132 81 99 102 50 147 
81 104 132 194 24 68 58 16 158 175 175 140 106 139 34 173 192 166 129 25 53 71 126 13 149 54 199 129 76 88 88 161 170 184 194 12 42 131 166 27 80 86 144 115 158 148 159 104 45 18 151 102 18 18 63 8 26 62 102 18 175 120 148 200 21 117 143 148 148 132 144 41 63 
129 97 85 194 76 166 166 166 149 129 52 129 122 71 191 95 184 126 179 114 126 161 147 111 174 140 121 130 106 124 117 102 84 100 130 107 41 105 190 143 109 193 27 120 200 54 161 161 24 60 54 129 149 13 187 59 88 160 181 13 
131 188 83 68 68 68 68 68 161 20 74 59 149 68 68 129 143 10 28 182 148 159 105 107 58 8 26 8 63 63 63 58 50 104 148 80 81 200 16 100 166 68 16 62 62 71 142 
13 181 13 129 181 186 88 194 191 49 131 95 161 31 101 166 165 139 90 90 86 182 50 102 50 182 81 122 161 68 161 155 120 159 142 132 169 148 148 61 34 130 27 132 166 132 4 166 88 166 166 166 166 166 166 166 166 166 166 129 129 129 114 179 156 49 79 95 114 42 26 8 50 117 195 169 165 109 34 
139 151 80 100 171 167 105 67 18 130 63 132 105 139 117 175 166 105 192 52 42 52 48 77 187 54 129 114 191 161 79 95 157 114 191 25 68 68 68 68 26 66 95 59 68 16 147 117 35 18 35 27 117 27 115 122 102 8 108 122 63 35 166 199 200 21 18 107 174 
167 90 41 115 166 3 71 131 115 129 181 149 181 131 199 95 26 53 199 54 114 101 101 188 120 143 63 104 182 165 68 165 99 117 105 182 99 68 95 161 161 155 120 159 175 166 175 84 128 145 105 132 115 105 41 197 88 42 62 48 181 142 149 13 149 181 76 79 123 155 53 197 187 
25 95 188 131 90 120 117 117 174 45 182 27 34 140 80 193 163 164 16 190 163 67 16 143 200 86 168 127 54 122 48 126 131 166 129 188 95 177 170 79 95 199 95 89 155 115 122 191 9 161 188 115 192 132 182 165 10 81 182 117 145 166 131 26 122 131 120 63 143 
93 117 163 163 132 132 129 188 25 53 129 54 149 13 59 59 49 114 76 1 177 156 157 166 86 27 143 90 63 107 164 80 27 109 140 138 166 170 166 88 88 63 166 144 158 118 57 84 45 107 115 115 168 41 54 49 62 126 199 149 181 13 129 54 77 185 123 79 92 25 66 136 1 118 35 21 117 45 
100 159 99 99 158 27 107 171 63 168 168 40 106 167 148 173 129 1 71 25 54 144 181 129 187 52 59 43 95 197 60 154 68 68 68 161 15 188 68 68 68 175 10 99 165 175 158 105 68 95 9 63 86 115 67 175 175 139 84 151 109 168 115 143 92 26 161 24 1 149 181 76 129 52 79 52 97 72 49 60 60 123 157 86 100 173 143 90 127 67 45 
86 106 124 182 120 155 26 54 158 175 41 200 141 148 4 158 168 168 16 142 180 86 108 72 71 166 181 181 166 13 129 129 187 188 126 53 126 79 157 25 49 161 118 195 93 178 34 151 140 106 18 139 200 158 163 67 115 41 99 80 140 165 182 104 120 68 88 56 
