83 102 89 89 102 77 45 74 76 35 63 80 76 64 77 116 116 116 116 50 28 76 38 62 71 111 101 81 29 96 79 115 39 83 10 95 17 39 81 38 116 96 117 96 118 38 59 14 86 
17 55 76 116 68 24 24 56 102 95 99 74 76 17 1 1 80 76 63 109 101 38 48 48 101 79 101 105 62 81 81 14 83 45 45 59 105 14 14 62 101 53 111 60 59 68 86 62 62 48 116 62 116 15 116 116 118 
89 102 68 68 24 24 56 77 77 94 76 95 35 21 63 99 99 108 21 43 100 96 110 109 96 116 79 79 115 6 109 106 79 14 14 6 100 48 48 59 14 38 39 62 14 23 59 24 24 80 10 83 56 89 102 24 24 56 77 97 50 108 64 83 80 73 54 94 35 14 14 116 21 95 97 82 74 14 48 14 79 41 117 81 38 92 92 58 59 83 76 82 76 17 
116 36 81 62 58 19 6 41 79 62 86 86 14 108 97 50 89 68 116 56 56 77 89 21 94 108 74 83 95 80 95 45 80 120 58 14 59 92 71 111 60 101 
101 79 29 14 94 82 116 50 10 59 115 96 111 92 109 29 101 39 14 14 71 92 62 116 5 116 10 15 114 77 24 14 83 56 24 24 24 24 56 108 12 50 108 63 35 63 108 63 107 30 70 115 60 60 100 71 58 86 14 23 38 100 24 12 83 102 102 89 83 22 108 83 40 
89 83 114 97 35 116 48 96 88 105 101 62 48 94 82 94 86 38 48 38 87 100 106 48 56 1 11 21 24 24 56 56 77 12 50 77 50 74 12 50 35 92 71 14 59 105 92 23 116 80 84 116 
92 100 118 118 38 48 86 116 14 16 114 56 56 24 56 108 12 
95 35 94 82 67 8 101 53 120 109 60 120 96 58 62 92 14 14 109 109 62 56 80 55 83 1 102 102 80 45 74 1 108 114 35 35 102 76 63 68 86 59 53 71 115 62 21 99 74 92 38 38 96 6 71 38 14 17 103 89 56 56 56 1 76 12 83 63 64 118 118 38 71 100 58 39 38 38 60 59 97 17 115 109 23 109 8 106 59 14 48 86 56 15 21 24 24 56 102 89 94 94 82 21 21 97 50 118 8 8 118 24 118 51 
29 92 115 38 38 59 38 23 62 38 71 14 62 38 48 62 96 
14 68 14 38 38 14 56 48 96 89 16 21 24 14 68 56 24 109 59 24 100 79 101 23 105 100 111 38 106 109 115 36 106 106 101 109 100 116 116 100 36 17 50 116 116 76 59 59 59 36 38 62 100 118 117 39 36 38 62 100 100 96 36 115 109 118 118 72 69 59 117 59 38 79 100 38 120 105 109 112 38 38 30 10 107 45 
21 24 62 86 56 43 4 4 118 100 96 117 100 100 96 53 41 96 39 83 83 101 39 58 58 100 100 96 36 71 58 79 100 100 109 81 118 24 24 50 28 45 17 72 89 24 41 38 68 96 51 59 111 51 23 59 109 48 14 24 24 24 24 24 116 100 111 83 50 116 116 100 
48 56 68 68 68 24 68 86 48 1 94 50 24 30 118 24 96 117 14 14 71 100 111 70 41 100 100 96 36 59 117 118 116 116 118 8 8 118 116 118 30 116 30 116 17 36 100 116 116 116 118 117 116 83 72 116 17 116 116 36 
100 116 118 59 80 116 8 116 17 36 36 116 39 118 116 116 118 117 59 59 59 76 117 83 13 50 116 116 116 100 38 21 24 62 1 35 24 100 36 17 82 5 50 24 24 24 24 24 24 24 24 24 118 30 24 30 118 24 118 117 39 117 112 38 48 36 39 6 59 
116 116 116 116 116 50 17 39 118 116 116 116 116 39 39 117 116 17 39 118 118 8 8 118 118 8 39 76 117 59 83 15 10 116 83 59 8 118 118 117 24 59 53 100 24 118 30 24 117 59 39 24 76 13 50 24 24 24 24 24 24 24 24 24 24 
24 24 24 24 50 5 82 17 39 118 24 118 8 8 118 24 118 117 39 117 118 24 118 8 39 76 117 59 39 116 116 118 30 76 39 36 116 39 118 116 116 116 118 8 
8 118 116 118 117 59 83 76 50 50 10 30 118 118 117 39 117 118 118 30 24 117 59 24 24 39 118 116 116 116 116 116 116 
116 116 116 116 116 116 118 38 89 56 68 48 83 35 24 24 24 24 24 24 24 50 5 50 24 24 50 17 39 118 118 117 39 117 118 
24 24 118 117 59 59 117 118 118 117 59 59 117 24 21 38 24 17 39 118 100 118 8 8 112 53 19 101 118 92 62 29 96 59 14 62 86 86 59 62 58 101 29 23 68 86 92 89 89 116 116 24 24 
24 102 24 24 1 21 50 78 50 1 77 83 63 5 94 83 86 68 116 116 116 116 116 111 86 48 23 38 38 41 51 105 59 38 39 83 10 76 101 100 68 14 59 59 115 
29 92 92 118 92 38 92 56 62 66 30 14 24 68 86 68 56 89 35 50 99 84 63 84 21 108 85 63 64 17 81 23 62 71 38 100 6 109 39 41 101 92 59 59 116 39 32 51 
96 14 19 41 38 111 112 71 23 100 38 62 48 68 86 14 116 116 116 116 116 116 116 24 102 89 64 45 63 108 83 21 45 82 67 83 84 17 39 118 116 116 118 72 59 39 118 118 4 58 62 100 116 100 96 39 59 39 116 39 118 116 38 106 39 56 68 39 14 116 116 14 59 
71 96 96 86 48 92 102 24 23 100 14 89 111 111 71 58 59 92 59 39 17 13 114 21 89 89 68 24 89 102 21 21 94 74 108 74 108 1 89 77 63 84 12 50 80 89 
71 116 21 62 38 116 35 114 17 13 83 116 116 116 59 115 38 116 96 96 39 30 59 36 96 96 39 59 39 116 83 15 15 83 116 39 59 59 39 59 111 100 112 59 92 39 14 109 96 59 48 86 59 117 116 24 24 14 14 1 24 56 102 21 12 77 80 63 5 24 114 74 94 50 82 117 59 83 86 92 38 14 86 116 14 62 116 62 38 116 100 36 59 72 112 117 39 
62 14 116 116 116 39 116 5 15 83 116 36 36 116 39 118 118 79 36 39 59 58 14 111 109 56 56 51 14 56 59 59 59 118 116 50 13 76 116 39 114 89 116 62 56 21 89 116 116 24 24 80 95 80 74 10 80 102 1 83 63 108 35 114 63 63 83 38 92 81 96 100 41 53 106 38 111 100 6 6 14 105 96 59 14 14 68 48 38 62 39 39 96 92 116 116 38 36 
37 114 67 89 68 1 24 14 89 108 17 35 50 67 35 83 12 94 94 17 63 50 
116 116 116 116 116 50 13 17 102 48 23 96 68 100 101 105 87 14 38 39 23 59 59 58 100 116 116 118 58 68 86 19 96 60 87 62 100 111 116 14 81 115 59 10 107 97 35 38 68 102 24 86 56 21 21 12 94 94 80 77 94 54 84 63 95 12 62 71 62 59 14 68 101 19 109 8 92 62 101 100 39 96 116 118 4 65 62 48 100 101 117 101 100 106 92 92 111 58 62 38 59 38 62 14 
68 116 86 48 68 20 116 116 116 116 116 116 24 102 1 21 1 67 17 84 94 108 17 1 84 64 67 80 116 100 53 36 59 48 109 8 116 36 8 118 116 100 79 39 115 116 115 101 111 62 71 6 14 116 14 38 48 62 79 48 48 14 56 62 109 115 58 38 115 60 86 86 53 116 28 10 1 116 116 116 24 86 86 24 63 97 82 50 83 111 41 19 92 
39 100 8 19 120 29 62 71 38 116 116 116 116 14 59 83 3 63 83 116 116 58 96 58 38 4 38 38 118 38 79 19 14 14 109 116 74 13 50 118 39 116 39 39 115 48 62 111 100 105 60 6 68 62 29 92 38 24 77 46 95 68 56 1 24 14 89 24 36 37 82 89 71 14 24 24 111 53 
79 112 53 60 106 92 48 14 19 116 118 117 116 86 23 71 116 14 58 100 100 100 96 39 111 71 111 117 39 39 59 14 111 116 13 17 116 116 39 59 59 117 48 59 53 116 117 6 105 62 14 101 71 14 38 106 68 14 116 76 116 116 118 68 24 56 68 116 56 116 24 82 5 50 24 24 24 92 39 23 60 118 81 61 
14 48 23 92 92 116 118 8 8 48 58 96 48 53 81 100 118 117 117 71 38 96 58 59 115 48 14 96 14 116 86 109 100 109 100 14 62 39 58 100 6 76 116 15 74 21 102 24 24 68 86 21 77 76 97 24 24 71 92 92 58 53 19 100 
41 110 100 29 23 38 14 68 116 14 68 21 35 118 59 37 50 50 21 58 96 58 116 111 39 116 39 96 96 79 39 96 101 38 116 116 116 116 116 116 116 100 96 59 1 60 71 68 105 38 68 112 6 62 92 86 86 48 48 
59 38 114 3 35 38 116 56 24 68 68 109 17 3 21 24 89 102 14 41 115 36 112 100 119 92 62 92 68 68 14 112 81 109 14 86 86 48 48 116 92 59 111 71 115 70 100 100 96 36 6 71 56 89 116 83 27 76 116 109 14 
83 36 36 39 59 38 118 117 8 115 48 92 48 86 59 62 48 116 6 92 38 116 50 5 94 35 14 68 68 68 56 102 24 109 114 46 
24 71 62 38 62 115 117 58 70 36 115 71 14 101 59 116 118 8 8 14 48 100 118 8 8 112 53 101 71 100 38 116 86 115 96 92 86 62 92 14 106 38 62 19 101 92 14 116 92 14 48 38 35 107 57 108 
89 24 24 24 24 24 24 50 97 76 108 48 48 14 92 112 100 14 20 117 87 48 86 71 38 14 116 116 116 116 116 116 35 57 99 94 89 59 62 58 41 39 59 53 111 92 81 60 68 102 59 118 116 116 116 100 100 39 92 71 14 62 79 29 109 101 23 48 48 92 
71 92 19 9 81 14 24 24 24 24 24 21 10 107 114 24 68 100 79 106 117 115 109 20 105 58 62 86 48 79 39 71 38 48 116 86 100 92 106 39 23 105 100 96 109 71 14 83 59 117 116 5 15 83 116 39 59 14 38 81 100 100 
51 105 58 59 38 62 86 14 48 48 6 14 116 100 53 18 92 24 56 102 24 116 68 56 35 50 16 83 14 100 14 38 100 19 118 29 36 59 92 86 48 112 109 6 41 100 41 8 87 60 71 59 38 100 100 62 38 62 100 100 62 39 58 48 86 39 83 3 35 116 24 24 24 24 35 26 45 24 100 
6 36 105 29 36 109 19 6 58 116 116 116 116 116 35 3 108 116 48 109 96 23 23 36 96 100 92 68 48 116 100 96 39 39 100 92 23 23 36 79 14 100 59 71 14 31 116 116 56 56 24 24 24 63 10 14 92 106 29 115 29 29 6 106 48 62 71 96 14 14 92 38 101 60 
100 79 106 92 6 59 58 100 116 116 116 100 105 23 59 39 38 111 8 92 100 59 86 62 62 14 62 62 62 20 116 116 68 116 116 68 68 56 78 24 38 71 6 109 101 70 87 101 38 59 120 109 
61 14 71 70 36 88 96 59 100 111 62 59 92 38 14 92 19 71 58 58 14 58 14 116 86 45 15 102 116 116 116 24 24 24 24 24 35 27 24 101 38 8 53 117 111 36 29 38 115 111 116 116 116 21 10 82 116 116 116 118 96 96 109 8 101 92 96 116 
116 100 79 39 19 115 109 109 96 115 14 48 48 116 47 1 116 24 24 24 77 28 1 59 6 118 110 41 60 118 100 109 68 48 58 92 81 59 96 118 19 14 17 55 45 118 39 71 39 118 96 117 59 
48 62 62 86 38 79 30 4 68 24 24 116 24 77 10 10 1 24 92 36 58 117 39 38 100 59 118 118 117 39 8 100 116 118 8 36 116 39 
112 8 36 116 14 58 100 100 58 48 71 38 6 14 86 59 38 48 116 100 100 110 38 86 41 59 48 86 89 59 17 107 45 1 21 102 24 24 24 24 24 
35 13 83 17 59 59 109 112 106 106 104 53 101 79 14 116 116 116 116 116 116 35 26 114 114 14 109 111 38 81 117 96 100 100 96 36 39 116 116 116 39 116 5 5 116 39 83 38 38 38 
23 39 62 86 38 96 101 109 60 86 14 101 23 38 14 58 109 30 34 100 116 86 116 56 24 48 56 89 24 35 27 17 39 36 81 38 100 61 100 96 41 
101 36 60 58 71 96 81 71 68 86 38 48 56 58 29 38 59 117 59 81 60 109 39 71 56 38 116 74 13 116 39 83 89 48 8 59 38 79 100 118 117 39 6 
106 23 48 86 92 71 14 71 48 102 48 100 118 32 53 38 48 116 24 116 68 68 86 56 63 27 83 59 6 58 68 71 29 120 8 53 106 38 48 86 71 100 
100 116 118 4 118 112 36 14 14 59 92 92 101 100 109 71 86 14 71 111 48 62 36 62 62 14 79 100 116 108 116 30 10 5 80 21 24 
68 56 1 24 24 50 13 24 39 59 109 38 100 51 6 79 96 61 96 24 14 101 48 14 38 62 1 35 116 50 13 102 86 109 100 100 29 96 109 118 116 
100 61 59 48 58 38 116 116 116 114 116 96 39 59 71 58 79 41 81 101 111 92 68 68 116 116 117 116 56 102 102 86 48 102 1 50 37 83 59 109 38 14 96 96 101 41 81 61 38 62 
14 14 39 56 102 23 106 116 48 96 62 111 39 101 39 70 100 115 19 58 116 38 118 116 
116 116 116 116 117 59 14 71 109 8 96 111 106 23 86 48 115 14 48 111 116 17 114 26 80 116 68 24 24 24 35 
21 64 74 1 59 62 106 81 86 105 105 92 111 58 14 115 8 117 89 116 109 96 111 59 36 8 118 104 109 38 109 38 38 115 59 71 38 14 100 71 62 109 115 109 60 86 116 38 71 48 116 21 82 5 83 77 1 116 24 24 
24 24 24 24 82 46 21 48 71 96 24 41 19 59 81 51 6 62 62 14 71 100 100 14 14 89 35 116 116 50 5 107 1 14 79 111 59 117 36 96 96 109 100 59 59 96 116 114 116 116 116 39 112 36 86 14 59 39 100 115 8 23 100 23 92 58 86 86 115 39 59 15 28 35 24 24 68 68 68 116 24 82 76 13 39 86 86 100 79 8 115 105 112 39 38 92 101 62 112 
117 86 56 62 100 14 100 79 60 101 59 118 96 41 101 89 58 116 94 5 50 118 38 48 36 39 115 38 36 79 81 8 109 79 48 86 115 48 62 39 14 116 116 116 116 20 116 56 89 
24 116 86 86 48 21 82 5 82 94 86 92 62 41 106 39 118 110 41 24 62 23 71 118 51 71 59 112 116 100 53 8 112 117 39 14 59 71 62 111 100 100 109 116 68 59 92 101 38 38 71 39 71 48 106 62 86 39 76 17 13 108 102 24 102 24 86 24 35 24 50 37 21 56 14 96 118 8 92 81 70 
41 106 92 62 86 102 14 92 14 89 35 50 26 108 102 71 100 96 36 59 117 118 100 100 6 39 115 96 116 77 17 116 116 116 100 96 59 59 100 109 100 100 70 109 23 14 92 38 48 14 114 82 
28 24 116 56 56 24 35 45 10 94 24 38 59 109 36 79 79 8 92 92 59 86 48 71 14 71 38 116 38 8 39 71 96 53 23 100 116 102 111 116 76 13 116 68 68 105 96 38 116 81 96 106 96 92 92 23 86 14 62 68 86 79 100 35 97 45 1 21 24 116 48 24 89 
21 35 28 82 114 96 62 14 58 100 8 81 70 111 48 62 58 118 53 19 101 38 116 116 118 117 36 20 39 39 109 68 62 38 116 38 79 19 71 59 48 86 92 101 100 19 59 71 38 38 96 38 38 92 6 118 5 5 50 116 116 116 24 24 
24 24 24 50 37 83 17 59 59 59 104 36 6 79 29 120 58 100 14 58 39 116 116 116 116 116 116 116 116 116 50 37 116 89 86 58 100 100 81 8 116 39 118 100 96 36 71 92 96 116 116 116 118 32 117 118 100 96 59 86 109 106 68 71 120 6 
39 60 71 62 60 14 14 19 14 48 48 46 38 68 68 116 56 24 59 21 63 28 82 17 14 100 38 38 51 8 118 100 72 23 38 101 92 92 88 96 92 115 86 71 14 56 14 
111 101 14 48 8 106 79 96 36 100 92 116 94 59 118 116 116 118 36 86 14 59 59 8 86 62 61 36 109 68 60 62 62 62 14 62 48 59 14 116 38 79 30 4 8 14 56 24 24 24 116 
86 48 24 82 47 21 62 92 62 48 92 29 110 112 87 62 62 38 116 116 118 8 117 48 58 100 100 4 59 36 96 100 81 96 38 58 62 48 100 59 92 48 86 59 62 116 106 71 38 92 48 14 14 96 71 62 120 62 1 83 59 117 116 116 116 116 21 56 
68 38 24 24 50 5 10 39 111 48 58 61 39 59 101 79 105 96 79 120 117 14 48 100 116 116 116 116 116 116 116 35 28 107 17 36 59 48 112 38 38 72 59 59 48 38 112 109 39 115 116 38 58 116 116 116 118 117 116 116 
117 62 59 41 71 62 36 58 48 92 62 14 115 116 116 36 104 4 72 36 100 48 24 24 24 24 24 24 24 50 28 76 102 21 24 81 41 24 24 4 104 36 6 59 24 39 100 53 118 116 118 117 116 86 92 38 115 71 68 14 111 96 14 83 8 
71 59 112 116 100 51 59 1 116 117 116 17 116 116 116 116 118 117 116 17 36 117 48 58 96 81 53 38 62 96 62 86 86 68 71 71 86 101 86 86 58 38 116 116 35 24 68 62 48 56 56 68 24 63 97 82 35 21 68 14 111 8 6 
106 106 112 105 14 115 39 62 92 115 117 104 53 48 14 96 8 36 96 53 106 62 115 92 48 48 71 101 58 71 38 71 36 92 38 92 68 14 68 1 24 59 13 24 48 1 24 68 48 1 27 24 48 24 14 100 100 117 96 29 117 58 14 14 62 96 116 116 
116 116 116 116 116 35 46 63 116 117 48 109 14 48 87 110 23 81 23 14 36 116 116 116 118 59 89 105 101 58 79 92 106 36 71 14 71 39 83 16 21 116 116 68 68 24 102 24 50 10 117 111 24 118 51 81 41 53 101 96 96 116 62 48 48 86 48 111 116 100 30 71 109 
112 58 38 86 38 38 76 45 28 50 118 39 59 101 101 39 111 96 8 100 71 109 14 14 71 86 14 14 86 68 68 118 116 116 116 116 116 24 56 116 48 24 82 97 63 102 86 41 92 106 36 117 23 38 48 14 
30 118 50 5 50 118 8 8 118 118 117 36 109 109 29 6 100 62 92 29 92 62 92 92 14 71 96 71 14 62 79 92 71 59 1 27 35 24 24 24 24 24 21 12 55 83 101 14 58 118 60 6 8 60 6 38 71 
