143 41 142 168 142 72 157 59 68 90 54 145 27 93 21 106 182 27 27 169 167 76 64 15 166 21 80 159 148 27 27 117 86 127 143 16 199 132 18 62 38 149 149 54 149 149 129 13 199 1 131 52 122 26 188 77 77 49 70 52 143 
117 159 145 16 143 67 99 102 117 117 117 18 62 161 161 88 122 167 86 151 110 63 158 27 63 117 173 105 127 166 142 41 131 63 32 81 143 41 180 149 13 13 54 199 76 186 179 146 194 123 199 76 42 177 176 27 68 175 182 100 102 110 130 107 167 105 192 143 167 163 41 90 102 117 104 168 168 27 63 63 90 199 16 155 62 1 95 199 13 166 131 54 181 76 
59 131 77 24 79 52 161 62 197 48 93 68 68 68 68 68 68 68 68 68 68 161 20 74 92 63 18 68 68 63 105 16 93 68 68 118 102 104 86 27 175 81 18 68 143 138 118 68 68 68 68 68 68 68 27 35 149 76 197 102 35 93 68 68 27 145 50 102 104 175 166 117 34 105 132 166 132 120 18 18 170 2 161 166 166 166 143 144 13 76 166 131 77 131 108 176 95 26 59 123 157 114 24 188 166 118 58 142 
190 173 127 180 143 104 182 21 34 151 45 18 35 27 68 68 68 68 62 68 86 109 109 147 117 104 27 58 120 90 175 175 63 120 115 120 58 166 166 166 102 122 166 102 93 166 161 170 18 93 166 166 166 166 166 166 166 166 166 166 131 62 146 136 42 194 194 101 9 60 177 59 111 35 21 27 68 27 50 102 21 27 93 195 18 190 41 175 
104 158 120 158 158 120 4 105 18 18 190 171 63 167 115 199 54 122 26 62 62 114 166 115 149 149 144 181 54 1 64 114 114 194 49 194 157 64 126 1 71 199 54 149 132 117 68 68 68 68 93 18 68 58 143 143 159 16 68 50 27 68 175 117 16 107 138 104 182 175 68 175 117 16 90 18 107 16 122 18 93 68 68 68 
93 18 68 18 18 107 145 68 145 27 27 147 159 167 159 145 145 27 143 120 27 143 192 
90 16 190 167 105 41 27 68 68 161 54 120 68 149 180 68 142 144 166 166 166 93 175 166 166 166 27 104 100 130 159 10 34 109 139 67 148 139 103 117 165 117 35 118 18 122 105 132 104 167 76 90 109 147 27 68 93 102 63 68 63 102 93 68 93 35 18 88 62 74 1 68 18 63 86 175 68 68 27 117 58 68 63 117 27 117 100 130 68 68 45 115 199 90 105 105 143 68 68 41 81 104 21 84 175 68 68 115 168 129 180 180 181 142 192 181 68 199 54 68 68 68 68 68 18 63 63 102 118 81 130 109 34 143 143 200 35 57 165 99 86 163 107 165 35 118 18 170 68 35 35 
93 68 93 196 68 196 93 68 68 68 175 169 35 68 68 
63 50 117 200 104 107 167 16 90 63 190 149 67 68 54 67 175 90 86 18 63 90 90 132 132 86 27 117 120 143 170 102 90 122 68 68 68 64 54 166 166 166 166 166 166 166 166 166 166 166 93 50 132 132 107 167 80 151 63 21 117 127 115 143 81 80 100 182 151 158 107 130 7 93 68 68 68 68 68 68 68 161 108 108 161 68 68 68 175 67 68 158 138 58 117 27 93 102 
58 50 54 63 166 64 43 88 18 122 54 81 120 158 148 159 104 45 86 4 165 182 27 130 166 166 16 50 122 170 2 108 188 27 175 77 166 192 180 142 54 131 166 166 166 76 59 88 155 136 26 88 92 59 136 114 101 191 114 170 88 166 105 90 192 158 81 102 102 130 132 13 122 63 8 74 155 90 90 67 45 99 193 138 100 67 159 168 105 115 142 
68 68 112 142 180 68 149 149 149 13 129 52 79 194 170 49 122 114 188 170 113 80 158 4 163 139 40 100 120 140 140 63 27 200 168 143 115 105 109 100 61 63 190 158 105 129 72 53 54 68 13 149 180 115 76 1 161 172 179 52 52 188 9 161 54 67 
27 68 68 68 161 108 9 88 68 68 68 68 18 93 93 28 18 50 27 68 68 93 102 68 170 58 18 8 20 68 7 16 16 93 93 18 68 58 58 68 18 68 170 18 93 93 18 170 166 35 58 68 18 93 68 68 68 166 175 144 115 142 129 76 166 166 166 131 9 64 188 188 8 102 155 176 95 161 
26 88 25 21 47 93 166 93 58 132 90 18 120 104 158 142 149 68 190 143 143 120 90 105 109 106 118 93 35 21 27 68 68 68 68 161 20 161 161 155 90 147 27 166 175 158 175 35 120 16 117 175 175 109 67 41 192 41 90 158 158 143 143 147 58 58 147 118 47 35 63 122 155 
41 115 199 129 166 166 166 149 54 52 76 166 131 108 62 9 95 184 126 194 194 188 62 26 88 92 122 107 86 93 93 21 120 199 63 117 27 93 35 58 18 111 18 18 81 175 68 175 67 115 117 167 68 18 
86 68 16 27 175 182 104 138 138 104 182 175 165 145 158 166 122 102 62 62 166 62 166 105 54 149 166 149 76 181 166 166 48 48 197 155 25 48 
122 101 134 179 25 188 166 142 134 131 190 158 27 148 127 127 87 104 167 34 67 171 90 91 181 13 54 88 136 123 63 122 181 115 63 63 107 86 118 21 
138 147 27 175 81 166 197 102 166 170 166 17 122 33 18 105 54 18 27 27 58 63 7 27 166 93 195 104 129 16 86 41 166 166 166 166 166 166 166 166 166 166 175 143 192 149 13 180 129 52 166 166 161 20 26 108 155 18 166 88 26 108 108 
131 16 93 68 93 35 18 88 28 21 21 27 27 35 18 21 175 143 84 45 147 27 41 120 107 63 27 86 117 169 130 63 159 68 115 93 68 175 105 68 166 149 181 129 54 79 48 95 43 20 26 108 68 68 68 68 
68 68 68 68 161 2 170 18 63 68 63 18 170 68 58 105 16 68 170 18 93 161 122 50 117 58 170 68 102 18 102 93 68 68 68 68 68 118 138 143 63 90 132 58 41 54 122 50 27 68 68 68 68 68 68 68 68 27 90 181 68 181 68 16 197 188 27 58 170 68 35 35 93 68 93 102 63 68 63 63 102 50 68 16 175 68 
68 68 175 120 63 105 104 58 18 18 93 68 68 68 68 68 68 143 104 68 199 161 166 143 158 77 76 166 166 131 177 79 1 197 197 188 166 166 54 54 180 129 54 166 1 191 114 166 161 24 1 181 129 181 129 76 181 76 199 175 136 163 193 200 185 115 167 109 120 171 90 41 179 62 181 149 166 129 185 179 95 174 
109 145 90 173 145 175 143 132 72 129 181 76 170 1 179 59 79 41 145 68 105 164 200 192 113 54 52 60 89 194 126 63 63 90 68 90 90 16 131 68 86 27 68 68 27 21 58 58 27 68 68 27 
58 68 68 63 102 88 63 68 64 64 68 63 88 18 145 122 18 93 68 68 93 18 63 33 68 90 86 93 68 68 166 166 175 159 90 105 18 166 102 122 68 18 68 18 93 68 68 68 68 68 68 93 196 8 188 68 68 68 68 68 68 68 68 68 68 68 68 68 68 68 68 181 181 180 175 68 166 166 166 166 166 166 166 188 54 199 88 155 71 166 142 129 129 166 76 131 166 146 97 97 1 1 194 122 79 114 54 197 54 149 122 52 54 48 143 199 194 95 68 68 68 118 58 16 58 93 93 196 88 18 58 68 68 63 86 175 68 68 68 175 50 16 63 167 63 58 105 
16 68 131 16 118 63 1 68 102 16 63 68 102 122 68 58 105 145 27 68 68 68 68 68 27 50 63 68 68 58 58 170 68 102 93 68 68 68 68 68 68 68 68 68 68 68 68 68 68 68 68 188 64 122 68 88 199 199 76 68 76 199 41 68 108 92 88 26 108 64 188 68 68 68 68 68 68 76 199 90 68 108 102 161 146 188 131 67 68 64 108 161 68 68 68 68 68 93 102 18 63 88 33 93 68 93 33 68 33 93 161 170 18 68 15 88 129 199 63 117 27 166 166 166 118 102 117 27 166 166 175 86 63 18 63 166 63 102 166 170 166 166 93 105 129 54 166 158 
166 181 199 188 166 166 188 108 122 122 88 166 175 197 188 166 166 166 188 177 97 95 161 26 146 199 88 60 53 48 166 
92 71 1 1 90 103 115 184 131 182 99 168 115 68 30 149 149 129 191 1 123 95 100 158 163 190 67 
86 167 142 83 13 181 187 170 126 97 197 188 68 68 68 68 68 68 161 20 26 155 120 182 27 68 27 102 120 167 120 58 93 68 93 102 18 58 105 16 68 62 68 68 68 68 18 18 18 170 18 45 148 80 21 90 168 165 159 16 129 90 18 63 18 122 90 145 68 68 68 175 120 68 13 54 41 41 59 131 166 114 123 188 166 132 199 60 79 49 64 59 48 136 108 49 79 155 123 199 59 1 146 131 145 117 145 
166 147 167 68 68 167 27 90 68 158 175 175 4 86 45 68 132 147 27 68 68 93 102 18 102 93 166 166 166 161 15 108 92 63 102 197 122 35 27 166 166 93 21 138 175 166 86 175 166 27 200 63 18 166 166 18 90 199 122 102 41 67 175 166 166 166 166 68 68 68 68 68 68 58 117 180 13 166 41 144 181 115 41 166 199 188 166 166 161 9 71 166 142 129 76 131 60 179 25 114 114 97 48 177 126 59 60 131 86 57 63 63 102 118 102 63 63 102 93 68 68 93 102 63 68 63 58 105 
16 93 68 68 27 50 63 90 190 18 107 145 16 115 181 105 117 104 63 90 107 109 147 166 1 63 118 175 197 188 131 1 59 166 146 64 54 131 131 166 166 166 166 161 1 199 1 108 54 197 188 166 166 166 26 191 1 188 26 191 1 157 71 122 71 63 163 173 16 68 1 38 188 76 199 90 165 159 107 107 109 16 63 111 
58 68 122 63 18 155 9 64 92 132 86 140 165 140 106 100 138 90 173 106 166 132 58 88 88 2 114 166 132 54 166 142 129 194 76 131 88 199 54 79 126 126 123 176 157 136 188 27 84 16 144 168 190 158 163 4 63 86 132 122 63 102 118 102 18 58 105 16 93 161 20 8 63 63 68 63 18 58 124 45 35 16 158 175 68 41 175 27 41 143 18 
109 143 173 27 68 68 68 68 27 21 98 117 41 142 52 68 171 13 76 54 166 166 166 161 146 126 97 188 131 54 1 155 179 179 31 114 49 92 126 93 7 68 132 182 175 175 182 104 159 35 50 124 102 81 105 143 100 16 127 4 168 132 158 104 175 68 175 86 4 63 100 67 90 190 104 100 16 105 
167 63 166 63 20 64 188 175 105 76 166 41 181 188 166 188 71 131 79 122 13 166 54 59 157 179 59 157 170 114 136 59 161 68 68 68 27 117 18 62 20 26 1 68 86 117 145 145 109 16 68 107 81 57 18 102 93 161 131 16 68 2 122 33 68 129 199 68 102 93 93 102 18 57 143 41 34 
27 168 132 63 107 105 20 15 188 166 166 175 50 197 188 166 166 161 95 97 136 192 129 131 54 26 88 191 60 146 24 97 101 122 93 169 163 90 144 104 120 67 100 80 63 147 165 159 107 120 58 88 68 68 111 130 105 159 159 175 117 21 34 151 182 16 142 68 90 104 167 105 181 54 68 20 
197 146 129 13 68 68 166 166 76 52 76 126 122 186 194 48 126 42 146 188 185 49 122 68 175 81 139 200 27 68 27 35 63 63 35 174 86 163 63 
190 115 143 167 16 63 4 107 90 132 171 120 105 171 148 143 169 58 129 76 166 62 3 199 13 115 144 187 129 166 188 101 188 52 186 199 52 12 126 179 85 176 188 49 188 197 16 93 161 20 74 187 41 86 175 68 68 27 21 35 118 86 138 58 88 102 122 2 170 122 145 58 63 90 
86 118 102 18 138 159 175 175 90 190 159 166 129 166 102 8 64 64 188 166 166 175 105 129 188 131 146 170 166 170 88 77 54 52 48 95 131 3 114 49 126 155 177 138 68 131 107 138 132 90 159 148 18 167 86 148 175 27 117 58 18 155 108 161 188 197 166 166 145 117 21 21 27 165 67 127 86 132 16 86 144 
144 143 68 68 175 158 16 58 32 117 132 142 180 166 13 166 115 129 48 166 188 179 122 59 199 146 183 197 197 60 1 53 42 188 86 109 45 158 181 86 147 68 145 107 18 102 118 86 107 102 200 142 142 68 63 143 90 86 104 104 158 132 132 163 120 27 63 63 90 90 34 67 105 175 
107 122 166 170 26 83 54 166 166 54 54 199 194 166 146 199 187 48 52 48 122 88 179 60 95 49 9 188 188 68 67 63 129 56 179 146 76 173 104 86 18 139 51 109 144 129 18 68 20 20 93 109 104 4 58 99 148 16 175 127 105 41 132 92 82 129 181 181 115 132 54 97 126 126 131 52 54 59 25 1 1 155 123 68 68 165 139 27 90 90 86 99 120 63 18 117 93 102 63 63 18 68 170 2 
122 63 58 105 145 117 81 57 118 158 167 86 132 158 192 149 132 182 175 68 68 68 68 68 68 68 192 132 166 149 90 166 90 155 71 59 92 59 136 188 131 154 188 187 53 62 157 62 35 102 105 145 27 27 35 63 63 102 118 102 18 120 104 143 200 117 105 63 63 115 192 163 168 90 158 63 104 4 4 149 140 167 127 86 132 122 63 18 166 88 
54 144 180 54 131 166 54 187 97 76 199 136 126 79 170 179 179 95 177 194 191 188 79 192 142 177 155 54 192 200 141 167 132 67 71 114 79 67 127 61 139 63 158 192 180 12 1 149 13 149 13 197 188 54 187 60 176 
101 97 1 60 151 171 127 145 158 27 193 27 158 158 158 76 177 64 181 68 120 99 45 34 168 132 120 190 115 105 142 180 192 27 200 142 180 142 180 149 129 181 52 114 54 199 79 177 155 123 177 185 31 174 63 105 104 200 148 58 117 145 145 171 90 
90 104 158 104 105 171 34 168 63 175 90 4 187 71 108 187 144 142 52 76 129 54 95 60 76 52 48 136 88 60 179 60 67 132 199 94 1 68 41 63 159 103 4 63 90 48 119 52 27 107 163 140 148 190 120 90 199 11 54 149 149 129 131 52 126 48 52 31 
49 71 155 136 68 124 34 173 168 16 139 163 193 174 109 16 155 43 59 68 109 93 139 4 67 173 107 104 115 192 13 68 29 142 180 115 142 180 149 131 146 79 131 122 53 97 42 31 180 115 124 174 110 148 18 86 173 105 173 50 63 67 143 168 127 166 191 24 52 166 166 181 52 97 197 76 197 136 25 157 131 68 143 
117 132 68 170 74 9 188 68 76 76 104 34 50 109 40 151 86 57 63 105 68 145 68 3 88 147 159 149 16 109 99 18 200 148 165 104 168 190 181 52 14 188 166 41 144 180 129 129 1 95 79 194 76 54 126 71 194 25 122 88 79 167 158 168 167 139 63 182 
109 41 146 133 63 173 41 107 61 164 127 115 132 192 180 76 69 54 68 180 149 149 129 77 54 48 59 1 88 1 188 88 166 174 148 90 106 121 27 86 138 148 200 168 127 90 143 4 50 145 168 190 95 
172 131 149 149 149 187 95 199 187 31 176 136 89 126 175 68 68 68 68 68 161 20 161 131 181 41 67 148 63 27 58 99 16 120 102 155 183 79 104 63 190 86 139 139 158 127 163 107 41 180 146 154 53 166 180 149 
54 166 166 157 136 48 52 13 76 74 95 136 60 161 58 124 86 104 163 163 90 104 34 163 200 151 10 107 92 63 18 20 108 122 143 67 18 34 139 93 106 190 105 168 144 180 142 168 77 162 13 68 68 68 180 142 149 129 77 
197 77 123 54 129 179 185 197 31 126 179 60 118 174 34 165 182 27 86 27 140 107 34 100 140 167 105 105 132 143 67 41 105 145 158 145 105 168 164 67 192 166 76 24 114 166 166 166 166 166 54 54 131 123 199 48 131 
131 31 179 31 136 12 48 48 68 161 68 118 95 131 117 122 155 112 68 161 8 18 58 68 18 199 1 33 158 105 143 68 68 68 175 34 58 63 21 175 68 175 51 27 181 105 41 131 
14 136 68 147 16 68 138 10 175 41 107 102 167 120 41 142 171 143 41 63 45 158 131 16 67 129 16 68 68 166 166 142 144 144 168 53 179 77 177 92 155 152 188 60 48 194 58 139 80 159 105 
192 163 143 107 63 145 10 151 120 105 107 58 8 26 64 129 86 63 171 124 57 139 190 168 148 105 132 67 115 144 132 68 38 114 129 129 13 68 166 54 129 76 122 197 54 54 122 188 95 177 179 64 126 
131 68 68 175 109 63 167 195 118 27 120 143 143 50 171 200 105 132 104 200 90 143 200 130 90 168 120 24 24 131 166 166 166 166 188 197 52 48 181 76 198 197 186 74 101 157 68 68 68 68 161 15 88 129 90 104 159 98 
63 18 93 68 68 68 175 120 68 161 93 68 26 155 62 102 81 27 68 68 27 10 81 68 145 27 27 81 143 190 159 68 90 129 92 68 88 170 17 93 132 
54 131 52 54 166 166 166 166 166 131 146 59 132 187 24 114 187 126 79 1 197 1 3 161 131 1 59 199 122 68 68 68 68 
68 112 63 115 41 158 117 68 143 99 163 27 165 175 57 130 100 117 93 147 18 86 63 41 163 86 58 175 143 173 41 173 200 175 68 68 68 68 68 68 68 68 192 144 54 188 79 48 155 157 31 126 187 191 68 68 143 99 37 175 163 164 148 147 147 139 67 41 4 190 41 
104 171 41 127 127 163 61 90 41 175 173 115 168 10 93 166 132 180 166 166 13 76 126 79 95 155 194 1 1 1 25 131 68 192 182 101 177 129 41 199 144 105 115 111 111 28 1 52 122 131 197 188 114 88 166 102 34 165 147 104 102 50 117 140 192 129 145 105 199 122 170 43 184 54 199 188 155 31 79 170 79 64 3 18 104 127 127 143 171 175 68 27 35 18 
102 118 18 170 26 20 166 21 120 16 169 41 143 57 63 63 18 166 166 166 18 93 27 50 166 175 16 138 190 192 90 105 62 166 92 3 131 166 175 129 146 13 54 54 54 146 131 176 48 54 1 146 142 1 177 155 122 199 95 
74 9 188 166 131 88 68 16 18 18 18 93 68 118 58 16 58 93 93 21 106 159 175 68 175 127 173 158 67 63 104 90 171 117 117 102 105 59 122 18 63 41 122 145 142 41 117 175 77 131 161 95 1 48 131 114 132 166 199 142 131 48 131 88 1 184 1 166 1 95 79 88 54 1 38 188 
166 131 161 188 181 149 68 41 143 68 68 68 68 161 22 76 68 68 63 35 27 68 68 68 68 68 93 18 68 18 63 63 18 68 58 68 1 63 93 68 68 68 68 68 93 18 68 68 68 58 102 105 16 93 68 93 18 63 102 68 68 68 33 93 68 68 93 
18 68 58 58 68 68 18 120 175 68 68 27 90 41 58 199 166 159 143 58 34 175 166 27 81 16 167 107 90 166 132 159 166 146 105 93 68 68 68 68 166 41 192 149 180 13 76 143 115 13 166 50 122 26 2 166 120 104 200 124 102 90 120 90 41 54 117 86 63 102 81 175 175 61 140 105 142 182 143 
166 166 27 54 68 41 190 84 81 90 142 41 34 159 34 34 158 171 145 27 163 175 173 63 68 122 1 188 68 68 68 68 192 132 166 54 181 13 54 1 122 122 123 188 179 114 59 88 31 79 143 141 159 4 139 100 189 189 86 182 132 4 40 190 67 63 143 143 109 63 138 139 67 105 143 166 145 90 88 15 166 63 131 199 76 
122 1 79 126 122 114 134 155 166 8 64 68 68 68 68 68 68 68 68 68 68 68 68 161 20 161 161 88 68 18 68 18 93 161 170 18 93 68 68 68 93 102 68 122 33 63 18 93 68 93 102 18 102 93 68 68 68 68 68 68 68 68 68 68 68 68 68 68 58 102 105 16 93 68 93 
28 170 170 28 93 68 68 68 68 68 68 68 93 33 62 161 93 18 68 68 68 68 63 102 88 122 63 102 88 122 68 58 18 8 161 68 93 28 63 18 93 68 68 68 68 68 68 68 68 68 93 18 155 188 27 145 
197 188 166 166 188 197 131 8 63 166 88 26 108 88 54 197 188 166 166 166 166 161 8 122 170 26 20 166 68 68 118 102 147 118 18 122 86 167 76 129 18 90 68 16 145 68 16 93 68 68 
68 68 68 93 102 68 122 33 63 18 93 161 62 7 50 105 63 63 33 122 68 63 88 33 68 62 33 118 7 7 93 68 68 68 93 28 63 68 63 86 175 68 27 104 100 130 105 90 105 143 105 50 165 104 90 90 159 90 142 166 105 159 34 143 166 68 175 50 197 68 35 63 63 102 93 111 86 86 175 131 158 
143 175 105 168 105 54 142 104 187 181 180 166 77 166 67 131 22 166 63 16 67 104 151 86 86 169 174 50 34 151 163 34 193 200 27 68 68 27 147 109 45 159 175 175 159 45 81 63 163 4 90 104 16 68 149 130 104 90 182 175 68 175 182 90 90 107 105 168 127 192 182 
143 68 68 143 105 105 63 90 199 68 107 143 115 171 86 181 115 144 199 182 45 127 158 107 166 90 170 38 131 175 132 181 149 180 168 199 131 188 64 62 114 90 200 192 166 124 86 104 104 159 163 58 139 105 18 138 192 158 130 171 129 17 68 142 67 128 86 90 143 120 93 173 148 138 45 130 104 
63 4 76 65 13 166 149 129 191 177 59 136 198 186 88 102 63 68 68 18 93 161 170 18 93 68 68 68 68 68 68 68 68 68 68 93 18 68 18 63 63 18 68 102 21 18 102 68 170 18 93 68 68 68 68 68 93 35 68 199 28 93 68 68 68 68 93 28 
122 68 18 68 18 93 68 68 68 68 68 27 50 63 63 199 54 196 88 18 58 68 18 68 170 18 93 68 68 93 18 170 68 196 62 161 68 68 68 93 35 76 122 54 68 68 54 181 13 129 76 131 197 131 95 155 64 64 77 187 131 188 15 161 161 62 111 102 147 93 93 18 63 196 63 18 118 18 63 196 63 18 93 
68 68 68 68 68 93 18 68 18 18 102 68 170 18 93 68 68 68 68 68 27 117 63 122 33 63 18 93 68 68 68 68 93 33 88 122 68 68 68 68 63 102 8 108 92 88 161 166 93 18 88 131 166 166 166 166 166 166 131 1 145 166 155 166 155 108 161 161 108 108 161 166 166 166 166 188 20 122 88 9 108 119 52 115 
167 159 45 120 173 43 143 158 164 100 34 171 76 6 68 166 149 56 27 120 107 106 86 27 4 18 139 120 56 90 145 164 18 171 107 167 168 115 68 68 144 180 68 149 76 114 114 95 88 126 86 174 100 173 4 145 104 50 104 190 120 104 15 
