5 40 54 123 40 130 14 28 38 22 91 112 38 90 130 36 36 36 36 1 32 38 107 50 74 72 72 6 92 118 78 77 49 129 2 45 35 49 6 107 36 118 23 57 6 107 33 122 37 
35 69 38 36 116 36 36 114 40 45 111 28 38 35 100 100 112 38 91 70 72 107 113 80 72 78 72 47 50 6 6 84 129 14 14 33 109 84 84 50 72 42 72 118 33 76 37 99 99 113 36 50 36 46 36 36 6 
123 40 116 116 36 36 114 130 129 127 38 45 22 60 91 111 111 55 60 31 77 118 109 70 118 36 78 78 77 26 70 26 78 11 11 26 77 122 80 33 84 74 49 99 84 83 33 36 36 112 2 5 97 54 40 36 36 97 130 63 1 85 90 129 112 71 103 127 22 11 84 36 60 45 63 66 28 84 80 84 78 23 23 6 107 102 102 79 33 129 38 66 38 35 
36 117 6 99 79 78 26 23 78 50 37 37 11 85 63 1 123 76 116 114 97 130 123 60 127 55 28 129 45 112 45 14 112 124 79 11 33 102 74 72 118 72 
72 78 92 84 127 66 36 1 2 33 77 118 72 62 70 92 72 110 11 11 62 102 50 36 19 36 2 46 125 129 36 11 129 114 36 36 36 36 97 85 81 1 85 91 22 91 85 91 101 13 95 77 118 58 83 62 79 37 122 83 107 77 36 81 129 40 40 123 5 28 55 5 88 
123 5 125 63 5 116 122 57 44 47 72 50 108 127 66 127 37 107 80 107 75 77 26 108 114 54 27 120 114 114 114 97 130 81 1 130 1 28 81 1 22 102 74 11 33 47 102 83 36 112 22 36 
102 77 58 6 107 80 37 116 11 43 125 97 114 36 97 55 81 
45 22 127 66 56 121 72 42 57 128 58 124 118 79 50 102 99 99 70 128 99 97 112 69 129 100 97 40 112 14 28 54 55 125 22 22 97 38 91 116 37 33 42 62 77 50 60 111 28 102 107 107 57 26 62 107 84 35 2 123 114 97 114 100 38 81 5 91 90 6 6 107 74 83 79 49 107 74 118 33 63 35 77 70 83 70 119 26 33 84 80 37 114 46 60 36 36 114 97 123 127 127 66 60 60 63 1 6 21 21 6 36 6 73 
92 102 77 107 107 33 74 83 50 107 74 11 50 50 80 99 57 
11 76 11 74 107 122 97 80 118 123 43 60 36 84 76 114 36 70 33 36 77 78 72 83 109 77 72 107 72 110 77 117 26 26 72 70 77 36 36 77 117 35 1 36 36 38 33 33 33 117 107 50 77 6 23 49 117 107 50 77 77 118 117 77 70 6 6 61 104 33 23 33 107 78 77 107 124 47 70 65 107 107 13 2 101 14 
120 114 50 37 97 31 10 10 6 77 118 23 77 77 57 42 106 118 49 129 129 72 110 79 79 77 77 118 117 62 79 78 77 77 70 6 6 36 36 1 32 14 35 61 123 36 23 107 76 118 73 33 72 73 83 33 70 122 84 36 36 36 36 36 36 77 72 129 1 36 36 77 
113 114 116 76 116 36 116 37 122 100 127 1 36 13 6 36 118 23 11 11 74 77 72 95 23 77 77 118 117 33 23 6 36 36 6 21 21 6 36 6 13 36 13 36 35 117 77 36 36 36 6 23 36 129 61 36 35 36 36 117 
77 36 6 33 112 36 21 36 35 117 117 36 49 6 36 36 6 23 33 33 33 38 23 129 3 1 36 36 36 77 107 60 36 50 100 22 36 77 117 35 66 19 1 36 36 36 36 36 36 36 36 36 6 13 36 13 6 36 6 23 49 23 65 107 80 117 49 26 33 
36 36 36 36 36 1 35 49 6 36 36 36 36 49 49 23 36 35 49 6 6 21 21 6 6 21 49 38 23 33 129 46 2 36 129 33 21 6 6 23 36 33 42 77 36 6 13 36 23 33 49 36 38 3 1 36 36 36 36 36 36 36 36 36 36 
36 36 36 36 1 19 66 35 49 6 36 6 21 21 6 36 6 23 49 23 6 36 6 21 49 38 23 33 49 36 36 6 13 38 49 117 36 49 6 36 36 36 6 21 
21 6 36 6 23 33 129 38 1 1 2 13 6 6 23 49 23 6 6 13 36 23 33 36 36 49 6 36 36 36 36 36 36 
36 36 36 36 36 36 6 107 123 97 76 80 5 22 36 36 36 36 36 36 36 1 19 1 36 36 1 35 49 6 6 23 49 23 6 
36 36 6 23 33 33 23 6 6 23 33 33 23 36 60 107 36 35 49 6 77 6 21 21 65 42 78 72 6 102 50 92 57 33 99 50 76 37 33 50 79 72 92 83 116 37 62 123 123 36 36 36 36 
36 40 114 36 54 120 1 96 1 100 130 5 91 19 127 5 37 76 36 36 36 36 36 72 37 108 83 107 107 23 73 109 33 107 49 129 2 38 72 77 76 11 33 33 79 
92 102 102 6 102 74 62 114 50 68 13 84 36 76 113 76 97 123 5 1 111 93 91 93 60 85 115 91 90 35 6 83 99 62 107 77 70 70 49 23 72 102 33 33 36 49 48 73 
118 11 78 23 107 72 65 62 83 77 107 50 113 76 37 84 36 36 36 36 36 36 36 114 40 123 90 14 91 85 129 120 14 66 56 129 93 35 49 6 36 36 6 61 33 49 6 6 10 79 50 77 36 77 118 49 33 49 36 49 6 36 107 26 49 97 76 49 11 36 36 11 33 
74 118 118 37 108 102 40 114 83 77 11 123 72 72 62 79 33 102 33 49 35 3 125 60 123 123 116 36 123 40 60 60 127 28 85 28 85 100 123 129 91 22 81 1 112 123 
62 36 120 50 107 36 22 125 35 3 129 36 36 36 33 77 107 36 118 118 49 13 33 117 118 118 49 33 49 36 129 46 46 129 36 49 33 33 49 33 72 77 65 33 102 110 11 70 118 33 80 37 33 23 36 36 36 84 122 54 114 114 40 120 81 130 112 91 19 36 125 28 127 1 66 23 33 129 37 102 107 11 37 36 11 50 36 50 107 36 77 117 33 61 65 23 49 
99 11 36 36 36 49 36 19 46 129 36 117 117 36 49 6 6 78 117 49 33 79 11 72 70 97 97 73 84 97 33 33 33 6 36 1 3 38 36 49 125 123 116 50 97 120 123 36 36 36 36 112 45 112 28 2 112 40 100 5 91 85 22 125 91 91 5 107 102 6 57 77 106 42 26 107 72 77 26 26 11 109 57 33 84 11 76 80 107 50 49 110 118 102 36 36 107 117 
20 125 56 123 116 100 36 11 123 85 35 22 1 56 5 5 81 127 127 35 91 1 
36 36 36 36 36 1 3 35 40 80 83 118 76 77 72 109 75 84 107 110 83 33 33 79 77 36 36 6 79 116 113 78 57 118 75 50 77 72 36 84 6 77 33 2 101 63 22 107 76 97 36 37 97 60 60 81 127 127 112 130 127 45 93 91 45 81 50 74 50 33 11 76 72 124 128 121 102 50 72 77 49 118 36 6 10 67 50 108 77 72 23 72 77 72 102 102 72 79 99 107 33 107 50 11 
76 36 37 122 76 9 36 36 36 36 116 116 114 97 100 60 100 56 35 93 127 55 35 54 93 90 56 112 36 77 42 117 33 80 70 21 36 117 21 6 36 77 78 110 77 36 77 72 72 99 62 26 84 36 84 107 122 50 78 80 80 11 97 50 70 77 79 107 77 58 37 37 42 36 32 2 54 36 36 36 36 37 37 36 91 63 66 1 129 72 106 78 102 
110 77 121 124 124 92 99 74 107 36 36 36 36 84 33 5 25 91 5 36 36 79 118 79 107 10 107 107 6 107 78 124 84 11 70 36 28 3 1 6 49 36 49 49 77 108 50 72 77 109 58 26 76 50 92 102 107 36 129 105 45 116 114 54 36 11 123 36 117 20 66 123 62 84 36 36 72 42 
78 65 42 58 72 62 80 84 78 36 6 23 36 37 83 74 36 11 79 77 77 77 57 110 72 62 72 23 49 49 33 11 72 36 3 35 36 36 49 33 33 23 113 33 42 36 23 26 109 50 11 72 62 84 50 26 76 122 36 38 36 36 6 76 36 114 76 116 97 116 36 66 19 1 36 36 36 102 49 83 58 6 6 82 
84 113 83 102 102 36 6 21 21 113 79 118 80 42 6 77 6 23 23 62 107 118 79 33 77 80 11 57 84 36 37 70 77 70 77 99 50 110 79 77 26 38 36 46 28 120 97 114 114 116 37 120 130 38 63 36 36 74 102 102 79 42 78 77 
106 109 77 92 83 107 84 76 36 84 76 60 22 6 33 20 1 1 60 79 118 79 36 72 49 36 49 118 118 78 110 57 72 107 36 36 36 36 36 36 36 77 118 33 100 58 62 116 109 107 76 65 26 50 62 37 37 108 80 
33 107 125 25 22 107 36 114 36 76 76 70 35 25 60 36 123 40 11 23 77 117 65 77 94 102 50 102 76 116 11 65 6 70 11 37 37 80 108 36 102 33 72 74 77 95 77 77 118 117 26 62 97 123 36 5 24 38 36 70 11 
129 117 117 49 33 107 6 23 121 77 113 102 122 113 33 50 113 36 26 102 107 36 1 19 127 22 84 76 76 116 114 40 36 70 125 29 
36 62 99 107 50 79 23 79 95 47 79 74 99 72 33 36 6 21 21 11 108 77 6 21 21 65 42 72 74 77 107 36 37 77 57 102 37 50 102 122 72 107 99 124 72 102 84 36 102 11 122 107 22 101 89 85 
123 36 36 36 36 36 36 1 63 38 85 80 113 11 102 119 77 11 9 23 75 122 37 62 107 84 36 36 36 36 36 36 22 89 111 127 123 33 50 79 23 49 33 42 72 102 6 58 76 40 33 6 36 36 36 77 77 110 102 62 84 50 78 92 70 72 83 108 113 102 
74 102 78 4 6 84 36 36 36 36 36 60 2 101 125 36 76 77 78 26 23 77 70 9 47 79 50 37 108 78 110 74 74 80 36 37 77 102 26 110 83 109 77 118 70 74 11 129 33 23 36 19 46 129 36 49 33 84 107 6 77 77 
73 47 79 33 107 99 113 84 108 113 26 84 36 77 42 87 62 36 114 40 36 116 76 114 22 1 43 129 84 77 84 107 77 78 58 92 117 33 102 37 80 65 70 70 106 77 23 121 75 58 62 33 107 77 77 99 107 99 77 77 50 49 79 108 37 49 129 25 22 36 36 36 36 36 22 15 14 36 77 
26 117 47 92 117 70 124 26 79 36 36 36 36 36 22 25 85 36 80 70 57 83 83 117 118 77 102 116 80 36 77 118 49 49 77 102 83 83 47 78 11 83 33 74 11 18 36 36 114 114 36 36 36 91 2 84 102 26 92 77 92 92 70 26 80 50 74 57 84 84 102 107 72 58 
77 78 72 102 70 33 79 77 36 36 36 77 109 83 33 110 107 72 119 102 77 33 113 99 50 11 50 50 50 9 36 36 116 116 36 116 76 114 96 114 107 74 26 70 72 95 75 72 107 33 57 70 
82 11 74 95 117 44 118 102 77 72 50 102 102 107 99 102 124 74 79 79 99 79 11 36 37 14 46 40 36 36 36 36 36 36 36 36 22 24 36 72 107 121 42 23 72 117 92 107 77 72 36 36 36 60 2 66 36 36 36 6 57 118 128 121 72 102 118 36 
36 77 78 110 78 79 110 70 57 79 99 108 122 36 64 54 36 36 36 36 130 32 100 33 26 6 109 106 118 6 77 70 116 80 79 102 6 33 57 58 124 11 35 69 14 6 110 74 49 6 118 23 33 
113 50 50 37 107 78 13 10 76 36 36 116 114 130 2 2 54 36 102 117 79 23 110 107 77 33 6 6 23 49 21 77 36 6 21 117 36 49 
65 21 117 36 11 79 77 77 79 80 62 107 26 11 37 33 107 113 36 77 77 109 107 37 23 33 80 37 123 33 35 101 14 100 60 40 36 36 36 36 36 
22 3 129 35 33 33 70 65 72 26 59 42 72 78 11 36 36 36 36 36 36 22 15 125 125 84 70 72 107 6 23 118 77 77 118 117 49 36 36 36 49 36 19 19 36 49 129 107 107 107 
83 49 99 37 107 118 72 70 118 37 84 72 83 107 84 79 70 13 17 77 36 37 116 114 36 113 97 123 36 22 24 35 49 117 6 107 77 82 77 57 106 
72 117 118 79 62 118 6 62 76 113 107 108 97 79 92 107 33 23 33 6 118 70 110 62 97 107 36 28 3 36 49 129 123 80 21 33 107 78 77 6 23 49 26 
26 83 113 37 102 74 84 62 113 40 80 77 6 48 42 107 113 116 114 36 116 116 37 97 91 24 129 33 26 79 116 62 92 124 121 42 26 107 113 113 62 77 
77 36 6 10 6 65 117 11 11 33 102 102 72 77 70 74 37 11 74 72 80 50 47 50 99 11 78 83 116 85 36 13 2 19 112 60 36 
116 114 54 36 36 1 3 36 49 33 70 107 77 73 26 78 118 82 118 36 84 72 80 84 107 50 100 22 36 1 3 40 37 70 77 77 92 57 70 6 36 
77 82 33 80 79 107 36 36 36 125 36 118 49 33 62 79 78 23 6 72 72 102 76 76 36 36 23 36 114 40 40 37 108 40 54 1 20 129 33 70 107 84 57 57 72 106 6 82 107 50 
99 11 49 97 40 83 26 36 113 118 50 72 110 72 49 95 83 77 78 79 36 107 6 36 
36 36 36 36 23 33 11 74 70 121 57 72 26 83 37 113 79 11 122 72 36 35 125 15 112 36 76 114 36 36 22 
60 90 28 100 33 50 26 6 37 109 109 102 72 79 11 77 21 23 123 36 70 118 72 33 117 21 6 59 70 74 70 107 107 77 33 74 107 11 77 62 99 70 77 70 118 37 36 107 62 80 36 60 66 19 5 129 54 36 36 36 
36 36 36 36 66 29 60 108 62 118 36 106 124 33 6 73 26 50 50 84 74 77 77 84 11 123 22 36 36 1 19 101 100 11 78 72 33 23 117 118 118 70 77 33 33 118 36 125 36 36 36 49 65 117 37 11 33 49 77 77 121 83 77 83 102 79 113 37 77 49 33 46 32 22 36 36 76 76 116 116 36 66 38 3 49 113 37 77 78 121 77 109 119 49 107 102 72 99 65 
23 37 114 99 77 84 77 78 58 72 33 6 118 106 72 123 79 36 127 19 1 6 107 80 117 49 77 107 117 78 6 21 70 78 80 37 77 108 99 49 84 36 36 36 36 9 36 97 123 
36 116 37 37 80 60 66 19 66 127 37 102 50 106 72 49 58 109 106 36 50 83 62 6 73 62 33 65 36 77 42 21 65 23 49 11 33 62 99 72 77 77 70 36 76 33 102 72 107 74 74 110 62 80 72 99 37 49 38 35 3 85 97 36 40 36 76 114 22 36 1 20 60 114 84 118 6 21 102 6 95 
106 26 102 50 37 40 122 102 11 123 22 1 15 85 40 74 77 57 117 33 23 6 77 77 26 49 77 118 36 129 35 36 36 36 77 118 33 33 77 70 77 77 95 128 83 84 102 107 108 11 125 66 
32 36 36 97 114 36 22 14 2 127 36 107 33 110 47 78 78 119 102 102 33 37 80 74 11 74 107 36 107 121 49 74 118 42 83 77 36 40 72 36 38 3 36 76 116 109 57 107 36 6 57 26 118 102 102 83 76 11 99 116 37 78 77 22 63 14 100 120 114 36 108 36 123 
60 22 32 66 125 57 99 84 79 77 121 6 95 72 113 50 79 6 42 78 72 107 36 36 6 23 117 9 49 49 70 76 50 107 36 107 78 124 74 33 80 37 102 72 77 124 33 74 107 107 118 107 107 102 26 6 19 19 1 36 36 36 36 36 
36 36 36 1 20 129 35 33 33 33 59 117 26 78 92 124 79 77 84 79 49 36 36 36 36 36 36 36 36 36 1 20 36 123 37 79 77 77 6 21 36 49 6 77 118 117 62 102 118 36 36 36 6 48 23 6 77 118 33 37 70 26 116 74 124 26 
49 58 74 50 118 122 84 78 11 80 113 29 107 76 116 116 97 114 33 60 91 32 66 35 11 77 107 107 73 21 6 77 61 83 107 72 102 102 44 57 102 77 37 74 11 114 11 
72 72 11 80 121 26 78 57 117 77 62 36 127 33 6 36 36 6 117 37 11 33 33 21 37 50 82 117 70 76 118 50 99 50 11 99 108 33 84 36 107 78 13 10 121 11 114 114 36 36 116 
37 80 36 66 64 60 99 102 50 113 102 92 109 65 75 50 50 107 36 36 6 21 23 80 79 77 77 10 33 117 118 77 6 118 107 79 50 113 77 33 102 113 37 33 50 36 26 62 107 102 80 11 84 57 74 50 124 50 100 129 33 23 36 36 36 36 60 97 
76 107 36 36 1 19 2 49 72 80 79 82 49 33 72 78 47 57 78 124 23 84 122 77 36 36 36 36 36 36 36 22 32 101 35 117 33 113 65 107 107 61 33 33 80 107 65 70 110 77 36 107 79 36 36 36 6 23 36 36 
23 50 33 106 62 50 47 79 113 102 99 84 77 36 36 117 59 10 61 117 77 113 36 36 36 36 36 36 36 1 32 38 40 60 36 6 23 36 36 10 59 117 26 33 36 110 83 42 6 36 6 23 36 37 102 107 77 62 76 122 72 118 11 129 21 
62 33 65 36 77 73 33 100 36 23 36 35 36 36 36 36 6 23 36 35 117 23 80 79 118 6 42 107 50 118 50 37 37 76 62 74 37 72 113 37 79 107 36 36 22 114 76 50 122 114 114 116 114 91 63 66 22 120 116 11 72 21 26 
72 26 119 47 99 79 110 99 102 77 23 59 42 113 11 118 21 117 118 42 26 99 77 102 80 80 74 72 79 74 107 62 117 62 107 102 76 11 76 100 36 33 3 36 113 54 114 116 108 100 24 36 80 36 99 77 83 23 57 92 23 79 84 11 50 57 36 36 
36 36 36 36 36 22 105 91 36 23 80 70 84 113 75 109 83 6 83 84 117 36 36 36 6 33 123 109 72 79 78 62 72 117 62 122 62 110 129 43 60 36 36 76 116 114 40 36 1 2 23 72 36 6 73 6 106 42 72 118 118 36 50 108 108 76 80 72 36 77 13 62 70 
119 79 107 37 107 107 38 14 32 1 6 49 33 72 72 49 72 118 121 77 62 128 11 122 62 37 11 11 37 116 76 6 36 36 36 36 36 114 114 36 113 36 66 63 91 40 37 106 102 72 117 23 83 107 108 84 
13 6 1 19 1 6 21 21 6 6 23 117 70 128 92 26 77 50 102 92 102 50 102 102 11 74 118 62 84 50 78 62 62 33 100 24 22 36 36 36 36 36 60 81 69 129 72 11 79 6 58 26 121 58 26 107 74 
