48 48 32 60 39 39 16 40 32 26 26 26 26 26 26 26 16 11 16 16 39 10 26 65 15 26 26 26 15 19 15 26 26 26 15 27 47 42 39 39 26 47 27 26 27 26 40 27 15 26 26 26 26 26 26 
26 26 26 55 8 27 44 10 10 15 55 55 8 66 27 48 48 26 10 37 65 55 10 15 27 47 22 54 19 15 15 37 48 26 10 1 1 26 26 26 39 45 40 45 40 48 32 60 32 32 45 52 40 16 40 1 1 1 45 32 47 10 47 10 47 8 8 65 28 26 47 67 15 10 65 47 
47 65 37 65 20 37 26 26 26 48 4 10 10 55 55 8 8 8 27 69 15 26 15 7 27 27 26 27 15 26 26 26 15 27 47 42 47 27 62 27 27 66 8 39 32 27 48 26 27 26 48 37 10 55 10 37 10 10 26 37 47 55 10 47 15 10 65 10 47 55 26 48 65 56 65 37 65 47 47 27 10 65 66 47 39 27 15 16 11 53 26 50 40 26 65 48 48 26 48 48 48 50 
60 39 40 60 1 32 39 60 39 1 70 60 39 40 48 48 39 48 32 40 26 1 48 39 27 15 26 26 26 26 26 26 26 7 40 16 66 27 53 27 27 50 7 47 27 15 26 26 26 26 
26 15 27 8 7 26 27 15 26 26 26 15 27 26 66 22 15 26 26 15 2 7 62 27 27 66 47 39 27 15 15 27 26 66 27 50 27 69 26 50 22 10 26 26 26 26 26 26 26 26 55 66 40 16 15 27 65 39 26 26 40 52 3 16 16 39 8 55 26 26 26 26 26 26 26 16 1 1 11 16 26 16 50 39 40 40 39 16 45 3 40 39 50 47 26 3 
26 66 26 47 37 55 55 10 8 1 32 8 26 10 55 26 26 15 7 27 27 26 27 15 26 15 7 47 47 47 50 42 26 40 26 26 15 42 50 27 22 15 26 26 15 27 26 27 27 22 55 39 40 27 10 55 47 65 47 26 26 26 27 47 47 27 47 8 55 26 26 26 26 
15 27 47 44 19 15 26 26 26 55 37 37 37 48 48 37 48 48 1 26 
26 26 26 39 40 60 45 39 32 32 1 1 39 40 39 39 3 60 16 40 39 48 48 39 32 37 32 40 40 40 52 16 26 15 7 47 47 7 62 22 22 15 15 27 8 7 40 26 27 26 27 15 26 26 26 26 15 7 26 40 27 27 55 10 47 37 48 47 55 10 67 10 47 7 40 27 8 10 16 1 10 15 26 26 26 15 42 53 26 22 27 50 26 26 26 26 26 26 26 26 26 26 26 26 26 39 16 39 32 7 11 50 60 40 48 39 63 53 40 40 39 48 1 1 39 15 10 26 26 26 26 26 16 29 3 32 65 10 37 
26 65 47 7 7 8 48 27 55 55 22 47 26 47 7 26 53 26 
42 15 26 26 55 38 27 10 10 8 55 55 27 65 65 47 55 37 26 55 55 65 40 3 29 39 26 10 37 48 48 26 1 45 1 16 39 40 16 60 3 52 16 1 50 50 60 39 39 1 47 40 41 10 48 26 8 27 15 26 42 27 8 67 10 8 65 39 67 56 27 62 19 15 15 44 47 27 15 42 69 47 67 26 8 47 10 27 8 8 10 26 62 8 47 7 65 48 39 27 15 26 26 26 26 26 15 42 53 16 26 
26 26 8 37 48 39 26 26 26 39 1 32 40 60 40 50 16 39 45 3 16 16 40 39 40 40 1 39 69 7 15 40 27 15 26 26 15 19 15 15 7 47 47 7 26 39 8 26 39 10 15 26 16 1 10 15 15 67 10 47 27 55 26 37 67 67 10 55 69 26 37 10 10 37 26 26 27 40 26 42 26 26 26 
26 26 26 26 26 26 39 30 60 39 45 60 1 3 45 39 39 40 39 39 39 47 66 26 65 37 26 26 26 37 32 39 26 16 24 39 26 47 65 48 26 27 8 66 38 62 27 26 27 47 26 47 27 26 26 50 23 50 22 27 26 27 47 27 7 
65 10 15 65 26 15 22 47 8 62 26 26 16 3 46 40 65 48 48 26 37 48 48 26 26 48 26 48 1 40 16 1 16 50 60 1 39 40 1 40 3 40 40 39 47 55 26 16 40 42 59 65 37 37 37 37 10 10 10 8 69 22 10 55 59 8 55 65 37 47 26 47 
55 26 55 27 65 47 27 47 10 8 10 10 59 8 10 65 65 37 55 47 65 27 10 26 26 65 10 10 26 26 26 15 27 47 44 19 15 26 26 26 10 26 48 48 37 37 48 32 1 40 39 40 50 16 40 40 1 60 53 40 39 40 60 32 32 40 47 66 67 
67 27 27 55 47 8 69 67 56 10 10 59 8 47 47 10 55 15 38 65 10 37 65 67 65 15 65 65 65 65 65 10 27 47 37 65 10 37 37 65 55 65 65 10 37 10 47 37 10 
37 39 16 16 61 40 48 48 48 26 26 32 48 48 48 32 39 50 45 60 39 1 32 60 40 40 60 40 60 39 48 27 48 37 65 26 26 26 26 26 26 15 67 47 
47 10 37 10 65 10 69 27 8 47 47 8 47 47 10 47 47 48 40 58 29 39 55 69 27 8 10 8 27 10 10 55 10 55 47 10 8 47 65 
10 55 26 26 26 10 37 48 48 26 26 26 32 1 1 16 1 60 40 40 50 16 60 40 40 1 39 26 26 55 37 65 15 37 37 10 47 69 47 47 66 69 8 27 65 1 18 26 7 66 27 37 10 8 47 69 8 
65 47 8 55 65 10 10 37 47 32 48 48 27 15 16 53 42 15 26 55 26 32 26 37 48 26 26 48 26 26 26 48 39 32 48 16 16 1 40 39 48 60 40 39 16 3 26 1 60 47 26 15 41 47 37 66 62 7 27 
55 69 67 55 66 8 65 65 10 37 37 10 10 10 10 65 10 8 8 65 37 10 37 37 55 65 65 27 27 16 9 32 26 48 48 48 48 48 26 32 32 1 16 60 60 39 40 63 40 39 60 32 48 16 40 39 26 26 
26 26 26 10 8 10 5 39 65 37 65 47 10 10 10 69 69 47 65 55 55 10 69 55 26 10 47 26 15 27 55 66 69 37 37 8 27 8 47 47 65 65 47 8 37 37 55 10 26 48 23 26 65 26 48 48 26 26 26 48 32 32 16 39 1 39 60 60 63 16 39 1 39 1 40 
26 10 8 8 65 37 37 65 10 8 8 69 67 8 69 27 37 26 47 58 11 16 15 27 55 47 27 7 27 8 27 65 37 65 10 47 10 55 65 26 37 10 10 26 65 43 22 
8 8 37 26 37 26 48 48 26 48 32 48 39 60 40 39 40 45 16 60 60 32 40 1 48 55 59 69 8 67 10 7 15 27 22 27 10 65 37 47 55 55 65 65 8 65 10 55 10 47 65 26 37 8 10 47 47 7 58 61 26 37 26 26 32 48 48 40 1 39 32 32 60 1 40 45 40 40 1 1 60 48 1 39 26 26 26 26 26 26 26 26 26 16 11 3 16 10 65 26 26 37 47 47 8 10 8 56 8 69 55 10 8 55 26 65 55 26 26 10 8 27 47 10 47 8 55 66 10 37 8 10 10 10 65 10 37 
47 26 26 26 26 10 26 26 1 32 1 1 32 1 1 40 60 3 45 50 1 39 1 37 55 10 37 10 10 10 37 10 8 27 27 69 15 69 27 39 26 40 18 39 55 27 47 27 8 47 47 69 55 65 37 10 47 55 65 37 65 10 65 26 65 8 47 22 6 10 37 37 26 26 26 26 48 26 26 48 48 32 39 60 39 37 16 50 39 40 39 16 60 1 39 16 55 10 67 10 26 15 7 66 59 59 66 47 10 8 47 47 65 10 10 10 65 10 55 47 
55 55 65 65 10 65 47 55 37 26 47 50 50 5 39 37 48 32 26 26 1 60 32 32 1 32 
32 1 39 16 50 16 40 1 39 48 32 37 26 37 60 50 37 37 37 8 55 10 8 59 65 1 28 39 47 47 10 69 55 
65 47 10 37 26 50 26 32 32 1 1 39 32 48 63 3 48 26 47 8 10 10 65 37 65 10 8 55 10 69 47 26 55 22 27 7 15 26 26 15 7 66 15 10 26 47 27 69 47 65 65 47 37 37 10 10 37 65 37 37 55 38 42 66 59 8 47 26 26 26 48 32 26 26 32 48 1 40 39 1 39 40 60 70 39 48 48 32 1 27 6 65 47 67 15 6 55 8 47 65 10 65 37 65 55 55 37 65 10 26 32 9 39 32 48 48 1 1 48 32 39 52 60 
48 32 26 26 26 26 26 3 58 60 26 65 37 26 10 47 65 8 56 56 8 8 66 47 10 47 47 67 54 54 55 55 27 47 69 10 26 37 47 66 10 37 10 65 37 10 27 47 65 48 48 47 26 15 26 26 48 26 26 1 32 1 1 48 40 1 1 50 39 40 16 39 39 1 63 48 55 10 65 8 55 10 56 59 8 64 66 
55 10 27 8 55 55 47 65 65 37 26 37 10 46 39 26 48 26 26 48 32 32 16 16 50 40 32 39 55 59 69 65 65 8 59 56 59 59 56 47 10 65 10 65 10 8 47 37 65 47 47 8 37 37 55 37 65 8 47 47 56 62 26 26 26 26 26 26 48 48 39 39 1 32 32 60 16 39 3 40 1 60 60 48 26 48 37 10 26 
26 26 26 16 57 39 48 55 37 65 47 65 65 47 8 55 10 55 8 55 67 10 65 67 26 10 55 26 26 26 26 55 69 8 47 10 55 8 8 27 67 10 65 10 47 47 55 8 26 37 8 15 26 26 55 26 26 26 65 39 32 32 1 1 40 39 50 50 16 16 40 16 48 48 40 39 65 65 10 10 47 
27 27 69 47 69 27 55 26 26 26 65 55 8 8 27 67 27 65 65 65 47 47 10 37 26 65 10 26 26 65 37 26 26 26 26 48 48 1 39 60 32 1 3 16 60 39 40 39 39 38 55 15 15 27 66 55 10 15 66 7 62 66 47 27 8 37 10 65 37 47 8 47 
10 37 37 47 55 55 10 37 65 10 37 37 37 47 66 47 55 67 26 26 15 19 44 7 10 10 65 48 48 26 26 48 16 32 1 1 32 40 1 16 46 60 39 32 1 40 60 26 26 26 26 10 65 48 16 26 7 47 37 7 55 55 19 47 26 26 27 15 15 7 47 26 39 
39 42 39 5 27 47 37 7 55 26 26 42 69 47 59 7 47 55 27 16 16 23 61 26 65 48 48 48 26 37 48 26 37 26 3 30 60 39 16 45 40 39 40 26 45 3 26 26 26 10 56 55 65 65 65 37 65 56 55 10 27 69 10 55 26 30 40 65 6 47 65 69 
15 55 10 47 47 65 10 65 37 37 26 65 10 26 26 55 26 26 1 1 48 26 26 26 26 48 48 48 32 32 1 39 1 39 30 16 50 60 60 
39 48 40 39 10 37 65 8 38 22 62 41 69 55 55 26 55 7 37 27 27 10 67 66 55 65 10 65 65 65 10 27 47 27 65 55 10 37 69 27 26 26 39 5 39 27 10 26 37 26 26 10 32 39 
1 16 40 39 40 16 61 3 60 39 40 50 26 39 26 66 40 3 45 61 50 26 40 39 26 26 26 26 26 26 26 47 27 40 47 67 55 26 55 15 22 47 65 26 15 10 37 8 55 47 26 47 47 53 27 66 26 26 27 15 15 7 27 55 10 47 55 
65 10 37 37 8 37 65 47 47 55 65 69 65 26 65 67 65 47 27 47 48 40 26 53 11 16 15 48 48 26 37 37 48 26 26 39 16 50 63 1 39 3 39 50 40 60 3 39 16 26 26 10 55 59 69 55 66 55 15 7 47 26 26 47 7 26 40 27 15 26 26 15 7 47 47 55 69 55 26 55 8 
22 8 69 15 37 10 10 10 10 37 65 10 55 26 26 26 26 26 15 41 34 67 37 8 10 26 26 26 48 26 26 32 40 60 32 16 26 61 60 37 40 45 16 16 9 32 48 48 1 7 62 19 44 27 67 59 66 27 26 27 15 15 7 27 22 55 55 66 55 37 65 65 37 48 55 10 
26 37 55 7 37 65 10 65 55 10 10 26 37 10 10 47 47 47 55 10 65 55 65 26 8 10 26 1 26 47 58 29 39 65 37 48 26 26 48 32 1 40 16 16 39 1 53 45 16 39 39 16 10 39 39 26 16 40 39 58 3 40 40 16 39 47 55 47 26 26 65 8 62 15 44 27 8 55 
26 55 69 26 39 65 39 26 7 31 42 47 27 15 15 44 27 65 10 10 10 8 65 65 65 65 27 7 65 65 8 15 27 47 65 55 67 26 16 11 11 48 48 48 10 39 26 65 1 32 26 1 45 
1 39 50 30 1 48 61 45 40 50 60 37 37 65 37 37 47 47 8 27 69 55 26 15 27 27 47 26 26 26 26 50 27 7 10 10 10 10 10 10 27 7 47 8 55 67 47 10 65 47 10 26 37 65 37 10 65 1 11 26 53 11 48 26 32 48 26 26 48 
48 48 48 32 32 60 40 60 39 60 39 30 40 16 40 48 39 60 16 26 26 26 26 62 7 66 38 27 69 8 55 8 47 65 27 10 10 65 65 8 8 47 26 47 65 65 8 37 37 47 65 26 10 27 37 
37 56 10 7 37 37 67 26 37 47 48 39 30 45 60 37 26 1 48 26 26 26 1 26 48 45 39 16 16 39 40 1 16 45 40 16 32 26 26 47 47 48 57 50 1 37 65 65 65 22 69 69 8 65 55 55 
56 27 10 16 5 16 15 22 38 10 37 65 15 15 10 55 47 26 10 47 39 53 29 60 26 26 26 26 48 60 61 40 39 16 16 63 50 39 47 37 26 37 65 26 65 65 26 65 8 66 65 37 66 67 55 26 59 
8 65 26 65 37 47 26 15 27 47 44 48 26 67 10 26 67 55 65 7 27 65 8 10 65 10 47 37 37 69 26 65 37 37 26 50 5 50 32 48 65 26 48 48 26 48 40 1 40 40 1 45 60 1 23 50 
39 60 1 55 54 10 27 42 22 42 8 55 27 10 8 10 37 65 10 26 65 8 8 10 10 55 10 55 10 47 27 65 10 55 55 26 39 13 1 1 48 26 37 48 48 1 60 39 58 16 1 40 40 29 45 39 26 
15 27 16 28 16 1 32 65 10 10 27 55 10 22 69 10 47 69 47 65 39 40 66 66 26 26 15 7 47 27 66 65 65 55 66 55 65 47 69 47 37 65 8 10 23 65 37 48 26 37 32 1 
1 61 40 60 45 40 45 40 40 40 32 56 37 37 65 37 8 8 55 56 55 27 47 47 11 3 39 66 66 65 65 27 22 47 37 55 10 10 47 48 26 47 10 47 55 26 26 26 37 
37 26 48 26 26 48 1 23 39 39 40 40 61 60 39 25 41 47 10 59 55 27 66 10 22 41 27 22 55 10 27 8 55 37 26 10 10 47 47 10 47 55 10 37 65 55 10 10 47 37 
37 55 37 26 8 27 47 47 47 26 26 26 26 26 26 26 26 26 26 26 32 48 1 53 50 40 48 1 3 50 60 45 39 37 26 65 1 39 39 29 3 1 48 48 37 27 55 10 7 66 37 47 55 47 47 27 27 
26 26 40 5 40 26 27 47 27 59 10 65 27 66 8 69 37 10 69 37 10 8 39 49 26 10 48 48 26 26 32 48 32 63 60 39 39 16 50 50 30 39 1 1 7 55 65 37 37 37 37 10 47 47 8 67 10 65 
15 8 47 27 48 40 11 45 26 27 39 65 69 55 37 8 7 47 65 8 55 37 37 47 65 37 47 65 65 55 26 26 39 
29 9 1 65 37 26 48 48 26 48 60 39 40 50 39 60 45 30 16 39 39 60 16 50 24 7 15 26 15 22 22 62 41 8 66 7 8 10 
65 10 47 65 10 55 47 65 37 47 65 65 47 10 10 55 47 65 27 26 18 39 26 26 26 48 1 60 32 1 60 50 40 45 11 60 39 26 26 26 26 26 26 26 26 26 26 26 27 26 26 27 47 48 32 26 7 15 15 22 41 55 26 26 67 69 26 40 42 39 40 5 16 26 15 44 27 27 10 55 7 
10 66 8 26 8 69 47 37 47 27 27 26 16 9 39 26 37 37 48 26 32 32 39 29 52 39 65 67 62 22 41 55 67 15 8 69 15 27 8 65 10 47 65 10 7 15 8 10 55 22 26 40 26 50 45 48 10 67 10 10 15 66 8 69 69 59 65 37 37 37 65 48 48 40 53 5 40 32 26 26 48 48 48 1 32 1 16 3 60 39 46 16 40 50 65 69 66 10 47 34 41 69 47 
55 8 47 10 8 8 65 47 55 65 47 8 10 16 24 48 26 10 26 53 16 26 69 59 69 59 27 66 66 26 26 26 26 16 11 3 16 65 47 26 27 6 8 69 55 10 15 27 26 47 7 15 26 15 27 
69 47 55 67 55 66 69 8 37 47 55 27 10 10 39 26 27 26 26 26 65 37 26 26 37 32 39 61 16 1 39 16 32 26 39 50 50 50 45 40 16 1 8 47 22 62 66 55 10 37 37 67 7 27 27 47 8 65 53 60 8 67 55 67 55 8 27 65 65 10 65 48 26 15 55 65 32 39 26 10 26 26 26 26 37 32 63 53 53 
8 7 59 47 67 67 59 66 65 15 19 42 15 27 8 10 7 7 8 27 27 65 65 65 10 47 47 69 56 10 10 48 39 16 28 26 26 32 48 26 48 32 50 50 58 60 32 32 60 30 26 26 26 40 3 40 26 1 39 26 55 67 54 15 26 10 
15 47 39 60 3 40 26 47 15 37 37 6 8 66 15 47 55 37 40 3 61 45 1 48 48 26 26 48 39 50 40 63 40 1 50 16 30 62 69 65 65 65 10 10 27 67 22 56 10 26 15 27 40 16 16 39 8 55 26 26 10 7 56 66 59 65 37 47 55 26 32 10 47 26 26 40 1 48 37 48 
48 26 48 48 39 16 60 30 40 39 39 30 60 1 62 22 8 55 15 19 15 26 8 67 69 59 22 66 66 65 65 10 55 55 10 55 65 65 7 66 8 56 65 48 26 10 39 9 32 1 48 48 32 26 32 39 40 53 39 39 40 1 16 53 10 10 48 26 1 28 52 1 26 37 26 37 15 59 7 8 69 
15 10 37 60 30 26 66 10 10 10 10 69 69 69 8 10 37 26 48 16 63 16 60 26 26 48 32 48 32 50 50 16 40 16 60 45 63 1 26 55 67 27 37 37 10 55 8 10 56 27 69 7 27 27 47 58 3 53 7 27 10 47 55 55 41 67 65 55 55 37 26 37 47 
48 40 11 60 32 26 26 26 26 48 32 48 1 16 45 60 16 60 40 40 60 16 69 42 22 69 22 55 69 59 67 7 7 8 55 55 37 65 65 65 27 27 55 47 55 48 16 16 30 40 48 48 26 26 1 39 50 46 48 48 
1 39 57 26 26 26 26 26 16 11 52 39 26 26 26 48 65 7 44 55 55 8 37 55 66 58 3 58 47 47 47 66 8 10 55 67 15 47 10 8 26 26 10 53 53 16 26 
48 48 26 48 48 1 50 60 45 16 1 60 16 60 50 26 8 69 65 65 27 55 8 7 8 55 15 39 16 26 16 16 47 8 26 37 66 55 55 15 8 55 55 37 26 37 47 26 50 26 26 26 26 26 26 26 26 26 26 48 48 48 40 40 3 16 39 60 40 63 3 58 8 67 42 66 8 27 8 
69 69 67 8 10 47 65 10 27 55 47 37 37 69 67 10 26 37 37 32 63 32 1 1 1 32 48 40 45 16 39 60 50 40 45 16 26 26 26 26 3 30 60 39 26 10 69 67 22 27 22 55 67 55 37 39 7 58 45 39 47 22 26 32 55 41 27 55 22 
47 65 37 37 26 9 16 1 37 48 48 26 48 1 32 60 3 63 32 48 40 50 50 39 47 65 47 10 55 8 26 8 59 67 65 55 59 26 60 16 16 16 47 8 10 26 10 7 6 47 65 37 37 37 37 39 50 63 53 1 48 26 26 48 26 48 32 39 50 16 63 39 1 
16 60 39 1 65 47 67 67 22 56 55 55 8 69 67 27 47 27 10 65 47 10 10 65 47 27 65 65 48 39 1 60 1 26 48 39 60 50 40 39 60 32 60 61 16 37 39 45 61 16 39 37 37 37 55 8 7 15 55 67 47 26 1 3 39 1 47 47 65 
15 67 47 47 37 37 48 39 16 63 48 48 26 48 39 39 16 16 32 39 50 3 50 26 27 55 65 65 47 55 27 67 55 27 69 8 26 40 26 50 50 47 26 37 10 62 38 7 56 55 37 37 65 37 48 16 53 60 32 26 48 48 48 32 1 63 16 39 40 16 30 40 39 62 22 41 67 56 
8 8 59 59 10 55 55 10 47 65 65 66 69 47 55 10 48 39 16 16 48 37 48 48 1 32 39 23 60 39 40 23 26 26 26 16 29 39 26 26 26 10 7 59 8 10 10 65 26 60 61 47 27 37 10 10 10 69 7 69 27 65 37 65 40 3 16 30 39 26 48 32 48 32 39 32 40 46 16 40 40 16 50 27 8 10 65 65 65 10 56 
27 69 59 55 47 16 3 48 10 10 37 47 41 55 47 10 65 65 10 26 26 27 45 46 16 26 48 48 26 26 48 48 1 39 60 63 60 39 50 16 16 16 62 42 15 56 8 69 69 69 27 69 55 10 47 10 37 37 59 67 69 8 55 10 47 26 50 70 
