50 65 9 67 65 50 41 13 83 75 37 23 83 84 50 36 36 36 36 5 4 83 86 86 17 34 34 24 68 56 89 55 1 50 10 87 31 1 24 86 36 56 25 56 24 86 90 47 30 
31 71 83 36 42 36 36 82 65 87 83 13 83 31 73 9 23 83 37 57 34 86 58 58 34 89 34 51 86 24 24 47 50 41 41 90 70 47 47 86 34 20 34 56 90 42 30 47 47 58 36 86 36 14 36 36 24 
67 65 42 42 36 36 82 50 50 76 83 87 75 81 37 28 83 31 81 32 55 56 70 57 56 36 89 1 55 57 57 88 1 47 47 88 55 58 58 90 47 17 1 47 47 34 90 36 36 23 10 75 82 67 65 36 36 82 50 29 5 31 84 50 23 45 28 76 75 47 47 36 81 87 29 63 13 47 58 47 89 25 25 24 86 77 77 54 90 50 83 63 83 31 
36 51 24 47 54 89 88 25 89 86 30 30 47 31 29 5 67 42 36 82 82 81 67 81 76 31 13 50 87 23 87 41 23 89 54 47 90 77 17 34 56 34 
34 89 68 47 76 63 36 5 10 90 55 56 34 77 57 68 34 1 47 47 17 77 86 36 16 36 10 14 87 50 36 47 50 82 36 36 36 36 82 31 28 5 31 37 75 37 31 37 10 52 25 55 56 24 55 17 54 30 58 55 86 55 36 28 50 65 65 67 50 13 31 50 29 
67 50 87 29 75 36 58 56 74 51 34 86 58 76 63 76 30 17 58 86 25 55 88 58 82 9 21 81 36 82 82 82 50 28 5 81 5 13 28 5 75 77 17 47 90 51 77 55 36 23 75 36 
77 55 24 24 86 58 30 36 47 3 87 82 82 36 82 31 28 
87 75 76 63 23 33 34 20 56 57 56 89 56 54 86 77 47 47 57 57 47 82 23 71 50 9 65 65 23 41 13 9 37 87 75 75 65 83 37 42 30 90 20 17 55 86 81 28 13 77 86 86 56 88 17 86 47 31 29 67 82 82 82 9 83 28 50 37 84 24 24 17 17 55 54 1 86 17 56 90 29 31 54 57 34 57 33 88 90 47 58 30 82 14 81 36 36 82 65 67 76 76 63 81 81 29 5 24 33 33 24 36 24 62 
68 77 55 86 17 90 17 34 86 86 17 47 86 86 58 47 56 
47 42 47 17 86 47 82 58 56 67 3 81 36 47 42 82 36 57 90 36 55 89 34 55 70 55 34 86 88 57 55 51 88 88 34 57 55 36 36 55 51 31 5 36 36 83 90 90 90 51 86 86 55 24 25 1 51 86 86 55 55 56 51 55 57 24 24 48 49 90 25 90 86 89 55 86 89 51 57 59 86 86 52 10 10 41 
73 36 86 30 82 32 7 7 24 55 56 25 55 55 56 20 68 56 1 50 50 34 1 54 54 55 55 56 51 17 54 89 55 55 57 24 24 36 36 5 4 41 31 48 67 36 25 86 42 56 62 90 34 62 55 90 57 58 47 36 36 36 36 36 36 55 34 50 5 36 36 55 
58 82 42 42 42 36 42 30 58 9 76 5 36 52 24 36 56 25 47 47 17 55 34 25 25 55 55 56 51 90 25 24 36 36 24 33 33 24 36 24 52 36 52 36 31 51 55 36 36 36 24 25 36 50 48 36 31 36 36 51 
55 36 24 90 23 36 33 36 31 51 51 36 1 24 36 36 24 25 90 90 90 83 25 50 12 5 36 36 36 55 86 81 36 86 9 75 36 55 51 31 63 16 5 36 36 36 36 36 36 36 36 36 24 52 36 52 24 36 24 25 1 25 59 86 58 51 1 88 90 
36 36 36 36 36 5 31 1 24 36 36 36 36 1 1 25 36 31 1 24 24 33 33 24 24 33 1 83 25 90 50 14 10 36 50 90 33 24 24 25 36 90 20 55 36 24 52 36 25 90 1 36 83 12 5 36 36 36 36 36 36 36 36 36 36 
36 36 36 36 5 16 63 31 1 24 36 24 33 33 24 36 24 25 1 25 24 36 24 33 1 83 25 90 1 36 36 24 52 83 1 51 36 1 24 36 36 36 24 33 
33 24 36 24 25 90 50 83 5 5 10 52 24 24 25 1 25 24 24 52 36 25 90 36 36 1 24 36 36 36 36 36 36 
36 36 36 36 36 36 24 86 67 82 42 58 50 75 36 36 36 36 36 36 36 5 16 5 36 36 5 31 1 24 24 25 1 25 24 
36 36 24 25 90 90 25 24 24 25 90 90 25 36 81 86 36 31 1 24 55 24 33 33 59 20 89 34 24 77 86 68 56 90 47 86 30 30 90 86 54 34 68 34 42 30 77 67 67 36 36 36 36 
36 65 36 36 9 73 5 16 5 73 81 50 37 16 76 75 30 42 36 36 36 36 36 34 30 58 55 86 86 25 62 70 90 86 1 50 10 83 34 55 42 47 90 90 54 
68 77 77 24 77 17 77 82 86 60 52 47 36 42 30 42 82 67 75 5 28 23 37 75 81 31 71 37 84 31 24 55 47 17 86 55 57 57 1 25 34 77 90 90 36 1 11 62 
56 47 89 25 86 34 59 17 34 55 86 86 58 42 30 47 36 36 36 36 36 36 36 36 65 67 84 41 37 31 50 73 41 63 23 50 23 31 1 24 36 36 24 48 90 1 24 24 7 54 86 55 36 55 56 1 90 1 36 1 24 36 86 88 1 65 42 1 47 36 36 47 90 
17 56 56 30 58 77 65 36 55 55 47 67 34 34 17 54 90 77 90 1 31 12 87 81 67 67 42 36 67 65 81 81 76 13 31 13 31 9 67 50 37 75 28 5 23 67 
17 36 73 86 86 36 75 87 31 12 50 36 36 36 90 55 86 36 56 56 1 52 90 51 56 56 1 90 1 36 50 14 14 50 36 1 90 90 1 90 34 55 59 90 77 1 47 57 56 90 58 30 90 25 36 36 36 47 47 9 36 82 65 73 28 50 23 37 16 36 87 13 76 5 63 25 90 50 30 77 86 47 30 36 47 86 36 86 86 36 55 51 90 48 59 25 1 
47 47 36 36 36 1 36 16 14 50 36 51 51 36 1 24 24 89 51 1 90 54 47 34 57 82 82 62 47 65 90 90 90 24 36 5 12 83 36 1 87 67 36 86 82 73 67 36 36 36 36 23 87 23 13 10 23 65 9 75 37 31 75 87 37 37 75 86 77 24 56 55 68 20 88 86 34 55 88 88 47 70 56 90 47 47 42 58 86 86 1 1 56 77 36 36 86 51 
39 87 23 67 42 9 36 47 67 31 31 75 5 23 75 75 28 76 76 31 37 5 
36 36 36 36 36 5 12 31 65 58 55 56 42 55 34 70 33 47 86 1 34 90 90 54 55 36 36 24 54 42 30 89 56 56 33 86 55 34 36 47 24 55 90 10 10 29 75 86 42 65 36 30 82 81 81 28 76 76 23 50 76 87 23 37 87 28 86 17 86 90 47 42 34 89 57 33 77 86 34 55 1 56 36 24 7 18 86 58 55 34 25 34 55 88 77 77 34 54 47 86 90 86 86 47 
42 36 30 58 42 15 36 36 36 36 36 36 36 65 9 81 9 23 31 23 76 31 31 9 23 84 76 23 36 55 20 51 90 58 57 33 36 51 33 24 36 55 89 1 55 36 55 34 34 47 17 88 47 36 47 86 58 86 89 58 58 47 82 86 57 54 54 86 55 56 30 30 20 36 4 10 9 36 36 36 36 30 30 36 37 29 63 5 50 34 68 89 77 
1 55 33 89 89 68 47 17 86 36 36 36 36 47 90 50 22 37 50 36 36 54 56 54 86 7 86 86 24 86 89 89 47 47 57 36 13 12 5 24 1 36 1 1 55 58 86 34 55 70 56 57 42 86 68 77 86 36 50 72 87 42 82 9 36 47 67 36 51 39 63 67 17 47 36 36 34 20 
89 59 20 56 88 77 58 47 89 36 24 25 36 30 55 17 36 47 54 55 55 55 56 1 34 17 34 25 1 1 90 47 34 36 12 31 36 36 1 90 90 25 58 90 20 36 25 88 70 86 47 34 17 47 86 88 42 47 36 83 36 36 24 42 36 82 42 36 82 42 36 63 16 5 36 36 36 77 1 55 56 24 24 79 
47 58 34 77 77 36 24 33 33 58 54 56 58 20 24 55 24 25 25 17 86 56 54 90 54 58 47 56 47 36 30 57 55 57 55 47 86 1 54 55 88 83 36 14 13 73 65 36 82 42 30 73 50 83 29 36 36 17 77 77 54 20 89 55 
68 70 55 68 34 86 47 42 36 47 42 81 75 24 90 39 5 5 81 54 56 54 36 34 1 36 1 56 56 89 1 56 34 86 36 36 36 36 36 36 36 55 56 90 9 56 17 42 70 86 42 59 57 86 77 30 30 58 58 
90 86 87 22 75 86 36 82 36 42 42 57 31 22 81 36 67 65 47 25 55 51 59 55 80 77 86 77 42 42 47 59 24 57 47 30 30 58 58 36 77 90 34 17 54 25 55 55 56 51 88 17 82 67 36 50 19 83 36 57 47 
50 51 51 1 90 86 24 25 33 55 58 77 58 30 90 86 58 36 88 77 86 36 5 16 76 75 47 42 42 42 82 67 36 57 87 72 
36 17 47 86 86 54 25 54 25 51 54 17 47 34 90 36 24 33 33 47 58 55 24 33 33 59 20 34 17 55 86 36 30 55 56 77 30 86 77 47 88 86 47 89 34 77 47 36 77 47 58 86 75 10 66 31 
67 36 36 36 36 36 36 5 29 83 31 58 58 47 77 59 55 47 15 25 33 58 30 17 86 47 36 36 36 36 36 36 75 66 28 76 67 90 86 54 25 1 90 20 34 77 24 56 42 65 90 24 36 36 36 55 55 1 77 17 47 86 89 68 57 34 34 58 58 77 
17 77 89 46 24 47 36 36 36 36 36 81 10 10 87 36 42 55 89 88 25 55 57 15 51 54 86 30 58 89 1 17 17 58 36 30 55 77 88 1 55 70 55 56 57 17 47 50 90 25 36 16 14 50 36 1 90 47 86 24 55 55 
62 51 54 90 86 47 30 47 58 58 57 47 36 55 20 35 77 36 82 65 36 36 42 82 75 5 3 50 47 55 47 86 55 89 24 68 51 90 77 30 58 59 57 57 68 55 25 33 33 56 17 90 86 55 55 47 86 47 55 55 86 1 54 58 30 1 50 22 75 36 36 36 36 36 75 40 41 36 55 
57 51 51 68 51 57 89 57 54 36 36 36 36 36 75 22 31 36 58 57 56 55 55 51 56 55 77 42 58 36 55 56 1 1 55 77 34 34 51 89 47 55 90 17 47 43 36 36 82 82 36 36 36 37 10 47 77 88 68 55 68 68 57 88 58 86 17 56 47 47 77 86 34 56 
55 89 88 77 57 90 54 55 36 36 36 55 70 55 90 1 86 34 33 77 55 90 30 47 86 47 86 86 86 15 36 36 42 36 36 42 42 82 16 36 86 17 57 57 34 25 25 34 86 90 56 57 
79 47 17 25 51 74 56 90 55 34 86 90 77 86 47 77 89 17 54 54 47 54 47 36 30 41 14 65 36 36 36 36 36 36 36 36 75 19 36 34 86 33 20 25 34 51 68 86 55 34 36 36 36 81 10 63 36 36 36 24 56 56 57 33 34 77 56 36 
36 55 89 1 89 54 57 57 56 54 47 58 58 36 61 9 36 36 36 36 50 4 9 90 57 24 70 68 56 24 55 57 42 58 54 77 24 90 56 24 89 47 31 71 41 24 1 17 1 24 56 25 90 
58 86 86 30 86 89 52 7 42 36 36 36 36 50 10 10 9 36 77 51 54 25 1 86 55 90 24 24 25 1 33 55 36 24 33 51 36 1 
59 33 51 36 47 54 55 55 54 58 17 17 88 47 30 90 86 58 36 55 55 70 86 30 25 90 58 30 67 90 31 10 41 9 81 65 36 36 36 36 36 
75 12 50 31 90 90 57 59 88 88 85 20 34 89 47 36 36 36 36 36 36 75 40 87 87 47 57 34 86 24 25 56 55 55 56 51 1 36 36 36 1 36 16 16 36 1 50 86 86 86 
55 1 47 30 86 56 34 57 56 30 47 34 34 17 47 54 57 52 49 55 36 30 42 82 36 58 82 67 36 75 19 31 1 51 24 86 55 79 55 56 25 
34 51 56 54 17 56 24 17 42 30 86 58 82 54 68 86 90 25 90 24 56 57 1 17 82 86 36 13 12 36 1 50 67 58 33 90 86 89 55 24 25 1 88 
88 34 58 30 77 17 47 17 58 65 58 55 24 11 20 86 58 36 82 36 42 42 30 82 37 19 50 90 88 54 42 17 68 89 33 20 88 86 58 30 17 55 
55 36 24 7 24 59 51 47 47 90 77 77 34 55 57 17 30 47 17 34 58 86 51 86 47 47 89 55 36 31 36 52 10 16 23 81 36 
42 82 9 36 36 5 12 36 1 90 57 86 55 62 88 89 56 79 56 36 47 34 58 47 86 86 9 75 36 5 12 65 30 57 55 55 68 56 57 24 36 
55 79 90 58 54 86 36 36 36 87 36 56 1 90 17 54 89 25 24 34 34 77 42 42 36 36 25 36 82 67 65 30 58 65 9 5 39 50 90 57 86 47 56 56 34 68 24 79 86 86 
47 47 1 65 65 55 88 36 58 56 86 34 1 34 1 25 55 54 89 54 36 86 24 36 
36 36 36 36 25 90 47 17 57 33 56 34 88 34 30 58 54 47 58 34 36 31 87 40 23 36 42 82 36 36 75 
81 84 13 9 90 86 88 24 30 70 70 77 34 54 47 55 33 25 67 36 57 56 34 90 51 33 24 85 57 17 57 86 86 55 90 17 86 47 55 17 47 57 55 57 56 30 36 86 17 58 36 81 63 16 50 50 9 36 36 36 
36 36 36 36 63 72 81 58 17 56 36 68 89 90 24 62 57 86 86 47 17 55 55 47 47 67 75 36 36 5 16 10 9 47 89 34 90 25 51 56 56 57 55 90 90 56 36 87 36 36 36 1 59 51 30 47 90 1 55 55 33 55 55 34 77 54 30 30 55 1 90 14 4 75 36 36 42 42 42 42 36 63 83 12 1 30 30 55 89 33 55 70 59 1 17 77 34 47 59 
25 30 82 47 55 47 55 89 56 34 90 24 56 25 34 67 54 36 76 16 5 24 86 58 51 1 55 86 51 89 24 33 57 89 58 30 55 58 86 1 47 36 36 36 36 15 36 82 67 
36 36 30 30 58 81 63 16 63 76 30 77 86 25 88 1 24 70 68 36 86 34 17 24 62 17 90 59 36 55 20 33 59 25 1 47 90 17 47 34 55 55 57 36 42 90 77 34 86 17 17 1 17 58 88 47 30 1 83 31 12 31 65 36 65 36 30 36 75 36 5 39 81 82 47 56 24 33 77 24 25 
25 88 77 86 30 65 47 77 47 67 75 5 40 31 65 17 55 56 51 90 25 24 55 55 88 1 55 56 36 50 31 36 36 36 55 56 90 90 55 57 55 55 25 57 34 47 77 86 58 47 87 63 
4 36 36 82 82 36 75 41 10 76 36 86 90 57 51 89 89 33 77 77 90 30 58 17 47 17 86 36 86 33 1 17 56 20 55 55 36 65 34 36 83 12 36 42 42 70 56 86 36 24 56 88 56 77 77 34 30 47 47 42 30 89 55 75 29 41 9 73 36 36 58 36 67 
81 75 4 63 87 56 47 47 54 55 33 24 25 34 58 86 54 24 20 89 34 86 36 36 24 25 51 15 1 1 57 42 86 86 36 86 89 89 17 90 58 30 77 34 55 89 90 17 86 86 56 86 86 77 88 24 16 16 5 36 36 36 36 36 
36 36 36 5 39 50 31 90 90 90 85 51 88 89 68 89 54 55 47 54 1 36 36 36 36 36 36 36 36 36 5 39 36 67 30 54 55 55 24 33 36 1 24 55 56 51 17 77 56 36 36 36 24 11 25 24 55 56 90 30 57 88 42 17 89 88 
1 56 17 86 56 47 47 89 47 58 58 72 86 42 42 36 82 36 90 81 37 4 63 31 47 55 86 86 62 33 24 55 48 34 86 34 77 77 74 56 77 55 30 17 47 82 47 
34 34 47 58 33 88 89 56 51 55 77 36 76 90 24 36 36 24 51 30 47 90 90 33 30 86 79 51 57 42 56 86 47 86 47 47 58 90 47 36 86 89 52 7 33 47 82 36 36 36 36 
30 58 36 63 61 81 47 77 86 58 77 68 70 59 33 86 86 86 36 36 24 33 25 58 54 55 55 7 90 51 56 55 24 56 86 54 86 58 55 90 77 58 30 90 86 36 88 17 86 77 58 47 47 56 17 86 89 86 9 50 90 25 36 36 36 36 81 82 
42 86 36 36 5 16 10 1 34 58 54 79 1 90 34 89 51 56 89 89 25 47 58 55 36 36 36 36 36 36 36 75 4 10 31 51 90 58 59 86 86 48 90 90 58 86 59 57 1 55 36 86 54 36 36 36 24 25 36 36 
25 86 90 68 17 86 51 54 58 77 47 47 55 36 36 51 85 7 48 51 55 58 36 36 36 36 36 36 36 5 4 83 65 81 36 24 25 36 36 7 85 51 88 90 36 1 55 20 24 36 24 25 36 30 77 86 55 17 42 47 34 56 47 50 33 
17 90 59 36 55 62 90 9 36 25 36 31 36 36 36 36 24 25 36 31 51 25 58 54 56 24 20 86 86 56 86 30 30 42 17 17 30 34 30 30 54 86 36 36 75 82 42 86 58 82 82 42 36 37 29 63 75 73 42 47 34 33 88 
88 88 59 51 47 54 1 47 77 55 25 85 20 58 47 56 33 51 56 20 88 47 55 77 58 58 17 34 54 17 86 17 51 77 86 77 42 47 42 9 36 90 12 36 58 9 36 42 58 9 19 36 58 36 47 55 55 25 56 68 25 54 47 47 86 56 36 36 
36 36 36 36 36 75 72 37 36 25 58 57 47 58 33 70 34 24 55 47 51 36 36 36 24 90 67 70 34 54 89 77 88 51 17 47 17 1 50 3 81 36 36 42 42 82 65 36 5 10 25 34 36 24 62 24 68 20 34 56 56 36 86 58 58 30 58 34 36 55 52 17 57 
59 54 86 30 86 86 83 41 4 5 24 1 90 34 34 1 34 56 33 55 17 57 47 58 17 30 47 47 30 42 42 24 36 36 36 36 36 36 82 36 58 36 63 29 37 65 30 68 77 88 51 25 34 86 58 47 
52 24 5 16 5 24 33 33 24 24 25 51 57 57 68 88 55 86 77 68 77 86 77 77 47 17 56 17 47 86 89 77 17 90 9 19 75 36 36 36 36 36 81 28 71 50 34 47 54 24 56 57 33 56 88 86 17 
