9 52 52 52 52 33 55 6 47 9 25 9 47 6 33 1 1 1 1 24 26 47 51 51 51 50 50 8 23 30 20 57 20 9 22 34 42 20 8 51 1 30 56 30 8 51 11 32 32 
42 54 47 1 1 1 1 1 52 34 47 6 47 42 52 52 9 47 25 38 50 51 32 32 50 20 50 23 51 8 8 32 9 55 55 11 23 32 32 51 50 43 50 30 11 1 32 51 51 32 1 51 1 28 1 1 8 
52 52 1 1 1 1 1 33 33 42 47 34 9 33 25 34 47 25 33 41 57 30 23 38 30 1 20 20 57 38 38 38 20 32 32 38 57 32 32 11 32 51 20 51 32 50 11 1 1 9 22 9 52 52 52 1 1 52 33 53 24 42 6 9 9 44 34 42 9 32 32 1 33 34 53 55 6 32 32 32 20 56 56 8 51 11 11 11 11 9 47 55 47 42 
1 8 8 32 11 20 38 56 20 51 32 32 32 42 53 24 52 1 1 1 1 33 52 33 42 25 6 9 34 9 34 55 9 30 11 32 11 11 51 50 30 50 
50 20 23 32 42 55 1 24 22 11 57 30 50 11 38 56 50 20 32 32 51 11 51 1 3 1 22 28 24 33 1 32 9 1 1 1 1 1 52 42 34 24 42 25 9 25 42 25 22 48 56 57 30 8 57 51 11 32 32 57 51 57 1 34 9 52 52 52 9 6 25 9 53 
52 9 24 53 9 1 32 30 39 23 50 51 32 42 55 42 32 51 32 51 10 57 50 32 1 52 14 33 1 1 1 1 33 34 24 33 24 6 34 24 9 11 51 32 11 23 11 57 1 9 9 1 
11 57 8 8 51 32 32 1 32 46 24 52 1 1 1 25 34 
24 9 42 55 9 10 50 43 30 38 30 30 30 11 51 11 32 32 38 38 51 1 9 54 33 52 52 52 9 55 6 52 25 24 9 9 52 47 25 1 32 11 43 51 57 51 33 34 6 11 51 51 30 38 51 51 32 42 53 52 1 1 1 52 47 34 9 25 47 8 8 51 51 57 57 20 51 51 30 11 53 42 57 38 50 38 10 38 11 32 32 32 1 28 33 1 1 1 52 52 42 42 55 33 33 53 24 8 10 10 8 1 8 31 
23 11 57 51 51 11 51 50 51 51 51 32 51 51 32 51 30 
32 1 32 51 51 32 52 32 30 52 46 33 1 32 1 1 1 38 11 1 57 20 50 57 23 57 50 51 50 38 57 8 50 50 50 38 57 1 1 57 23 42 24 1 1 47 11 11 11 23 51 51 57 8 56 20 23 51 51 57 57 30 8 57 38 8 8 39 5 11 56 11 51 20 57 51 30 23 38 43 51 51 48 22 22 55 
33 1 51 32 1 41 12 12 8 57 30 56 57 57 30 43 56 30 20 9 9 50 20 11 11 57 57 30 8 51 11 20 57 57 38 8 8 1 1 24 26 55 42 39 52 1 56 51 1 30 31 11 50 31 57 11 38 32 32 1 1 1 1 1 1 57 50 9 24 1 1 57 
32 1 1 1 1 1 1 32 32 52 42 24 1 48 8 1 30 56 32 32 51 57 50 56 56 57 57 30 8 11 56 8 1 1 8 10 10 8 1 8 48 1 48 1 42 23 57 1 1 1 8 56 1 9 39 1 42 1 1 23 
57 1 8 11 9 1 10 1 42 23 23 1 20 8 1 1 8 56 11 11 11 47 56 9 2 24 1 1 1 57 51 33 1 51 52 9 1 57 23 42 55 3 24 1 1 1 1 1 1 1 1 1 8 48 1 48 8 1 8 56 20 56 43 51 32 23 20 38 11 
1 1 1 1 1 24 42 20 8 1 1 1 1 20 20 56 1 42 20 8 8 10 10 8 8 10 20 47 56 11 9 28 22 1 9 11 10 8 8 56 1 11 43 57 1 8 48 1 56 11 20 1 47 2 24 1 1 1 1 1 1 1 1 1 1 
1 1 1 1 24 3 55 42 20 8 1 8 10 10 8 1 8 56 20 56 8 1 8 10 20 47 56 11 20 1 1 8 48 47 20 23 1 20 8 1 1 1 8 10 
10 8 1 8 56 11 9 47 24 24 22 48 8 8 56 20 56 8 8 48 1 56 11 1 1 20 8 1 1 1 1 1 1 
1 1 1 1 1 1 8 51 52 1 1 32 9 9 1 1 1 1 1 1 1 24 3 24 1 1 24 42 20 8 8 56 20 56 8 
1 1 8 56 11 11 56 8 8 56 11 11 56 1 33 51 1 42 20 8 57 8 10 10 43 43 20 50 8 11 51 23 30 11 32 51 1 32 11 51 57 50 56 50 1 32 11 52 52 1 1 1 1 
1 52 1 1 52 33 24 3 24 52 33 9 25 3 42 9 32 1 1 1 1 1 1 50 32 32 57 51 51 56 31 23 11 51 20 9 22 47 50 57 1 32 11 11 57 
23 11 11 8 11 51 11 1 51 27 48 32 1 1 32 1 1 52 9 24 34 9 25 9 33 42 54 25 47 42 8 57 32 51 51 57 38 38 20 56 50 11 11 11 1 20 40 31 
30 32 20 56 51 50 43 51 50 57 51 51 32 1 32 32 1 1 1 1 1 1 1 1 52 52 6 55 25 42 9 33 55 55 42 9 9 42 20 8 1 1 8 39 11 20 8 8 12 11 51 57 1 57 30 20 11 20 1 20 8 1 51 38 20 52 1 20 32 1 1 32 11 
51 30 30 32 32 11 52 1 57 57 32 52 50 50 51 11 11 11 11 20 42 2 24 33 52 52 1 1 52 52 33 33 42 6 42 6 42 52 52 33 25 9 34 24 9 52 
51 1 33 51 51 1 9 24 42 2 9 1 1 1 11 57 51 1 30 30 20 48 11 23 30 30 20 11 20 1 9 28 28 9 1 20 11 11 20 11 50 57 43 11 11 20 32 38 30 11 32 32 11 56 1 1 1 32 32 52 1 1 52 33 34 33 9 25 3 1 24 6 42 24 55 56 11 9 32 11 51 32 32 1 32 51 1 51 51 1 57 23 11 39 43 56 20 
32 32 1 1 1 20 1 3 28 9 1 23 23 1 20 8 8 20 8 20 11 11 32 50 38 1 1 31 32 52 11 11 11 8 1 24 2 47 1 20 24 52 1 51 52 33 52 1 1 1 1 9 24 9 6 22 9 52 52 9 25 42 9 24 25 25 9 51 11 8 30 57 56 43 38 51 50 57 38 38 32 23 30 11 32 32 1 32 51 51 20 20 30 11 1 1 51 23 
36 24 9 52 1 52 1 32 52 42 42 9 24 9 9 9 34 42 42 42 25 24 
1 1 1 1 1 24 2 42 52 32 57 30 1 57 50 23 10 32 51 20 50 11 11 57 57 1 1 8 11 1 32 20 30 30 10 51 57 50 1 32 8 57 11 22 22 53 9 51 1 52 1 32 1 33 33 34 42 42 9 33 42 34 9 25 24 34 51 51 51 11 32 1 50 20 38 10 11 51 50 57 20 30 1 8 12 5 51 32 57 50 56 50 57 50 11 11 50 11 32 51 11 51 51 32 
1 1 32 32 1 39 1 1 1 1 1 1 1 52 52 33 52 9 42 9 42 25 42 52 9 47 42 9 1 57 43 23 11 32 38 10 1 23 10 8 1 57 20 20 57 1 57 50 50 51 51 38 32 1 32 51 32 51 20 32 32 32 1 51 38 57 11 51 57 30 32 32 43 1 26 22 52 1 1 1 1 32 32 1 25 53 55 24 9 50 56 20 11 
20 57 10 20 30 23 32 51 51 1 1 1 1 32 11 9 7 25 9 1 1 11 30 11 51 12 51 51 8 51 20 20 32 32 38 1 6 2 24 8 20 1 20 20 57 32 51 50 57 23 8 38 1 51 56 11 51 1 33 60 34 1 1 52 1 32 52 1 23 36 55 52 51 32 1 1 50 43 
20 43 43 30 50 11 32 32 20 1 8 56 1 32 57 51 1 32 57 57 57 57 30 20 50 51 50 56 20 20 11 32 50 1 2 42 1 1 20 11 11 56 32 11 43 1 56 38 23 51 32 50 51 32 51 38 1 32 1 47 1 1 8 1 1 1 1 1 1 1 1 55 3 24 1 1 1 11 20 57 30 8 8 48 
32 32 50 11 11 1 8 10 10 32 57 30 32 43 8 57 8 56 56 51 51 30 57 11 57 32 32 30 32 1 32 38 57 38 57 32 51 20 11 57 38 47 1 28 6 33 52 1 1 1 32 33 33 47 53 1 1 51 11 11 57 43 20 57 
56 23 57 23 50 51 32 1 1 32 1 33 9 8 11 36 24 24 33 11 30 11 1 50 20 1 20 30 30 20 20 30 50 51 1 1 1 1 1 1 1 57 30 11 52 30 51 1 23 51 1 43 38 51 11 32 32 32 32 
11 51 24 7 9 51 1 1 1 1 1 38 42 7 33 1 52 52 32 56 57 8 43 57 39 11 51 11 1 1 32 43 8 38 32 32 32 32 32 1 11 11 50 51 57 56 57 57 30 8 38 51 1 52 1 9 21 47 1 38 32 
9 23 23 20 11 51 8 56 10 57 32 11 32 32 11 51 32 1 38 11 51 1 24 3 42 9 32 1 1 1 1 52 1 38 24 60 
1 51 51 51 51 57 56 11 56 23 57 51 32 50 11 1 8 10 10 32 32 57 8 10 10 43 43 50 51 57 51 1 32 57 30 11 32 51 11 32 50 51 51 20 50 11 32 1 11 32 32 51 9 22 59 42 
52 1 1 1 1 1 1 24 53 47 42 32 32 32 11 10 57 32 39 56 10 32 32 51 51 32 1 1 1 1 1 1 9 59 34 42 52 11 51 57 56 20 11 43 50 11 8 30 1 52 11 8 1 1 1 57 57 20 11 51 32 51 20 23 38 50 50 32 32 11 
51 11 20 35 8 32 1 1 1 1 1 33 22 22 24 1 1 57 20 38 56 57 38 39 23 11 51 32 32 20 20 51 51 32 1 32 57 11 38 20 57 23 57 30 38 51 32 9 11 56 1 3 28 9 1 20 11 32 51 8 57 57 
31 23 11 11 51 51 32 32 32 32 38 32 1 57 43 27 11 1 1 52 1 1 1 1 9 24 46 9 32 57 32 51 57 20 8 23 8 11 11 32 32 43 38 38 56 57 56 10 10 30 51 11 51 57 57 51 51 51 57 57 51 20 11 32 32 20 9 7 9 1 1 1 1 1 9 17 55 1 57 
38 23 23 23 23 38 20 38 11 1 1 1 1 1 9 7 42 1 32 38 30 57 57 23 30 57 11 1 32 1 57 30 20 20 57 11 50 50 23 20 32 57 11 51 32 37 1 1 1 1 1 1 1 25 22 32 11 38 23 57 23 23 38 38 32 51 51 30 32 32 11 51 50 8 
57 20 50 11 38 11 57 57 1 1 1 57 23 57 11 20 51 50 10 11 57 11 32 32 51 32 51 51 51 39 1 1 1 1 1 1 1 1 3 1 51 51 38 38 50 56 56 50 51 11 30 38 
48 32 51 56 8 39 30 11 57 50 51 11 11 51 32 11 20 51 11 11 32 11 32 1 32 55 28 52 1 1 1 1 1 1 1 1 9 21 1 50 51 10 43 56 50 23 23 51 57 50 1 1 1 33 22 55 1 1 1 8 30 30 38 10 50 11 30 1 
1 57 20 20 20 57 38 38 30 57 32 32 32 1 36 52 1 1 1 1 33 26 52 11 38 8 23 56 30 8 57 38 1 32 11 11 8 11 30 8 20 32 42 54 55 8 20 51 20 8 30 56 11 
32 51 51 32 51 20 48 12 1 1 1 1 1 33 22 22 52 1 11 8 57 56 20 51 57 11 8 8 56 20 10 57 1 8 10 23 1 20 
43 10 23 1 32 57 57 57 11 32 51 51 38 32 32 11 51 32 1 57 57 23 51 32 56 11 32 32 52 11 42 22 55 52 33 52 1 1 1 1 1 
9 2 9 42 11 11 38 43 50 38 48 43 50 20 32 1 1 1 1 1 1 9 17 24 24 32 38 50 51 8 56 30 57 57 30 8 20 1 1 1 20 1 3 3 1 20 9 51 51 51 
57 20 32 32 51 30 50 38 30 32 32 50 50 51 32 11 38 48 5 57 1 32 1 1 1 32 1 52 1 9 21 42 20 8 8 51 57 48 57 30 56 
50 23 30 11 51 30 8 51 1 32 51 32 1 57 23 51 11 56 11 8 30 38 20 51 1 51 1 6 2 1 20 9 52 32 10 11 51 20 57 8 56 20 38 
38 50 32 32 11 51 32 51 32 52 32 57 8 40 43 51 32 1 1 1 1 1 32 52 25 21 9 11 38 57 1 51 23 30 10 43 38 51 32 32 51 57 
57 1 8 12 8 43 8 32 32 11 11 11 50 57 38 51 32 32 51 50 32 51 23 51 51 32 20 57 1 42 1 48 22 3 9 33 1 
1 1 52 1 1 24 2 1 20 11 38 51 57 31 38 20 30 48 30 1 32 50 32 32 51 51 52 9 1 24 2 52 32 38 57 57 23 30 38 8 1 
57 48 11 32 57 51 1 1 1 24 1 30 20 11 51 11 20 56 8 50 50 11 1 1 1 1 56 1 1 52 52 32 32 52 52 24 36 9 11 38 51 32 30 30 50 56 8 48 51 51 
32 32 20 52 52 57 38 1 32 30 51 50 20 50 20 56 57 57 20 11 1 51 8 1 
1 1 1 1 56 11 32 51 38 10 30 50 38 50 32 32 57 32 32 50 1 42 24 17 9 1 1 1 1 1 9 
33 6 6 52 11 51 38 8 32 23 23 11 50 57 32 57 10 56 52 1 38 30 50 11 23 10 8 48 38 51 38 51 51 57 11 51 51 32 57 51 51 38 57 38 30 32 1 51 51 32 1 33 55 3 9 33 52 1 1 1 
1 1 1 1 55 60 33 32 51 30 1 56 20 11 8 31 38 51 51 32 51 57 57 32 32 52 9 1 1 24 3 22 52 32 20 50 11 56 8 30 30 38 57 11 11 30 1 24 1 1 1 20 43 23 32 32 11 20 57 57 10 57 57 50 11 11 32 32 57 20 11 28 26 9 1 1 1 1 1 1 1 55 47 2 20 32 32 57 20 10 57 23 10 20 51 11 50 51 43 
56 32 1 51 57 32 57 20 30 50 11 8 30 56 50 52 11 1 42 3 24 8 51 32 23 20 57 51 23 20 8 10 38 20 32 32 57 32 51 20 32 1 1 1 1 39 1 52 52 
1 1 32 32 32 33 55 3 55 42 32 11 51 56 50 20 8 23 56 1 51 50 51 8 31 51 11 43 1 57 43 10 43 56 20 32 11 51 51 50 57 57 38 1 1 11 11 50 51 51 51 20 51 32 50 51 32 20 47 42 2 42 52 1 52 1 1 1 9 1 24 36 33 1 32 30 8 10 11 8 56 
56 38 11 51 32 52 32 11 32 52 9 24 17 42 52 51 57 30 8 11 56 8 57 57 38 20 57 30 1 33 42 1 1 1 57 30 11 11 57 38 57 57 56 38 50 32 11 51 32 32 24 55 
26 1 1 1 1 1 9 55 22 42 1 51 11 38 23 20 20 10 11 11 11 32 32 51 32 51 51 1 51 10 20 51 30 43 57 57 1 52 50 1 47 2 1 1 1 23 30 51 1 8 30 38 30 11 11 50 1 32 51 1 32 20 57 9 53 55 52 33 1 1 32 1 52 
33 9 26 55 24 30 51 32 11 57 10 8 56 50 32 51 11 8 43 20 50 51 1 1 8 56 8 39 20 20 38 1 51 51 1 51 20 20 51 11 32 32 11 50 57 20 11 51 51 51 30 51 51 11 38 8 3 3 24 1 1 1 1 1 
1 1 1 24 36 9 42 11 11 11 48 8 38 20 23 30 57 57 32 57 20 1 1 1 1 1 1 1 1 1 24 36 1 52 32 57 57 57 8 10 1 20 8 57 30 8 51 11 30 1 1 1 8 40 56 8 57 30 11 32 38 38 1 51 30 38 
20 30 51 51 30 32 32 20 32 32 32 60 51 1 1 1 1 1 11 33 25 26 55 42 32 57 51 51 31 10 8 57 39 50 51 50 11 11 39 30 11 57 32 51 32 1 32 
50 50 32 32 10 38 20 30 8 57 11 1 42 11 8 1 1 8 23 32 32 11 11 10 32 51 48 8 38 1 30 51 51 51 32 51 32 11 32 1 51 20 48 12 10 32 1 1 1 1 1 
32 32 1 55 36 33 51 11 51 32 11 56 23 43 10 51 51 51 1 1 8 10 56 32 11 57 57 12 11 23 30 57 8 30 51 11 51 32 57 11 11 32 32 11 51 1 38 51 51 11 32 32 32 30 51 51 30 51 52 9 11 56 1 1 1 1 33 1 
1 51 1 1 24 3 22 20 50 32 57 48 20 11 50 20 23 30 20 30 56 32 32 57 1 1 1 1 1 1 1 9 26 22 42 8 11 32 43 51 51 39 11 11 32 51 43 38 20 57 1 51 11 1 1 1 8 56 1 1 
56 51 11 56 51 51 23 11 32 11 51 32 57 1 1 8 48 12 39 23 57 32 1 1 1 1 1 1 1 24 26 47 52 33 1 8 56 1 1 12 48 8 38 11 1 20 57 43 8 1 8 56 1 32 11 51 57 51 1 32 50 30 32 9 10 
51 11 43 1 57 31 11 52 1 56 1 42 1 1 1 1 8 56 1 42 23 56 32 11 30 8 43 51 51 30 51 32 32 1 51 51 32 50 32 32 57 51 1 1 9 1 1 51 32 1 1 1 1 25 53 55 9 33 1 32 50 10 38 
50 38 10 23 32 57 20 51 11 57 56 48 43 32 32 30 10 8 30 43 38 51 57 11 32 32 51 50 11 51 51 51 23 11 51 11 1 32 1 52 1 11 2 1 32 52 1 1 32 52 21 1 32 1 32 57 57 56 30 23 56 11 32 32 51 30 1 1 
1 1 1 1 1 9 60 25 1 56 32 38 32 32 10 23 50 8 57 32 23 1 1 1 8 11 52 23 50 11 20 11 50 23 51 32 51 20 9 46 33 1 1 1 1 1 52 1 24 22 56 50 1 8 31 8 56 43 50 30 30 1 51 32 32 32 32 50 1 57 48 51 38 
10 11 51 32 51 51 47 55 26 24 8 20 11 50 50 20 50 30 10 57 51 38 32 32 51 32 32 32 32 1 1 8 1 1 1 1 1 1 1 1 32 1 55 53 25 52 32 56 11 50 23 56 50 51 32 32 
48 8 24 3 24 8 10 10 8 8 56 8 38 38 56 38 57 51 11 23 11 51 11 11 32 51 30 51 32 51 20 11 51 11 52 21 9 1 1 1 1 1 33 34 54 9 50 32 57 8 30 38 10 8 38 51 51 
