65 65 145 51 75 100 155 9 41 107 107 107 107 107 107 107 54 13 54 54 60 116 107 127 66 107 107 107 66 12 66 107 107 107 66 149 74 123 60 60 107 74 149 107 149 107 79 149 66 107 107 107 107 107 107 
107 107 107 162 181 149 8 116 116 66 162 162 112 81 112 96 174 114 116 1 69 162 116 66 106 74 170 34 12 66 66 1 96 107 116 93 84 137 137 137 100 43 79 43 82 156 102 51 102 102 43 31 125 88 82 84 93 84 43 102 74 167 74 73 165 112 59 48 134 65 74 37 66 131 131 74 
97 139 1 48 29 1 107 137 136 145 35 116 73 68 15 59 90 90 106 172 66 107 66 40 106 149 107 149 66 107 107 107 66 149 74 123 74 149 86 149 149 81 181 161 102 149 145 107 112 107 156 127 116 162 116 185 116 73 50 180 165 101 167 74 66 116 48 116 22 101 50 65 163 108 48 185 127 74 74 112 116 69 81 22 60 25 66 54 13 109 107 49 79 137 127 65 183 114 156 156 65 135 
176 177 188 176 84 102 55 190 100 27 126 176 75 82 96 96 161 156 102 79 107 84 145 60 149 66 107 107 107 107 107 107 107 147 79 119 150 149 109 149 149 49 147 74 149 66 50 50 50 50 
50 66 112 112 40 50 149 66 50 50 50 66 149 50 150 170 66 50 50 66 10 40 86 149 149 81 22 60 149 66 66 149 50 150 149 49 106 172 50 49 170 116 50 50 50 50 50 50 50 50 162 150 79 54 66 112 69 60 107 107 79 31 19 54 54 60 181 162 107 107 107 107 107 107 137 54 84 84 13 54 137 54 164 60 79 82 100 54 43 19 82 184 49 74 137 19 
137 150 107 74 180 101 101 116 181 84 102 181 107 116 162 50 50 66 40 106 149 50 149 66 50 66 40 74 74 74 49 123 50 79 50 50 66 123 49 149 170 66 50 50 66 25 50 25 106 170 162 100 79 112 116 162 22 127 74 107 107 107 149 74 74 149 74 181 162 107 107 107 107 
66 149 74 8 12 66 107 107 107 162 185 180 76 174 96 1 96 183 84 137 
137 137 137 100 125 130 43 161 41 102 84 93 60 9 60 55 44 51 187 9 55 156 183 60 41 180 102 79 79 79 31 119 107 66 40 74 74 40 86 170 170 66 66 112 112 40 79 107 149 107 149 66 50 50 50 50 66 40 50 79 149 106 101 116 74 185 96 74 162 116 142 116 74 40 79 106 59 116 54 84 116 66 137 137 137 66 123 109 137 170 25 49 137 137 137 137 137 137 137 137 137 137 137 137 137 100 155 177 102 147 13 148 51 125 145 100 83 85 82 82 60 156 153 27 60 66 116 107 107 107 107 107 54 24 19 102 48 167 159 
107 48 22 87 147 181 145 149 162 162 170 74 50 74 40 50 109 50 
123 66 50 50 162 64 144 62 167 15 162 162 112 127 139 74 22 159 137 162 22 48 79 44 24 100 137 116 1 96 174 137 84 43 84 119 55 125 155 130 19 31 119 84 164 135 176 177 184 84 74 79 2 116 145 50 181 112 66 50 99 112 90 37 116 181 69 161 142 108 112 86 12 66 66 8 74 25 66 99 140 22 37 50 15 22 73 106 112 181 116 137 86 112 165 40 127 145 60 25 66 137 137 50 50 107 66 123 109 54 107 
107 50 15 1 65 55 137 137 137 100 27 102 125 190 125 135 88 184 43 19 119 54 189 100 9 82 84 100 172 147 66 79 149 66 107 107 66 12 66 66 40 74 74 40 107 60 181 107 161 116 66 107 54 84 116 66 66 37 116 165 144 22 114 1 37 37 62 162 103 114 159 116 116 180 136 107 149 79 107 123 107 107 107 
107 107 137 137 137 137 100 57 176 75 43 51 153 138 43 184 177 9 100 100 100 74 150 107 139 159 114 114 114 1 102 100 50 54 42 60 50 74 127 145 50 112 15 11 64 86 149 50 25 74 50 74 25 50 50 164 179 164 170 112 50 112 165 112 147 
69 116 66 139 137 66 170 165 112 86 137 137 54 19 58 82 69 156 156 1 1 65 65 114 136 174 114 96 84 82 17 60 54 135 176 153 60 125 27 189 19 82 82 161 22 162 137 54 79 99 151 143 1 185 76 1 62 116 116 181 172 170 116 162 169 181 68 48 180 22 50 22 
162 50 162 112 48 74 106 74 167 59 122 167 151 181 167 143 127 185 68 74 127 112 73 114 137 127 73 116 107 107 107 66 149 74 8 12 66 107 107 107 116 114 174 65 1 76 65 102 84 82 100 79 164 54 82 79 60 130 124 82 55 82 51 102 102 79 74 150 142 
142 106 106 162 97 15 132 146 108 122 167 151 112 74 97 116 162 66 64 69 131 185 139 142 48 66 143 69 131 143 131 62 112 22 76 127 167 180 159 163 162 127 163 122 159 73 74 1 62 
180 55 54 54 33 82 65 65 174 137 114 145 174 65 183 102 75 148 43 51 100 84 102 130 189 79 190 189 51 177 156 106 156 76 139 107 107 107 107 107 107 66 142 22 
74 167 76 122 139 122 103 112 90 165 165 181 74 74 116 74 22 145 79 110 24 100 162 172 144 112 167 181 112 73 167 68 122 162 74 97 181 74 127 
131 162 137 137 137 116 180 145 96 137 137 137 102 84 84 88 84 176 189 9 95 154 51 125 82 84 184 107 107 162 76 139 152 185 76 73 97 140 74 97 150 132 112 106 69 84 28 107 40 81 112 1 62 15 97 132 181 
143 165 181 162 139 167 122 185 74 102 145 156 149 66 54 109 123 66 107 162 107 41 107 127 65 114 137 156 136 137 137 65 100 102 65 118 155 153 9 161 183 130 189 161 187 44 137 84 51 74 137 66 2 74 180 150 86 40 106 
101 172 37 162 175 90 163 69 116 180 180 73 122 122 62 69 122 90 90 143 127 122 159 185 101 163 139 106 25 119 4 102 137 65 65 174 65 65 137 102 145 84 88 190 130 177 9 89 188 100 51 102 156 119 82 100 107 107 
107 107 107 116 181 116 5 60 139 1 139 22 167 116 116 132 140 74 48 162 162 62 172 101 50 116 22 137 66 112 101 81 172 1 127 15 144 112 22 165 139 139 165 15 127 159 162 73 137 96 179 137 139 114 65 96 137 137 137 183 41 41 88 60 93 75 176 51 83 119 100 84 60 84 82 
107 116 59 59 131 159 76 143 122 181 90 172 142 15 132 112 180 50 74 110 13 54 66 112 101 74 106 147 112 90 106 139 185 139 122 22 62 22 143 1 1 62 116 107 139 56 46 
59 15 1 136 1 137 65 65 136 174 145 145 161 130 189 55 79 115 154 176 51 102 189 27 65 162 111 140 90 142 116 147 66 144 171 112 73 127 76 165 162 101 48 48 59 163 73 68 62 97 131 114 1 181 116 74 74 147 110 33 137 180 136 137 102 65 145 82 84 60 145 41 51 27 79 43 189 82 84 84 130 96 84 75 107 107 107 107 107 107 107 107 107 54 13 44 119 116 139 114 136 159 97 165 181 167 112 108 181 132 68 167 181 162 137 69 162 137 137 116 181 144 165 122 74 181 68 150 116 76 181 167 62 167 139 116 180 
74 137 137 137 137 116 114 136 153 145 153 84 41 153 27 189 130 19 43 148 93 161 153 180 162 167 180 116 116 122 185 122 90 112 144 132 152 140 112 60 137 79 28 100 162 112 74 112 90 74 165 132 22 131 76 122 165 15 163 76 139 167 127 114 139 181 74 46 105 116 185 1 107 114 137 137 183 136 137 96 96 41 161 176 177 1 155 158 100 82 100 187 51 93 100 54 101 116 142 116 107 66 40 81 169 169 81 74 167 181 165 97 131 122 167 116 48 131 68 165 
101 101 69 143 73 139 74 68 180 137 74 49 49 5 55 185 183 102 136 136 153 190 102 145 27 102 
102 153 60 118 158 54 188 153 177 174 102 185 114 1 51 95 185 76 76 59 101 131 15 111 139 84 21 184 74 22 62 172 68 
139 165 167 185 137 158 136 102 102 60 93 161 41 183 83 44 145 114 165 59 73 122 69 76 143 122 181 68 167 103 165 50 162 170 106 40 66 50 50 66 40 81 66 116 50 165 112 172 165 143 163 22 185 159 167 122 1 127 127 185 162 64 99 11 169 15 165 114 136 136 65 41 136 136 102 183 153 79 60 84 100 82 51 126 100 96 156 41 27 112 53 163 165 146 66 186 68 181 22 143 62 163 180 127 68 162 180 48 116 114 102 70 60 102 96 65 84 27 145 145 100 57 176 
174 102 107 107 107 107 107 44 39 51 136 143 180 107 73 165 139 59 108 108 181 15 150 74 62 22 22 142 34 34 162 162 112 74 140 73 114 76 97 151 62 127 73 163 76 116 112 74 48 156 156 74 137 66 137 136 65 136 114 84 41 84 84 96 189 60 93 160 75 125 154 100 60 93 89 174 68 131 127 59 101 73 103 78 181 45 11 
68 122 112 112 101 68 74 48 131 180 107 76 116 77 161 136 174 136 136 96 41 41 119 88 95 125 102 161 162 169 172 48 127 59 169 108 169 111 108 74 73 69 167 143 62 181 165 180 143 165 97 112 76 180 22 185 139 181 74 165 108 86 137 137 137 137 137 137 65 96 75 100 153 41 102 51 88 184 138 9 153 130 130 96 107 96 127 116 107 
107 107 107 54 18 100 156 101 76 127 97 139 139 165 90 68 116 101 59 68 37 122 139 142 137 116 162 137 137 137 137 162 172 181 165 116 101 181 15 144 37 122 139 122 165 22 22 90 137 180 181 66 137 137 162 114 136 137 48 161 102 102 84 84 125 100 95 148 155 155 188 155 65 156 82 161 163 127 122 116 97 
106 144 172 165 140 144 162 137 137 137 139 68 59 59 112 146 112 163 139 131 165 74 116 1 114 139 116 107 107 139 180 107 137 137 136 65 156 93 60 176 41 27 19 119 51 177 82 60 177 64 162 66 66 112 11 162 116 66 81 40 86 150 74 112 59 1 167 69 76 165 59 165 
73 185 159 165 162 68 116 76 139 73 185 1 185 22 175 165 162 142 137 137 66 12 8 40 167 122 143 145 96 137 137 174 154 41 93 93 41 189 27 187 58 130 177 41 27 189 130 107 107 107 107 116 143 65 54 50 40 74 180 40 162 162 12 74 50 50 149 66 66 40 74 50 60 
60 123 60 5 149 74 180 40 162 50 50 99 140 22 111 40 74 68 112 119 119 179 33 50 69 65 65 174 114 1 65 136 1 137 44 57 51 55 54 43 82 100 79 137 43 44 137 137 137 116 108 22 48 163 69 127 139 103 22 122 144 132 167 101 137 92 82 127 53 22 163 132 
152 162 122 165 97 163 167 48 185 1 114 139 116 137 114 162 107 107 84 93 174 137 137 137 137 174 65 65 102 41 93 60 27 184 92 17 95 51 190 
60 96 82 100 116 185 143 15 64 170 86 2 172 162 162 50 162 40 180 144 112 167 37 11 68 163 122 127 163 139 73 112 165 25 143 162 167 1 172 106 137 137 60 5 60 112 116 137 1 114 114 73 102 100 
84 17 9 75 82 54 33 44 51 100 79 164 107 75 107 150 79 44 43 33 164 107 79 60 107 107 107 107 50 50 50 74 149 79 74 37 162 50 162 66 170 74 127 50 66 167 185 181 101 74 50 74 74 109 25 150 50 50 25 66 66 40 106 101 116 74 22 
139 116 127 1 181 180 48 74 74 101 131 172 139 137 139 142 48 74 106 74 156 79 137 109 13 54 66 65 65 137 1 1 174 137 136 55 54 49 83 93 75 19 184 135 125 51 138 100 119 50 136 167 22 111 172 68 11 162 66 40 74 50 50 74 40 50 79 25 66 50 50 66 40 74 74 101 172 162 50 162 181 
46 181 172 66 180 167 62 62 167 180 48 62 162 107 107 107 107 107 66 2 129 142 1 59 73 50 137 114 65 136 136 41 79 51 102 119 137 33 130 180 79 43 54 54 4 102 156 96 84 40 86 12 8 149 142 169 81 25 137 25 66 66 40 106 170 162 162 11 68 180 69 163 1 156 162 116 
50 185 101 147 180 139 167 48 162 116 116 114 1 116 62 165 165 165 101 116 139 162 131 114 112 73 114 84 137 74 110 24 100 139 1 156 137 136 174 145 84 82 88 154 177 84 85 43 88 100 161 54 116 161 100 107 54 79 60 110 44 79 79 119 55 22 101 74 50 50 139 112 86 66 8 149 181 162 
50 162 172 50 161 127 60 50 40 67 123 74 25 66 66 8 25 127 116 62 122 181 127 48 69 69 106 40 69 143 15 66 106 74 163 162 142 137 54 13 13 145 183 156 116 55 137 143 84 102 137 84 43 
27 177 158 57 27 156 33 43 82 135 51 76 159 163 185 185 74 74 112 144 172 162 50 66 25 25 74 50 50 50 50 49 25 40 116 73 116 116 167 62 144 40 74 181 162 142 165 116 139 165 167 137 159 127 185 73 139 84 13 107 109 13 145 114 102 174 137 137 65 
174 65 96 102 102 176 9 130 177 130 161 57 189 155 79 96 55 51 54 137 137 137 137 86 147 11 64 106 172 181 68 90 165 139 144 73 73 139 139 59 112 74 50 74 139 131 181 1 159 165 143 114 73 112 185 
1 108 73 171 76 180 37 136 159 74 156 184 92 43 51 185 137 27 65 137 137 136 84 137 96 43 60 119 119 100 189 153 155 115 189 154 41 107 107 165 74 156 18 164 84 1 131 127 139 170 172 140 181 139 162 162 
108 144 116 119 5 54 66 170 64 116 159 163 152 152 167 68 97 1 116 74 60 109 24 51 137 114 137 137 156 51 33 188 177 17 187 83 164 55 165 76 136 127 139 114 48 48 136 69 15 11 139 1 81 37 162 50 111 
181 139 50 69 180 74 50 66 25 74 8 145 50 142 116 50 37 162 163 147 112 139 15 122 139 73 165 76 76 172 107 127 1 185 107 164 5 164 102 174 48 136 174 183 136 174 82 93 79 82 84 43 51 27 179 148 
177 51 153 162 34 116 112 32 170 99 112 68 112 122 15 73 180 143 73 114 143 112 90 116 73 101 116 22 122 74 112 139 73 68 101 50 100 36 93 93 65 114 1 65 65 84 176 184 39 17 153 189 125 24 43 100 50 
66 25 119 21 155 84 102 139 122 167 112 162 116 46 103 62 165 132 74 139 60 79 150 150 50 50 66 40 74 106 11 139 139 101 175 68 139 165 132 22 180 139 181 116 179 139 159 183 137 76 41 27 
27 33 189 130 43 82 43 9 9 188 102 108 180 159 48 76 181 90 68 103 162 112 74 74 13 19 60 81 11 139 139 112 170 165 159 68 73 122 97 183 114 74 116 22 162 107 107 107 185 
1 137 156 136 137 65 153 14 184 60 9 82 138 190 177 47 2 74 116 169 162 112 81 116 170 2 106 170 162 116 144 112 68 1 1 167 122 165 165 62 74 15 122 159 139 101 167 167 74 76 
1 101 180 114 181 144 165 74 74 137 137 137 137 137 137 137 137 137 137 137 102 183 93 109 95 9 96 93 138 160 51 89 75 159 114 69 84 100 100 24 44 93 145 156 180 112 162 116 87 11 185 165 68 74 74 106 25 
50 50 79 5 79 137 25 74 106 169 122 48 112 81 112 132 127 122 103 185 116 59 55 20 137 131 65 65 114 136 41 65 41 89 51 177 184 118 148 135 57 100 84 93 147 68 163 127 185 76 1 167 165 165 90 146 73 48 
66 112 22 112 145 79 13 43 137 25 60 69 172 162 185 59 111 22 127 59 68 1 159 74 139 76 97 69 143 162 137 137 100 
24 4 84 139 180 136 65 174 137 65 190 75 9 135 75 51 43 92 155 55 184 190 54 164 42 147 66 137 66 170 170 86 2 112 11 147 181 73 
139 62 165 139 122 101 97 131 76 74 69 143 22 116 122 162 74 69 106 137 28 100 137 137 137 65 93 51 102 153 176 135 82 43 98 130 100 50 50 50 50 50 50 50 50 50 50 50 25 50 50 106 74 156 102 50 40 66 66 170 2 162 50 50 37 172 50 79 123 60 79 5 54 50 66 8 25 112 116 162 40 
116 81 181 50 181 132 74 180 74 106 25 50 119 4 184 50 185 1 65 50 102 102 100 24 31 100 127 142 86 170 2 162 142 66 90 172 152 144 181 131 73 97 139 116 147 66 181 116 162 170 50 79 50 164 43 156 116 142 116 116 66 81 112 132 132 169 163 159 1 180 69 145 145 79 109 5 125 102 136 65 65 65 65 84 41 84 187 44 51 75 58 17 82 95 139 103 175 116 165 104 120 172 74 
101 181 74 73 59 181 48 165 22 163 74 90 73 119 30 183 50 131 136 124 54 50 132 151 103 151 112 175 175 50 50 50 50 54 13 44 119 69 22 50 112 53 112 172 162 116 66 106 50 74 40 66 50 66 112 
172 165 162 37 162 11 140 181 1 165 68 25 122 122 60 50 25 50 50 50 139 180 136 136 159 102 75 33 155 153 184 88 102 137 100 95 148 158 43 188 54 153 181 22 170 86 150 162 122 159 159 146 40 144 112 74 181 69 85 130 181 37 68 37 101 59 106 139 139 73 143 65 50 66 162 69 102 100 50 116 50 50 50 50 1 102 89 85 109 
181 111 78 165 146 37 78 150 143 66 12 99 66 149 15 116 87 87 15 144 144 131 163 163 116 165 74 140 108 122 62 145 100 54 21 136 136 102 65 136 65 102 49 158 39 190 102 102 190 57 107 107 107 82 19 82 50 84 100 50 22 37 34 66 50 116 
66 74 100 51 44 79 50 74 66 159 185 105 112 11 66 74 68 180 79 19 33 43 93 65 65 136 136 174 75 148 79 83 189 27 135 54 57 86 172 48 143 48 116 167 112 37 46 108 116 50 66 149 79 54 54 60 181 162 50 50 116 147 108 11 169 48 127 165 101 50 102 116 22 107 107 79 84 65 1 156 
65 136 96 96 177 119 130 92 125 184 55 57 51 84 86 46 181 162 66 12 66 107 15 37 103 111 170 81 11 139 139 122 22 68 122 68 143 139 147 81 112 108 48 174 137 73 161 4 102 27 183 174 41 136 41 60 82 61 75 100 82 84 155 85 116 62 65 107 84 21 31 93 107 180 50 180 66 169 147 181 172 
66 167 76 190 57 50 150 116 73 116 116 132 140 103 59 122 159 137 156 155 89 17 130 136 136 145 102 174 102 49 49 54 79 187 190 115 83 84 137 162 146 112 1 1 73 68 181 167 108 149 132 40 25 106 74 110 44 109 147 25 116 74 68 101 2 142 139 68 68 180 114 185 74 
156 188 98 190 102 137 137 137 136 183 41 183 60 17 43 51 187 130 9 82 130 54 172 99 46 132 171 68 172 111 37 147 87 90 68 101 185 127 163 139 144 112 162 165 22 145 54 54 57 189 96 174 136 136 84 75 160 77 65 65 
84 100 18 107 107 107 107 107 54 13 31 100 136 50 50 156 139 147 8 162 68 181 127 101 150 110 44 110 74 74 74 150 181 167 68 146 66 22 167 90 50 50 116 109 85 54 114 
65 65 136 174 65 93 49 190 43 88 84 51 54 190 158 137 15 103 69 69 112 68 181 40 181 162 66 60 54 50 54 119 74 181 114 180 11 68 68 152 59 68 162 180 137 180 97 137 164 137 137 137 137 137 137 137 137 137 137 183 156 156 82 9 138 88 177 51 82 83 44 110 181 37 32 11 15 144 59 
103 132 146 90 62 165 127 122 106 68 74 180 185 140 37 116 137 127 159 41 83 41 153 93 93 145 183 82 43 54 177 51 135 82 43 155 50 50 50 50 44 92 51 100 50 116 172 37 170 106 170 162 37 162 1 60 147 110 43 60 74 170 50 102 22 2 25 101 46 
165 48 76 1 50 4 17 84 1 156 174 136 65 84 102 51 44 89 102 96 82 158 158 100 165 139 74 167 68 15 50 15 169 142 127 162 169 50 51 54 54 119 74 181 116 137 116 87 186 22 127 180 1 185 76 161 49 83 109 153 174 114 137 65 136 174 145 177 118 119 89 161 93 
155 51 100 84 48 74 142 142 46 108 162 162 59 132 146 112 165 144 116 163 165 122 116 139 22 112 143 163 96 60 153 130 84 137 156 100 51 95 79 177 51 102 51 138 119 1 60 43 33 54 100 1 159 180 162 15 147 66 162 37 22 137 84 44 60 84 74 74 139 
66 142 165 165 180 76 156 100 155 89 156 183 136 65 100 75 88 82 102 184 95 138 135 137 112 162 139 69 74 101 106 146 162 144 132 112 50 79 137 164 164 74 137 1 73 86 64 87 108 101 1 1 139 76 96 88 109 176 102 136 174 65 183 145 93 178 118 177 79 155 92 125 184 86 170 2 37 108 
90 181 78 78 73 162 101 62 74 143 143 175 172 97 68 122 156 55 17 155 96 1 65 174 84 41 75 179 51 161 189 14 107 50 50 54 24 100 50 50 50 116 147 169 15 116 73 127 50 51 33 74 112 1 62 116 116 103 87 132 144 143 159 139 79 44 54 57 184 136 65 145 156 41 177 41 188 58 88 189 189 118 135 112 90 131 139 48 163 122 108 
112 172 111 162 74 119 44 145 73 116 185 22 120 68 97 73 143 143 116 114 114 112 43 58 54 107 65 65 137 65 174 156 93 100 176 89 176 177 135 155 88 54 86 32 66 133 59 132 132 140 149 103 22 73 165 62 1 185 78 146 132 15 162 167 74 50 164 126 
