68 33 19 68 19 56 84 25 19 68 58 94 99 30 20 78 99 99 99 74 95 58 53 14 19 20 87 92 92 99 99 87 81 68 68 43 58 69 48 72 77 19 19 58 19 19 51 51 58 93 13 13 83 40 25 13 13 38 67 58 68 
87 92 94 43 68 43 88 11 87 87 87 48 72 38 38 32 83 95 81 78 46 34 95 99 34 87 43 33 68 19 19 33 13 34 18 30 68 33 19 19 51 51 51 58 58 13 80 83 3 67 58 58 32 67 62 99 19 43 99 70 11 46 99 22 95 33 69 68 95 95 33 68 11 87 43 33 33 99 34 34 68 58 43 59 72 93 91 58 51 19 13 58 51 58 
25 13 13 52 25 58 38 72 83 83 30 19 19 19 19 19 19 19 19 19 19 38 39 2 3 34 1 19 19 34 33 43 30 19 19 46 11 43 81 99 43 30 48 19 68 96 46 19 19 19 19 19 19 19 99 26 19 58 83 11 26 30 19 19 99 94 92 11 43 43 19 87 70 33 69 19 69 34 48 1 3 17 38 19 19 19 68 69 19 58 19 13 13 13 21 62 91 40 25 67 84 80 52 25 19 46 86 19 
68 43 68 19 68 43 99 20 70 78 61 48 26 99 19 19 19 19 72 19 81 82 82 78 87 43 99 86 34 68 43 43 34 34 69 34 86 19 19 19 11 83 19 11 30 19 38 3 1 30 19 19 19 19 19 19 19 19 19 19 13 72 83 3 75 91 91 32 27 3 67 25 63 26 20 99 19 99 92 11 20 99 30 8 1 68 33 43 
43 95 34 95 95 34 95 33 1 1 68 43 34 95 69 58 58 83 40 72 72 80 19 69 19 19 69 51 51 93 53 80 80 91 38 91 84 53 62 93 38 58 51 19 33 87 19 19 19 19 30 1 19 86 68 68 92 43 19 92 99 19 43 87 43 22 96 43 99 43 19 43 87 43 68 48 22 43 83 1 30 19 19 19 
30 1 19 1 48 22 94 19 94 99 99 78 92 95 92 94 94 99 68 34 99 68 69 
68 43 68 95 33 33 99 19 19 38 58 34 19 19 19 19 19 69 19 19 19 30 43 19 19 19 99 43 70 99 92 11 70 82 78 43 92 78 74 87 92 87 26 46 1 83 33 69 43 95 58 68 82 78 99 19 30 11 34 19 34 11 30 19 30 26 1 32 72 2 93 19 1 34 81 43 19 19 99 87 86 19 34 87 99 87 70 99 19 19 61 69 58 68 33 33 68 19 19 33 30 43 20 11 43 19 19 69 33 51 19 19 51 69 69 51 19 58 51 19 19 19 19 19 1 34 34 11 46 30 99 82 70 68 68 94 26 60 92 88 81 95 22 92 26 46 1 3 19 26 26 
30 19 30 8 19 8 30 19 19 19 43 74 26 19 19 
34 92 87 94 43 22 95 43 68 34 68 19 43 19 58 43 43 68 81 48 34 68 68 69 69 81 99 87 34 68 3 11 68 83 19 19 19 53 51 19 19 19 19 19 19 19 19 19 19 19 30 92 69 69 22 95 87 78 34 20 87 68 69 68 30 87 70 99 78 95 22 99 35 30 19 19 19 19 19 19 19 38 21 21 38 19 19 19 43 43 19 95 96 86 87 99 30 11 
86 92 58 34 19 53 79 32 1 83 58 30 34 95 92 92 43 61 81 95 92 99 99 99 19 19 43 92 83 3 17 21 25 99 43 13 19 69 19 19 58 13 19 19 19 58 25 32 59 3 40 32 3 25 3 80 32 21 80 3 32 19 33 68 69 95 30 11 11 99 69 51 83 34 23 2 59 68 68 43 61 88 81 96 70 43 92 33 33 69 19 
19 19 85 19 19 19 19 19 19 51 51 13 93 3 3 38 83 80 25 3 73 87 95 95 95 78 86 70 34 78 1 34 22 94 33 68 69 33 82 70 30 34 68 95 33 51 56 75 51 19 51 19 19 69 58 93 38 27 3 13 13 25 27 38 58 43 
99 19 19 19 38 21 27 32 19 19 19 19 1 30 30 50 1 92 99 19 19 30 11 19 3 86 1 23 39 19 35 43 43 30 30 1 19 86 86 19 1 19 3 1 30 30 1 3 19 26 86 19 1 30 19 19 19 19 43 69 69 19 51 58 19 19 19 13 27 53 25 25 23 11 59 62 91 38 
40 32 59 20 12 30 19 30 86 69 68 48 34 43 95 19 19 19 68 68 68 34 68 33 82 78 46 30 26 20 99 19 19 19 19 38 39 38 38 59 68 78 99 19 43 95 43 26 34 43 87 43 43 82 43 33 69 33 68 95 95 68 68 78 86 86 78 46 12 26 34 83 59 
33 69 58 51 19 19 19 19 58 58 58 19 13 21 72 27 91 59 62 91 91 25 72 40 32 3 83 22 81 30 30 20 34 58 34 87 99 30 26 86 1 63 48 48 30 43 19 43 43 69 87 95 19 48 
81 19 43 99 43 99 43 96 96 43 99 43 92 94 95 19 83 11 72 72 19 72 19 33 51 19 19 19 58 51 19 19 83 83 83 59 59 83 
83 84 27 3 59 25 19 19 27 13 68 95 99 92 68 68 5 95 95 96 43 43 68 44 51 19 58 32 3 67 34 83 51 69 34 34 22 81 46 20 
96 78 99 43 30 19 83 11 19 3 19 9 83 8 1 33 58 1 99 99 86 34 35 99 19 30 8 43 51 43 81 33 19 19 19 19 19 19 19 19 19 19 43 68 69 19 19 19 51 13 19 19 38 39 40 21 59 1 19 32 40 21 21 
13 43 30 19 30 26 1 32 50 20 20 99 99 26 48 20 43 68 11 61 78 99 33 34 22 34 99 81 87 74 99 34 92 19 69 30 19 43 33 19 19 19 51 51 51 93 83 91 79 39 40 21 19 19 19 19 
19 19 19 19 38 17 3 1 34 19 34 1 3 19 86 33 43 19 3 1 30 38 83 92 87 86 3 19 11 48 11 30 19 19 19 19 19 46 96 68 34 68 69 86 33 51 83 92 99 19 19 19 19 19 19 19 19 99 68 51 19 51 19 43 83 25 99 86 3 19 26 26 30 19 30 11 34 19 34 34 11 92 19 43 43 19 
19 19 43 34 34 33 43 86 1 1 30 19 19 19 19 19 19 68 43 19 58 38 19 68 95 13 58 19 19 13 67 93 93 83 83 25 19 19 51 51 19 51 58 19 93 21 80 19 38 52 93 51 51 51 51 58 51 58 58 43 3 95 96 94 75 69 95 82 34 43 68 33 80 72 51 19 19 51 75 80 91 26 
82 94 68 43 94 43 68 33 56 51 51 58 3 93 3 25 93 33 94 19 33 48 94 69 73 51 13 3 53 3 93 34 34 68 19 68 68 43 13 19 81 99 19 19 99 20 86 86 99 19 19 99 
86 19 19 34 11 32 34 19 53 53 19 34 32 48 94 83 1 30 19 19 30 1 34 8 19 68 81 30 19 19 19 19 43 92 68 33 48 19 11 83 19 1 19 1 30 19 19 19 19 19 19 30 8 23 25 19 19 19 19 19 19 19 19 19 19 19 19 19 19 19 19 51 51 19 43 19 19 19 19 19 19 19 19 25 58 58 32 59 38 19 19 51 51 19 58 13 19 83 80 80 93 93 91 83 93 80 51 83 58 19 83 58 58 83 68 58 91 91 19 19 19 46 86 43 86 30 30 8 32 1 86 19 19 34 81 43 19 19 19 43 92 43 34 95 34 86 33 
43 19 13 43 46 34 93 19 11 43 34 19 11 83 19 86 33 94 99 19 19 19 19 19 99 92 34 19 19 86 86 3 19 11 30 19 19 19 19 19 19 19 19 19 19 19 19 19 19 19 19 25 53 83 19 32 58 58 58 19 58 58 33 19 21 3 32 40 21 53 25 19 19 19 19 19 19 58 58 68 19 21 11 38 83 25 13 43 19 53 21 38 19 19 19 19 19 30 11 48 34 32 8 30 19 30 8 19 8 30 38 3 1 19 14 32 51 58 34 87 99 19 19 19 46 11 87 99 19 19 43 81 34 1 34 19 34 11 19 3 19 19 30 33 51 58 19 95 
19 51 58 25 19 19 25 21 83 83 32 19 43 83 25 19 19 19 25 67 80 91 38 40 83 58 32 3 75 83 19 
3 38 93 93 68 74 69 59 13 99 88 33 69 19 64 19 19 51 21 93 67 91 70 95 95 68 43 
81 95 69 57 51 51 13 3 62 80 25 25 19 19 19 19 19 19 38 39 40 59 34 99 99 19 99 11 34 95 34 86 30 19 30 11 48 86 33 43 19 72 19 19 19 19 1 48 1 3 48 61 92 87 20 68 68 92 92 43 51 68 48 34 1 83 68 94 19 19 19 43 34 19 51 58 33 33 25 13 19 80 67 25 19 69 58 3 93 38 53 25 83 3 21 38 93 59 67 58 25 93 83 13 94 87 94 
19 78 95 19 19 95 99 68 19 95 43 43 95 81 61 19 69 78 99 19 19 30 11 48 11 30 19 19 19 38 14 21 3 34 11 83 83 26 99 19 19 30 20 96 43 19 81 43 19 99 94 34 48 19 19 48 68 58 83 11 33 43 43 19 19 19 19 19 19 19 19 19 19 86 87 19 51 19 33 69 51 69 33 19 58 25 19 19 38 27 38 19 19 51 58 13 3 3 59 80 80 80 83 67 93 25 3 13 81 60 34 34 11 46 11 34 34 11 30 19 19 30 11 34 19 34 86 33 
43 30 19 19 99 92 34 68 68 48 22 94 43 69 51 33 87 43 34 68 22 82 78 19 93 34 46 43 83 25 13 93 25 19 83 53 51 13 13 19 19 19 19 38 93 58 93 21 58 83 25 19 19 19 40 21 93 25 40 21 93 84 38 83 38 34 95 43 43 19 93 77 25 58 58 68 92 92 22 22 82 43 34 63 
86 19 83 34 1 59 27 53 3 69 81 78 92 78 78 70 96 68 43 78 19 69 86 32 32 17 80 19 69 58 19 19 51 3 58 13 32 58 51 93 62 93 67 62 84 3 25 99 11 43 69 68 68 95 95 95 34 81 69 83 34 11 46 11 48 86 33 43 30 38 39 23 34 34 19 34 1 86 88 61 26 43 95 43 19 33 43 99 33 68 48 
82 68 43 99 19 19 19 19 99 20 47 87 33 19 13 19 43 51 58 51 19 19 19 38 83 62 80 25 13 51 93 59 3 3 91 80 38 3 62 30 35 19 69 99 43 43 99 43 92 26 92 88 11 30 33 68 70 43 68 95 33 33 95 43 43 19 43 81 95 34 70 43 68 68 43 70 43 33 
95 34 19 34 39 53 25 43 33 58 19 33 51 25 19 25 38 13 93 83 51 19 58 25 84 80 25 84 3 80 3 25 38 19 19 19 99 87 48 72 39 40 93 19 81 87 94 94 82 43 19 22 30 60 48 11 30 38 13 43 19 17 83 8 19 51 58 19 11 30 30 11 48 60 68 33 70 
99 68 69 34 22 33 39 14 25 19 19 43 92 83 25 19 19 38 91 80 3 69 51 13 51 40 32 21 3 83 52 80 84 83 30 74 95 68 69 43 34 43 70 87 34 78 92 92 22 34 86 32 19 19 63 99 33 92 92 43 87 20 70 78 99 43 19 19 68 43 95 33 51 58 19 39 
83 83 51 51 19 19 19 19 58 58 58 62 83 83 91 83 62 75 83 25 75 38 83 19 43 30 78 94 99 19 99 26 34 34 26 26 81 95 34 
68 69 68 95 43 34 95 22 68 33 43 34 33 43 92 68 74 86 51 58 19 72 44 58 19 69 69 13 51 19 25 32 25 58 83 58 13 29 62 3 39 62 25 80 25 83 43 30 38 39 2 13 33 81 43 19 19 99 20 26 46 81 96 86 32 11 83 17 3 83 94 86 34 68 
81 46 11 48 96 92 43 43 68 68 92 19 51 19 11 23 53 53 25 19 19 43 33 51 25 13 83 3 19 3 32 13 58 13 83 91 13 44 80 38 62 59 67 96 19 13 22 96 69 68 92 92 1 95 81 92 43 99 87 86 1 59 21 38 25 83 19 19 94 87 20 20 99 92 43 68 81 33 43 81 69 
69 68 19 19 43 95 43 86 18 87 69 69 19 19 51 19 69 51 83 19 25 3 83 25 58 83 23 83 83 3 93 75 32 25 81 82 61 95 51 81 78 19 94 22 48 11 46 81 22 11 94 19 19 19 34 68 68 81 43 43 95 33 33 95 34 99 34 34 68 68 70 43 33 43 
22 83 19 3 40 57 51 19 19 51 51 58 91 19 83 58 13 83 58 83 83 32 3 3 91 38 27 25 25 19 43 34 51 10 3 83 58 43 43 81 48 78 71 82 69 51 1 19 39 39 30 82 43 95 86 88 92 43 43 68 33 33 69 3 54 51 51 51 69 69 58 80 62 93 13 58 58 25 59 93 93 59 67 19 19 92 78 99 68 68 81 88 34 34 1 87 30 11 34 34 1 19 3 17 
83 34 86 33 94 87 30 60 46 95 95 81 33 95 69 19 69 99 43 19 19 19 19 19 19 19 69 33 19 19 68 19 68 59 38 25 3 25 3 25 13 79 25 13 75 72 84 72 26 11 33 94 99 99 26 34 34 11 46 11 48 34 43 68 94 87 33 34 34 69 69 95 68 68 95 34 43 95 95 19 78 95 68 81 69 83 34 1 19 32 
51 69 19 51 13 19 51 13 80 58 58 3 62 93 3 3 3 91 67 91 21 25 93 69 19 67 59 58 69 94 20 95 33 43 38 80 93 43 68 30 78 34 95 69 19 29 93 19 51 19 19 83 25 58 13 3 62 
32 80 93 3 78 43 68 94 95 99 81 99 95 95 95 58 67 53 51 19 34 88 61 70 33 33 34 68 69 33 19 19 69 99 94 19 19 19 19 19 51 51 13 80 58 58 25 67 59 67 67 75 91 26 34 33 43 22 92 86 87 94 94 43 68 
68 43 95 43 33 43 70 33 34 43 68 95 13 38 21 13 69 19 13 58 51 58 91 3 58 13 83 3 32 3 80 3 43 33 58 55 93 19 33 34 92 74 95 34 68 83 14 13 99 22 95 1 92 68 34 68 58 45 58 19 19 51 13 13 62 83 58 91 
38 38 59 3 19 88 70 43 33 43 78 34 96 26 82 43 59 79 25 19 82 30 78 95 43 43 22 43 69 69 19 19 47 69 19 69 19 19 19 13 83 93 13 83 75 80 32 91 19 69 88 26 26 92 1 81 43 33 43 92 34 43 68 33 68 19 21 52 13 19 19 51 58 80 83 58 83 3 59 84 13 19 68 
87 69 19 3 2 27 25 19 58 58 43 70 92 82 74 78 81 60 34 33 19 94 19 44 32 78 92 19 43 82 88 48 22 92 92 43 33 68 51 13 28 25 19 33 69 19 51 51 93 91 93 91 58 58 62 38 3 59 83 32 93 95 95 68 95 78 34 99 
82 33 83 90 34 68 33 22 30 48 68 69 69 69 19 58 54 58 19 19 19 19 51 13 58 83 25 93 32 93 25 32 19 26 92 68 78 49 99 81 96 92 94 33 68 68 68 95 92 94 33 68 91 
27 13 19 19 19 13 91 58 13 91 62 3 53 62 43 19 19 19 19 19 38 39 38 13 51 33 43 92 34 99 86 88 43 34 11 59 23 93 43 34 68 81 78 78 95 68 95 22 33 19 83 79 75 19 19 19 
51 19 19 84 3 83 13 51 58 2 91 3 3 38 86 88 81 43 95 95 68 43 70 34 22 78 11 22 3 34 1 39 21 83 68 43 1 70 78 30 78 68 33 68 69 19 19 33 13 98 51 19 19 19 19 19 19 51 13 
83 13 67 51 51 3 75 83 91 62 80 3 46 26 70 92 99 99 81 99 78 22 70 70 1 95 33 33 33 68 43 33 33 94 95 94 33 33 82 43 69 19 58 52 80 19 19 19 19 19 51 58 13 67 58 83 13 
13 91 3 91 3 29 83 83 19 38 19 46 91 13 87 83 59 85 19 38 23 1 86 19 1 58 93 8 95 33 68 19 19 19 43 70 86 34 20 43 19 43 71 99 51 33 33 13 
28 3 19 78 43 19 96 11 43 33 22 11 95 34 33 19 43 68 33 34 61 95 13 43 43 51 43 19 19 19 19 19 69 69 68 75 3 13 67 3 59 21 25 3 83 91 86 78 87 92 33 
69 95 68 22 34 94 11 78 34 33 22 86 23 40 53 51 81 34 43 88 60 61 68 33 92 33 33 43 69 69 69 19 77 80 51 51 51 19 19 51 51 58 83 83 51 51 83 25 91 67 80 53 62 
13 19 19 43 82 34 95 8 46 99 34 68 68 92 43 94 33 69 95 22 68 68 94 99 68 68 34 52 52 13 19 19 19 19 25 83 13 83 51 58 40 83 13 2 84 84 19 19 19 19 38 14 32 51 68 43 92 47 
34 1 30 19 19 19 43 34 19 38 30 19 40 59 72 11 30 99 19 19 99 11 30 19 94 99 99 30 68 68 92 19 68 51 3 19 32 3 9 30 69 
58 13 13 51 19 19 19 19 19 13 83 25 69 13 52 80 13 62 93 93 83 93 44 38 13 93 25 58 83 19 19 19 19 
19 85 34 69 33 95 87 19 68 88 95 99 92 43 60 99 70 87 30 78 48 81 34 33 95 81 86 43 68 68 33 43 94 43 19 19 19 19 19 19 19 19 69 69 58 25 93 83 59 84 91 62 13 21 19 19 68 88 97 43 95 82 92 78 78 78 43 33 95 68 33 
43 43 33 68 68 95 30 68 33 43 68 69 33 11 30 19 69 19 19 19 19 58 62 93 91 59 91 93 93 93 59 13 19 69 99 32 67 51 33 58 69 33 69 63 63 50 93 58 83 13 83 25 80 32 19 11 70 92 78 43 11 92 87 78 69 51 94 33 58 83 3 79 59 51 58 25 59 91 93 3 93 53 44 1 43 68 68 68 43 43 19 99 26 48 
11 46 1 3 40 39 19 20 34 43 74 33 68 60 34 34 1 19 19 19 1 30 99 92 19 43 43 96 68 69 68 33 72 19 3 44 13 19 43 51 83 19 51 51 51 83 13 62 83 58 93 83 19 93 67 59 83 58 91 
2 27 25 19 13 32 19 43 48 1 1 30 19 46 86 43 86 30 30 20 78 92 43 19 43 68 68 95 43 34 43 68 43 87 87 11 33 25 83 48 34 33 83 94 19 33 87 43 13 13 38 91 93 83 13 80 69 19 58 69 13 83 13 32 93 59 93 19 93 91 93 32 58 93 77 25 
19 13 38 25 51 19 19 33 68 19 19 19 19 38 4 58 19 19 34 26 99 19 19 19 19 19 30 1 19 1 34 34 1 19 86 19 93 34 30 19 19 19 19 19 30 1 19 19 19 86 11 33 43 30 19 30 1 34 11 19 19 19 8 30 19 19 30 
1 19 86 86 19 19 1 34 43 19 19 99 68 33 86 58 19 92 68 86 70 43 19 99 30 43 95 22 68 19 69 92 19 83 33 30 19 19 19 19 19 33 69 19 19 19 58 68 69 19 19 92 83 40 17 19 34 43 94 88 11 68 34 68 33 58 87 81 34 11 30 43 43 30 1 33 19 99 68 
19 19 99 51 19 33 68 11 30 68 69 33 70 92 70 70 95 43 94 22 95 43 43 34 19 83 93 25 19 19 19 19 69 33 19 51 51 51 58 93 83 83 67 25 80 80 25 32 91 93 68 20 92 95 78 70 49 49 81 99 33 95 86 68 43 34 68 68 82 34 96 78 43 33 68 19 94 68 32 14 19 34 13 58 58 
83 93 93 62 83 80 27 59 19 23 53 19 19 19 19 19 19 19 19 19 19 19 19 38 39 38 38 32 19 1 19 1 30 38 3 1 30 19 19 19 30 11 19 83 8 34 1 30 19 30 11 48 11 30 19 19 19 19 19 19 19 19 19 19 19 19 19 19 86 11 33 43 30 19 30 
50 3 3 50 30 19 19 19 19 19 19 19 30 8 72 38 30 1 19 19 19 19 34 11 32 83 34 11 32 83 19 86 1 23 38 19 30 50 34 1 30 19 19 19 19 19 19 19 19 19 30 1 59 25 99 94 
83 25 19 19 25 83 13 23 34 19 32 40 21 32 58 83 25 19 19 19 19 38 23 83 3 40 39 19 19 19 46 11 78 46 1 83 81 95 58 51 48 68 19 43 94 19 43 30 19 19 
19 19 19 30 11 19 83 8 34 1 30 38 72 35 92 33 34 34 8 83 19 34 32 8 19 72 8 46 35 35 30 19 19 19 30 50 34 19 34 81 43 19 99 43 70 99 33 68 33 68 33 92 92 43 68 68 92 68 19 19 33 92 70 68 19 19 43 92 83 19 26 34 34 11 30 63 81 81 43 13 95 
68 43 33 68 33 58 19 43 13 51 19 19 13 19 43 13 4 19 34 43 43 43 78 81 81 74 26 92 70 78 95 70 81 22 99 19 19 99 78 82 61 92 43 43 92 61 30 34 95 95 68 43 43 19 19 99 43 68 99 43 19 43 99 68 68 22 33 68 68 69 99 
68 19 19 68 33 33 34 68 58 19 22 68 69 43 81 51 69 69 58 99 61 68 95 22 19 68 3 77 13 43 69 51 19 19 68 58 13 25 53 72 80 68 94 69 19 88 81 43 43 92 95 86 78 33 1 96 69 95 99 43 51 9 19 19 43 97 81 68 68 34 30 68 92 96 61 99 43 
34 95 58 36 51 19 19 51 21 67 25 3 40 13 32 11 34 19 19 1 30 38 3 1 30 19 19 19 19 19 19 19 19 19 19 30 1 19 1 34 34 1 19 11 20 48 11 19 3 1 30 19 19 19 19 19 30 26 19 58 50 30 19 19 19 19 30 50 
83 19 1 19 1 30 19 19 19 19 19 99 92 34 34 58 58 8 32 1 86 19 1 19 3 1 30 19 19 30 1 3 19 8 72 38 19 19 19 30 26 58 83 58 19 19 58 51 19 51 58 13 83 13 91 59 53 53 13 13 13 25 14 38 38 72 63 11 78 30 30 1 34 8 34 1 46 1 34 8 34 1 30 
19 19 19 19 19 30 1 19 1 48 11 19 3 1 30 19 19 19 19 19 99 87 34 83 8 34 1 30 19 19 19 19 30 8 32 83 19 19 19 19 34 11 23 21 3 32 38 19 30 1 32 13 19 19 19 19 19 19 13 93 94 19 59 19 59 21 38 38 21 21 38 19 19 19 19 25 39 83 32 27 21 14 13 69 
95 92 61 34 68 79 68 95 82 70 70 43 58 6 19 19 19 10 99 34 22 78 81 99 95 1 78 34 10 68 94 48 48 43 22 95 33 69 19 19 69 19 19 19 58 80 80 91 32 62 81 26 70 43 95 34 43 92 43 68 34 43 14 
