97 97 54 127 5 22 45 55 100 36 36 36 36 36 36 36 1 19 1 1 129 107 36 80 6 36 36 36 6 10 6 36 36 36 6 49 33 13 129 129 36 33 49 36 49 36 35 49 6 36 36 36 36 36 36 
36 36 36 77 72 49 61 107 107 6 77 77 26 117 70 123 40 116 107 76 11 77 107 6 49 33 21 31 10 6 6 76 123 36 107 60 60 36 36 36 22 28 35 28 91 40 100 127 100 54 28 101 85 91 91 60 60 60 28 100 33 74 33 74 102 70 26 11 25 97 33 118 6 99 99 33 
62 84 76 11 39 76 36 36 114 123 12 107 62 83 83 26 72 26 49 78 6 36 6 23 49 49 36 49 6 36 36 36 6 49 33 13 33 49 65 49 49 117 72 5 100 49 123 36 70 36 40 108 107 77 107 113 107 62 36 37 102 77 74 33 6 107 11 107 79 77 36 97 99 57 11 113 80 33 33 70 107 11 117 79 129 49 6 1 19 2 36 38 35 36 80 97 123 116 40 40 97 111 
56 93 91 56 120 100 112 35 22 129 96 56 5 91 123 123 5 40 100 35 36 60 123 129 49 6 36 36 36 36 36 36 36 23 35 125 117 49 2 49 49 38 23 33 49 6 36 36 36 36 
36 6 70 26 23 36 49 6 36 36 36 6 49 36 117 21 6 36 36 6 48 23 65 49 49 117 79 129 49 6 6 49 36 117 49 38 49 78 36 38 21 107 36 36 36 36 36 36 36 36 77 117 35 1 6 70 11 129 36 36 35 101 14 1 1 129 72 77 36 36 36 36 36 36 36 1 60 60 19 1 36 1 38 129 35 91 22 1 28 14 91 112 38 33 36 14 
36 117 36 33 37 77 77 107 72 120 100 72 36 107 77 36 36 6 23 49 49 36 49 6 36 6 23 33 33 33 38 13 36 35 36 36 6 13 38 49 21 6 36 36 6 49 36 49 49 21 77 22 35 70 107 77 79 80 33 36 36 36 49 33 33 49 33 72 77 36 36 36 36 
6 49 33 61 10 6 36 36 36 77 113 37 37 40 123 76 123 123 60 36 
36 36 36 22 85 127 28 5 120 54 60 60 129 55 129 112 66 127 45 55 112 40 123 129 100 37 100 35 35 35 101 125 36 6 23 33 33 23 65 21 21 6 6 70 26 23 35 36 49 36 49 6 36 36 36 36 6 23 36 35 49 49 77 107 33 113 123 33 77 107 118 107 33 23 35 49 26 107 1 60 107 6 36 36 36 6 13 2 36 21 49 38 36 36 36 36 36 36 36 36 36 36 36 36 36 22 45 93 100 23 19 81 127 85 123 22 38 2 91 91 129 40 130 129 129 6 107 36 36 36 36 36 1 32 14 54 11 74 37 
36 11 79 95 23 72 123 49 77 77 21 33 36 33 23 36 2 36 
13 6 36 36 77 73 110 50 74 72 77 77 70 80 84 33 79 37 36 77 79 11 35 66 32 22 36 107 76 123 40 36 60 28 60 125 112 85 45 127 14 101 125 60 38 111 56 93 112 60 33 35 42 107 123 36 72 70 6 36 59 70 72 118 107 72 11 5 118 57 70 65 10 6 6 61 33 49 6 59 124 79 118 36 72 79 62 49 26 72 107 36 65 26 102 23 80 123 129 49 6 36 36 36 36 36 6 13 2 1 36 
36 36 72 76 97 112 36 36 36 22 129 100 85 35 85 111 91 112 28 14 125 1 85 22 55 91 120 22 78 23 6 35 49 6 36 36 6 10 6 6 23 33 33 23 36 129 72 36 5 107 6 36 1 60 107 6 6 118 107 102 110 79 116 76 118 118 107 77 124 116 37 107 107 37 114 36 49 35 36 13 36 36 36 
36 36 36 36 36 36 22 89 56 22 28 127 130 14 28 112 93 55 22 22 22 33 117 36 84 76 116 116 116 76 100 22 36 1 20 129 36 33 80 123 36 70 72 109 73 65 49 36 49 33 36 33 49 36 36 38 29 38 21 70 36 70 102 70 23 
11 107 6 84 36 6 21 102 26 65 36 36 1 14 69 91 11 40 40 76 76 97 97 116 114 97 116 123 60 91 1 129 1 111 56 130 129 85 130 85 14 91 91 5 79 77 36 1 35 59 109 122 76 108 37 76 107 107 107 72 78 21 107 77 92 72 83 11 37 79 36 79 
77 36 77 70 11 33 49 33 74 26 50 74 109 72 74 122 80 113 83 33 80 70 62 116 36 80 62 107 36 36 36 6 49 33 61 10 6 36 36 36 107 116 97 97 76 113 97 54 60 91 22 35 38 1 91 35 129 127 63 91 112 91 127 100 54 35 33 117 118 
118 49 49 77 62 72 78 58 57 50 74 109 26 33 62 107 77 6 73 11 50 113 84 118 11 6 122 11 99 122 99 50 128 79 113 80 74 37 37 99 77 80 99 50 37 62 33 76 50 
37 112 1 1 63 91 97 97 97 36 116 54 97 97 123 54 5 81 28 127 22 120 54 56 85 35 35 85 127 93 40 49 40 113 84 36 36 36 36 36 36 6 118 79 
33 74 113 50 84 50 124 70 72 102 102 72 33 33 107 33 79 123 35 46 32 22 77 78 110 26 74 72 128 62 74 83 50 77 33 62 72 33 80 
50 77 36 36 36 107 37 123 123 36 36 36 54 120 120 91 120 56 85 55 81 1 127 85 91 60 112 36 36 77 113 84 58 113 37 62 62 124 33 102 117 78 26 49 11 60 24 36 23 117 70 76 50 72 62 78 72 
122 102 72 77 122 74 50 108 33 100 123 40 49 6 1 2 13 6 36 77 36 100 36 108 97 116 36 40 114 36 36 97 22 100 97 103 45 130 55 5 123 56 85 5 45 66 36 60 127 33 36 6 42 33 37 117 65 23 49 
77 78 118 77 47 72 99 11 107 37 37 62 50 50 107 84 50 26 72 122 108 50 37 113 79 99 122 49 49 125 15 100 36 97 97 97 97 97 36 54 123 120 91 35 56 93 55 90 91 22 127 54 40 125 91 22 36 36 
36 36 36 107 72 107 3 129 84 76 122 79 74 107 107 78 124 33 11 77 77 50 78 77 36 107 79 36 6 70 77 117 78 76 108 72 110 70 79 102 84 84 102 72 108 37 77 62 36 123 29 36 84 116 97 123 36 36 36 40 100 100 91 129 60 5 56 127 38 125 22 60 129 120 91 
36 107 26 26 99 76 113 122 50 72 72 78 118 72 78 70 37 36 33 46 19 1 6 70 77 33 49 23 70 72 49 84 113 84 50 79 50 79 122 76 76 107 107 36 84 87 121 
26 72 76 114 76 36 97 97 114 40 54 123 5 127 85 112 35 28 1 56 127 54 85 129 97 77 106 124 72 118 107 23 6 110 75 70 62 80 37 102 77 77 11 11 26 99 62 83 50 102 99 116 76 72 107 33 33 23 46 63 36 37 114 36 54 97 123 91 60 129 123 100 127 130 35 28 85 91 60 60 56 123 60 5 36 36 36 36 36 36 36 36 36 1 19 66 125 107 84 116 114 37 62 102 72 74 26 57 72 78 83 74 72 77 36 11 77 36 36 107 72 110 102 50 33 72 83 117 107 113 72 74 50 74 84 107 37 
33 36 36 36 36 107 116 114 130 54 130 120 120 130 130 85 56 14 28 81 60 5 130 37 77 74 37 107 107 50 113 50 72 70 110 78 58 124 70 129 36 35 24 22 77 70 33 70 72 33 102 78 79 99 37 50 102 83 99 113 122 74 80 116 84 72 33 121 44 107 113 76 36 116 36 36 123 114 36 123 123 120 5 56 93 76 45 111 22 91 22 45 127 60 22 1 77 107 118 107 36 6 23 117 92 92 117 33 74 72 102 62 99 50 74 107 11 99 83 102 
77 77 84 122 62 84 33 83 37 36 33 38 38 3 112 113 40 54 114 114 130 127 100 54 129 54 
54 130 129 103 38 1 91 130 93 40 54 113 116 76 127 81 113 113 37 26 79 50 72 106 84 60 25 112 33 79 107 78 83 
84 102 74 108 36 38 114 100 54 129 130 5 100 40 38 66 123 116 102 26 62 50 11 113 80 50 72 83 74 124 102 36 77 21 49 23 6 36 36 6 23 117 6 107 36 102 70 78 102 122 99 33 108 37 74 50 76 80 108 113 77 73 59 109 92 72 102 116 114 114 97 100 114 114 54 40 130 35 129 60 22 91 127 96 22 123 40 100 130 70 82 99 102 58 6 44 83 72 79 122 50 99 37 80 83 77 37 11 107 116 100 15 129 100 123 97 60 130 123 54 22 89 56 
40 54 36 36 36 36 36 66 46 127 114 122 37 36 62 102 84 26 57 57 72 72 117 33 107 79 79 118 31 31 77 77 70 33 124 62 116 37 62 109 50 108 62 99 113 107 128 33 11 40 40 33 36 6 36 114 97 114 116 60 120 120 120 123 85 129 60 38 22 85 1 22 129 60 90 40 83 99 80 26 77 62 124 92 72 30 109 
83 50 128 26 79 83 33 11 99 37 36 113 107 115 5 114 40 114 114 123 120 120 125 1 81 85 100 5 77 92 78 11 80 26 92 57 92 106 57 33 74 84 74 122 107 72 102 37 122 102 102 26 37 37 79 113 84 72 33 102 57 65 36 36 36 36 36 36 97 123 5 22 130 100 54 127 91 112 14 55 130 127 56 123 36 123 108 107 36 
36 36 36 1 43 22 40 77 113 80 62 84 84 102 72 83 107 77 26 83 118 50 84 118 36 107 77 36 36 36 36 77 78 72 102 107 77 72 72 110 118 50 84 50 102 79 79 72 36 37 72 6 36 36 77 116 114 36 11 5 100 100 120 60 85 22 81 81 45 45 91 45 97 40 91 5 99 80 50 107 62 
49 110 78 102 124 110 77 36 36 36 84 83 26 26 70 58 128 99 84 99 102 33 107 76 116 84 107 36 36 84 37 36 36 36 114 97 40 130 129 56 100 129 14 125 127 93 91 129 93 73 77 6 6 70 109 77 107 6 117 23 65 117 33 70 26 76 74 11 113 102 26 102 
62 113 37 102 77 83 107 113 84 62 113 76 113 79 47 102 77 118 36 36 6 10 61 23 74 50 122 123 123 36 36 40 1 120 60 60 120 85 130 45 69 127 93 120 130 85 56 36 36 36 36 107 122 97 1 36 23 33 37 23 77 77 10 33 36 36 49 6 6 23 33 36 129 
129 13 129 3 49 33 37 23 77 36 36 59 124 79 106 23 33 83 70 125 125 29 63 36 11 97 97 97 116 76 97 114 76 36 66 89 127 112 1 28 91 22 35 36 28 66 36 36 36 107 57 79 11 99 84 108 84 124 79 50 110 78 74 77 36 71 91 80 82 79 99 78 
6 77 50 102 62 99 74 11 108 76 116 84 107 36 116 77 36 36 60 60 40 36 36 36 36 40 97 97 54 100 60 129 130 112 71 1 81 127 35 
129 123 91 22 107 113 122 72 73 21 65 42 78 77 77 36 77 23 37 110 70 74 118 109 83 99 50 80 99 84 62 128 102 49 122 77 74 76 78 49 36 36 129 3 129 70 107 36 76 116 116 62 100 22 
60 1 55 5 91 1 63 66 127 22 35 38 36 5 36 117 35 66 28 63 38 36 35 129 36 36 36 36 36 36 36 33 49 35 33 118 77 36 77 6 21 33 80 36 6 74 113 72 77 33 36 33 33 2 49 117 36 36 49 6 6 23 49 77 107 33 79 
84 107 108 76 72 37 11 33 33 77 99 78 84 36 84 118 11 33 49 33 40 35 36 2 19 1 6 97 97 36 76 76 97 36 114 112 1 38 38 60 5 14 112 111 85 127 14 22 125 36 114 74 79 106 78 83 109 77 6 23 33 36 36 33 23 36 35 49 6 36 36 6 23 33 33 77 78 77 36 77 72 
121 72 78 6 37 74 50 50 74 37 11 107 77 36 36 36 36 36 6 42 94 118 76 26 62 36 36 116 97 114 114 100 35 127 54 125 36 63 127 37 35 28 1 1 15 100 40 123 60 23 65 10 61 49 118 92 117 49 36 49 6 6 23 49 21 77 77 109 83 37 84 99 76 40 77 107 
36 113 77 23 37 122 74 11 77 107 107 116 76 107 50 102 102 102 77 107 84 77 99 116 26 62 116 60 36 33 46 32 22 84 76 40 36 114 40 54 120 91 91 1 93 60 2 28 91 22 5 1 107 5 22 36 1 35 129 46 66 35 35 125 112 79 77 33 36 36 84 26 65 6 61 49 72 77 
36 77 78 36 5 80 129 36 23 7 13 33 49 6 6 61 49 80 107 107 50 72 80 11 11 11 49 23 11 122 72 6 49 33 99 77 118 36 1 19 19 123 40 40 107 112 36 122 120 54 36 60 28 
129 93 38 89 129 40 63 28 91 111 127 37 37 99 113 113 33 33 26 110 78 77 36 6 49 49 33 36 36 36 36 38 49 23 107 62 107 107 74 50 110 23 33 72 77 118 102 107 84 102 74 36 37 80 113 62 84 60 19 36 2 19 123 116 54 97 36 36 97 
97 97 123 100 100 56 55 56 93 56 5 89 85 45 35 123 112 127 1 36 36 36 36 65 23 109 73 49 78 72 83 72 102 84 110 62 62 84 84 26 26 33 36 33 84 99 72 76 76 102 122 116 62 70 113 
76 57 62 75 113 37 118 114 76 33 40 112 71 28 127 113 36 129 97 36 36 114 60 36 123 28 129 125 125 22 85 130 45 66 85 1 120 36 36 102 33 40 43 38 60 76 99 80 84 121 78 124 72 84 77 77 
57 110 107 125 3 1 6 21 73 107 37 99 6 6 74 83 62 76 107 33 129 2 32 127 36 116 36 36 40 127 63 91 93 1 45 38 38 112 102 37 114 108 84 116 11 11 114 11 72 109 84 76 117 118 77 36 106 
72 84 36 11 37 33 36 6 49 33 61 123 36 118 107 36 118 77 99 23 70 84 72 50 84 62 102 113 113 78 36 80 76 113 36 38 3 38 54 97 11 114 40 123 114 40 91 60 35 91 60 28 127 129 29 81 
93 127 130 77 31 107 70 13 21 59 26 83 70 50 72 62 37 122 62 116 80 70 72 107 62 77 107 79 50 33 70 84 62 83 77 36 22 16 60 60 97 116 76 97 97 60 56 112 46 1 130 85 85 32 28 22 36 
6 49 125 25 45 60 54 84 50 74 70 77 107 121 124 50 102 78 33 84 129 35 117 117 36 36 6 23 33 49 109 84 84 79 47 83 84 102 78 79 37 84 72 107 29 84 37 40 36 113 100 129 
130 63 85 56 28 91 28 55 55 91 100 57 37 37 11 113 72 72 83 124 77 70 33 33 19 14 129 117 109 84 84 128 21 102 37 83 74 50 62 40 116 33 107 79 77 36 36 36 113 
76 36 40 114 36 97 130 105 112 129 55 91 88 35 93 34 42 33 107 92 77 70 117 107 21 42 49 21 77 107 110 70 83 76 76 74 50 102 102 50 33 83 50 37 84 79 74 74 33 37 
76 79 37 116 72 110 102 33 33 36 36 36 36 36 36 36 36 36 36 36 54 123 60 2 81 55 123 60 14 38 127 28 5 37 116 11 60 22 22 32 66 60 123 40 37 70 77 107 95 109 113 102 83 33 33 49 49 
36 36 35 3 35 36 49 33 49 92 50 11 70 117 26 78 80 50 124 113 107 26 112 52 36 50 97 97 116 114 120 97 120 90 127 93 112 103 81 111 89 22 60 60 23 83 99 108 108 37 76 74 102 102 72 58 62 11 
6 70 79 70 123 35 19 28 36 49 129 11 78 77 113 26 106 79 80 26 83 76 37 33 84 113 62 84 122 77 36 36 22 
32 15 60 84 37 114 97 40 36 97 35 5 55 111 22 127 28 71 45 112 112 35 1 38 20 23 6 36 6 21 21 65 42 26 109 23 72 62 
84 107 102 84 50 77 102 99 113 33 84 122 79 107 50 77 33 11 49 36 24 22 36 36 36 97 60 127 54 130 56 111 91 28 41 127 22 36 36 36 36 36 36 36 36 36 36 36 49 36 36 49 33 40 100 36 23 6 6 21 42 77 36 36 118 78 36 35 13 129 35 3 1 36 6 61 49 70 107 77 23 
107 117 72 36 72 78 33 37 33 49 49 36 125 15 112 36 113 76 97 36 100 54 22 32 101 22 80 118 65 21 42 77 118 6 72 78 6 110 72 99 74 62 84 107 23 6 72 107 77 21 36 35 36 38 28 40 107 118 107 107 6 117 26 78 78 92 99 76 76 37 11 123 123 35 2 3 85 54 114 97 97 97 97 60 120 60 45 66 127 22 69 1 91 81 84 124 47 107 102 94 42 78 33 
77 72 33 62 26 72 11 102 79 99 33 72 62 125 64 123 36 50 114 63 1 36 78 109 124 109 70 47 47 36 36 36 36 1 19 66 125 11 79 36 70 82 26 78 77 107 6 49 36 33 23 6 36 6 70 
78 102 77 118 77 109 124 72 76 102 83 49 50 50 129 36 49 36 36 36 84 37 114 114 37 54 5 63 45 130 112 91 100 36 22 81 81 38 28 91 1 130 72 79 121 65 117 77 50 37 37 118 23 110 128 33 72 11 2 127 72 118 83 118 77 26 49 84 122 62 122 97 36 6 77 11 100 22 36 107 36 36 36 36 76 54 90 2 2 
72 106 92 102 58 118 92 117 122 6 10 59 6 49 72 107 95 95 72 110 110 99 11 99 107 102 33 124 57 50 107 123 22 1 25 114 114 100 97 114 97 100 38 38 46 35 54 54 35 89 36 36 36 91 14 91 36 60 22 36 79 118 31 6 36 107 
6 33 22 127 66 35 36 33 6 37 113 44 26 109 6 33 83 37 35 14 63 28 60 97 97 114 114 40 22 81 35 38 85 130 111 1 89 65 78 11 122 11 107 74 70 118 121 57 107 36 6 49 35 1 1 129 72 77 36 36 107 23 57 109 92 11 108 102 77 36 100 107 79 36 36 35 120 97 76 40 
97 114 123 123 93 125 56 71 85 112 112 89 127 60 65 121 72 77 6 10 6 36 72 118 124 106 21 117 109 84 84 50 79 83 50 83 122 84 23 117 26 57 11 97 36 62 5 15 100 130 40 40 120 114 120 129 91 2 22 22 91 60 45 2 107 50 97 36 120 25 101 60 36 37 36 37 6 92 23 72 78 
6 74 37 35 89 36 117 107 62 107 107 78 124 124 26 50 37 36 40 45 90 1 56 114 114 123 100 40 54 38 38 1 35 45 35 66 38 60 36 77 118 128 76 76 62 83 72 74 57 49 78 23 49 49 33 46 66 2 23 49 107 33 83 79 42 118 84 83 83 37 116 108 33 
40 91 41 35 54 36 36 36 114 40 120 40 129 1 28 127 45 56 55 91 56 1 78 59 121 78 75 83 78 106 118 23 95 72 83 77 113 80 99 84 110 70 77 102 79 123 1 1 89 85 123 40 114 114 60 5 38 115 97 97 
60 22 43 36 36 36 36 36 1 19 101 22 114 36 36 40 84 23 61 77 83 72 108 77 117 46 66 46 33 33 33 117 72 74 83 58 6 79 74 72 36 36 107 2 2 1 116 
97 97 114 40 97 130 38 35 28 91 60 127 1 35 38 36 72 124 11 84 70 83 72 23 72 77 6 129 1 36 1 125 33 72 116 37 109 83 83 58 26 83 77 37 36 37 62 36 38 36 36 36 36 36 36 36 36 36 36 40 40 40 91 55 14 91 93 127 91 38 66 46 72 118 13 109 72 110 26 
124 78 118 72 107 102 80 50 49 83 33 37 108 124 118 107 36 108 37 120 90 100 130 60 60 123 40 91 28 1 93 127 111 91 28 45 36 36 36 36 66 71 127 22 36 107 78 118 21 49 21 77 118 77 76 129 23 46 28 129 33 21 36 100 79 42 49 77 121 
102 11 113 76 36 15 1 60 76 40 97 114 97 120 54 127 66 90 100 123 91 38 38 22 102 84 33 74 83 72 36 72 92 118 80 77 92 36 127 1 1 125 33 72 107 36 107 95 82 79 80 37 76 108 113 5 38 38 2 130 97 116 36 97 114 97 54 93 103 125 90 5 60 
45 127 22 60 11 33 118 118 121 57 77 77 26 78 58 70 102 110 107 99 102 50 107 84 79 128 122 99 123 129 130 56 60 36 40 22 127 81 35 93 127 100 127 88 125 76 129 28 63 1 22 76 37 37 77 72 23 6 77 118 79 36 60 66 129 60 33 33 84 
6 118 102 102 37 37 40 22 45 90 40 123 114 97 22 5 91 91 54 112 81 14 111 36 128 77 84 84 33 77 110 58 77 110 78 26 36 35 36 38 38 33 36 76 62 65 73 95 57 77 76 76 122 113 123 91 2 56 100 114 97 97 40 123 130 90 103 93 35 45 71 85 112 65 21 42 118 57 
72 72 92 92 62 77 79 107 33 122 122 47 78 102 83 50 40 112 1 45 123 76 97 40 60 120 5 29 127 5 85 105 36 36 36 1 32 22 36 36 36 107 23 92 72 107 62 80 36 127 63 33 70 76 50 107 107 124 95 78 110 122 76 84 35 66 1 89 112 114 97 54 40 100 93 100 91 69 91 85 85 103 111 70 72 99 84 11 99 50 57 
70 78 106 77 33 125 66 123 62 107 113 79 42 83 62 74 122 122 107 116 116 70 28 69 1 36 97 97 36 97 40 40 60 22 56 90 56 93 111 45 91 1 65 13 6 57 26 78 78 124 49 124 79 62 102 50 76 113 92 58 78 72 77 74 33 36 38 96 
