139 76 114 143 114 58 135 75 107 69 145 22 162 66 2 172 162 162 162 11 165 102 19 24 137 2 146 181 68 162 162 37 112 163 139 116 102 180 106 109 21 136 136 145 137 136 174 65 102 55 84 41 60 44 100 93 93 154 148 41 139 
142 181 22 116 139 122 169 147 142 37 142 106 109 54 54 164 60 165 112 132 113 74 73 162 74 37 131 127 131 137 114 185 84 74 47 66 139 185 107 136 136 136 183 102 145 93 9 27 190 118 102 102 160 95 130 162 107 116 162 90 40 113 68 101 165 127 159 139 97 165 185 69 40 37 167 143 143 162 74 74 48 102 116 119 85 184 51 102 136 137 84 96 174 102 
100 84 93 57 177 41 54 109 161 153 66 107 107 107 107 107 107 107 107 107 107 54 13 31 79 74 149 107 107 74 127 116 66 107 107 86 147 167 112 162 116 66 106 107 139 112 86 107 107 107 107 107 107 107 162 170 136 145 161 40 170 66 50 50 162 22 181 147 167 116 137 142 59 127 180 137 180 74 106 149 79 5 54 107 137 137 139 114 136 102 137 84 93 84 43 130 51 44 75 118 135 82 57 100 107 86 81 114 
48 122 163 114 139 167 162 2 59 132 108 106 170 162 50 107 107 107 109 50 112 144 144 172 37 167 162 81 74 48 116 116 74 165 1 74 81 137 137 137 147 60 137 40 66 107 54 79 149 66 107 107 107 137 137 137 137 137 137 137 84 85 27 125 83 190 190 158 33 189 148 100 99 170 2 162 107 162 181 40 2 162 66 32 149 48 185 116 
167 73 74 73 73 165 97 127 25 25 163 62 74 97 1 102 145 60 44 109 109 82 107 159 136 136 1 174 96 55 19 82 82 190 88 190 135 19 130 55 54 102 96 136 76 37 50 50 50 50 66 149 50 150 139 139 181 116 50 181 162 50 116 37 116 101 112 167 162 116 50 116 37 116 69 106 101 116 60 149 66 50 50 50 
66 149 50 149 106 101 22 50 22 162 162 172 181 165 181 22 22 162 139 165 162 139 159 
48 116 163 97 127 185 162 50 50 54 145 74 50 136 50 50 114 1 50 137 137 66 116 137 137 137 162 167 90 68 181 147 59 144 103 62 68 103 151 142 15 37 170 86 149 60 127 180 167 165 102 69 144 172 162 50 66 40 74 50 74 40 66 50 66 170 149 49 109 31 184 50 149 74 112 116 50 50 162 37 81 50 74 37 162 37 90 68 50 50 108 1 102 48 127 143 139 107 107 185 66 167 2 87 116 107 107 1 143 156 114 114 174 114 159 65 107 102 96 50 50 50 50 50 149 74 74 40 86 66 68 144 59 139 139 22 170 64 15 169 112 165 101 15 170 86 149 79 50 170 170 
66 50 66 123 50 123 66 50 50 50 116 11 170 50 50 
74 181 37 22 167 101 165 116 69 74 48 136 62 50 96 62 116 69 112 106 74 69 69 180 180 112 162 37 165 139 79 40 69 60 50 50 50 19 96 137 137 137 137 137 137 137 137 137 137 137 66 181 180 180 101 165 146 132 74 2 142 163 1 139 66 146 90 162 132 73 101 68 12 66 107 107 107 107 107 107 107 54 43 43 54 107 107 107 116 62 107 73 112 81 142 162 66 40 
81 181 145 74 107 19 179 164 149 60 145 66 74 73 68 181 167 108 112 97 15 162 162 68 137 137 116 181 60 79 5 43 100 162 116 93 137 159 114 114 96 84 137 137 137 102 75 164 119 125 44 164 79 100 125 82 158 43 82 79 49 137 127 69 180 73 66 40 40 68 180 136 60 74 110 31 119 69 48 62 108 78 112 112 90 122 181 143 127 1 114 
50 50 128 114 114 50 136 136 136 136 183 41 55 190 79 154 60 82 100 79 121 146 73 97 165 103 175 90 165 132 132 74 162 22 143 139 159 185 144 90 152 74 163 73 127 183 58 89 96 107 65 107 137 1 102 55 54 182 9 41 41 100 33 54 145 62 
162 107 50 50 54 43 33 164 50 50 50 50 149 66 66 8 149 181 162 50 50 66 40 50 79 150 149 110 13 50 12 116 116 66 66 25 50 150 150 50 25 50 79 25 66 66 25 79 50 170 150 50 25 66 50 50 50 50 116 1 159 114 174 102 137 137 137 84 33 19 100 100 110 147 119 130 51 54 
44 49 155 2 34 66 137 66 150 180 69 106 74 167 73 114 136 107 48 139 139 165 48 127 144 172 86 66 170 2 162 50 50 50 50 54 13 54 54 119 69 172 162 137 116 73 116 170 74 116 142 116 116 144 62 185 159 76 69 73 73 139 139 172 150 81 172 86 34 170 74 60 119 
76 1 102 174 137 137 137 137 145 41 102 137 84 43 109 33 51 187 176 190 190 100 85 44 164 79 60 101 112 66 66 2 74 102 74 142 162 66 170 150 149 99 106 106 66 116 107 116 62 1 142 165 50 106 
112 50 116 162 116 162 167 112 112 167 162 116 15 22 73 137 60 147 109 109 137 109 137 127 96 136 137 136 102 65 137 137 153 153 161 119 155 153 
60 158 124 9 155 100 137 114 124 84 163 73 162 15 131 163 67 167 165 59 122 62 69 80 174 136 145 49 125 118 74 60 65 1 74 74 101 112 86 2 
112 172 162 116 66 50 161 40 137 79 137 42 60 123 25 127 145 25 162 162 150 74 12 162 137 66 32 167 156 116 112 185 137 137 137 137 137 137 137 137 137 137 116 139 180 136 136 114 156 41 137 137 54 13 44 43 119 25 137 164 44 43 43 
84 116 66 50 66 170 25 49 8 2 2 162 162 170 106 2 116 139 87 108 172 162 185 74 101 74 162 112 37 11 68 74 181 50 1 66 50 116 127 50 137 136 65 174 96 177 153 51 179 13 44 43 107 107 107 107 
107 107 107 107 54 5 79 149 74 107 74 149 79 107 150 127 116 107 79 149 66 54 60 181 37 150 79 107 40 106 40 66 107 107 107 107 107 86 112 139 74 69 180 150 185 96 60 181 162 107 107 107 107 107 107 107 107 162 69 65 107 65 107 116 161 100 162 150 79 107 170 170 66 107 66 40 74 107 74 74 147 181 107 116 116 107 
107 107 116 74 74 127 167 81 149 149 66 107 107 107 107 107 107 139 167 107 102 54 107 139 73 93 102 137 137 84 148 177 184 161 161 100 137 137 96 183 114 174 145 137 55 43 82 137 54 57 184 174 174 65 174 102 65 102 102 116 125 165 112 22 178 159 97 144 74 62 48 185 9 61 65 136 137 156 178 9 51 46 
144 22 48 122 22 116 139 76 166 156 65 102 79 184 9 75 177 185 22 50 185 106 101 159 121 96 41 189 138 190 176 74 74 69 107 69 48 116 84 107 112 162 107 107 162 2 150 150 162 107 107 162 
150 107 107 74 147 49 74 107 19 19 107 74 49 106 22 60 149 66 50 50 66 25 74 123 50 69 112 66 50 107 107 107 116 181 69 127 106 107 147 60 107 149 107 149 66 107 107 107 107 107 107 66 123 110 100 107 107 107 107 107 107 107 107 107 107 107 107 107 107 107 107 65 65 114 116 107 107 107 137 137 137 137 137 100 96 102 164 119 54 137 114 174 174 137 102 84 137 27 188 188 184 55 190 60 177 82 96 161 145 136 60 41 96 153 139 102 190 51 107 107 107 86 81 116 150 66 66 123 49 149 150 107 107 74 112 116 107 107 107 116 181 116 74 165 74 150 127 
116 50 84 116 86 74 55 50 40 116 74 50 147 60 50 150 127 22 162 107 107 107 107 107 162 181 74 107 107 150 150 79 107 40 66 107 107 107 107 107 107 107 107 107 107 107 107 107 107 107 107 100 19 60 107 164 102 102 102 50 102 102 185 50 43 79 164 44 43 19 100 50 50 50 50 107 107 102 102 69 107 43 147 54 27 100 84 62 107 19 43 54 107 107 107 50 50 66 40 106 74 49 123 66 50 66 123 50 123 66 54 79 25 50 24 164 156 102 74 142 162 50 137 137 86 147 142 162 137 137 116 112 74 25 74 137 74 40 137 79 137 137 66 127 156 145 137 73 
137 65 102 100 137 137 100 43 60 60 164 137 116 161 100 137 137 137 100 148 188 51 54 44 27 102 49 189 89 153 137 
79 54 55 55 69 151 1 187 84 162 169 143 1 107 72 107 136 183 43 55 118 51 90 73 165 163 122 
112 97 114 18 65 65 93 79 176 188 75 100 107 107 107 107 107 107 54 13 44 119 74 162 162 50 162 40 74 165 74 150 66 50 66 40 106 150 127 116 50 109 50 50 50 50 149 106 149 79 106 108 68 146 2 69 143 15 181 116 156 48 106 74 149 60 69 22 107 107 107 116 74 107 65 96 76 76 75 84 137 82 118 100 137 180 102 189 177 88 19 75 153 125 43 88 177 119 118 102 75 55 27 84 22 142 22 
137 172 165 107 107 165 162 69 107 73 116 116 97 112 108 50 180 172 162 50 50 66 40 106 40 66 50 50 50 54 24 43 79 74 40 161 60 170 162 137 137 66 2 112 116 137 112 116 137 162 22 74 106 137 137 106 48 102 60 40 185 62 116 137 107 107 107 107 107 107 107 107 107 150 37 114 65 137 76 1 174 1 185 137 102 100 137 137 54 33 54 137 114 174 102 84 189 9 155 82 82 188 153 95 176 75 189 84 112 64 74 74 40 86 40 74 74 40 66 107 107 66 40 74 107 74 150 127 
116 66 107 107 162 181 74 48 163 106 101 22 116 1 65 127 37 167 74 69 101 144 172 137 55 74 86 116 161 100 84 184 100 137 27 19 96 84 84 137 137 137 137 54 55 102 184 43 145 161 100 137 137 137 44 43 184 100 44 43 184 135 17 60 54 74 165 131 116 107 55 21 100 102 102 69 15 181 101 101 144 116 74 99 
81 50 60 74 149 119 33 19 79 180 112 132 15 132 140 90 112 48 122 140 137 180 150 49 49 5 82 137 180 145 137 114 174 190 102 84 160 102 183 177 130 176 118 130 135 125 100 162 87 116 1 143 163 73 165 97 74 112 180 60 74 40 86 40 106 150 127 116 66 54 13 110 74 74 50 74 149 150 111 108 170 116 73 116 107 185 116 162 76 139 106 
144 139 131 162 107 107 107 107 162 2 23 37 76 114 41 107 62 65 145 96 137 137 137 54 27 176 188 100 84 96 55 119 9 9 190 82 154 79 130 66 12 50 180 162 116 116 162 167 181 170 181 111 147 66 127 139 90 116 131 97 143 76 73 167 116 50 116 112 97 74 90 62 69 163 167 90 116 127 
165 74 137 74 13 19 100 116 127 102 137 76 65 100 137 100 54 84 177 60 65 137 145 75 135 9 75 135 79 82 125 100 154 107 107 107 162 142 106 109 13 44 55 107 112 37 22 22 144 116 50 101 66 64 106 40 66 54 84 116 50 5 60 123 50 156 102 50 40 66 66 40 106 64 139 185 59 
162 139 180 74 101 127 13 24 100 107 137 116 181 161 100 137 137 54 51 188 125 159 156 84 96 44 164 43 189 27 57 188 158 60 66 11 165 69 114 167 74 122 90 146 74 172 15 181 101 74 150 49 50 50 99 68 127 181 181 116 37 2 59 132 68 116 114 107 48 167 97 127 65 145 107 13 
161 27 174 65 107 107 107 137 102 41 102 176 60 153 190 153 176 83 27 100 178 154 60 107 116 66 103 22 162 107 162 170 74 74 170 170 112 165 74 
163 1 139 97 116 74 97 101 69 76 62 74 127 62 68 139 11 81 156 102 137 109 4 102 136 1 1 93 174 137 100 158 100 41 153 102 41 115 176 9 98 130 100 88 100 161 116 66 54 13 31 93 76 112 116 50 50 162 2 170 86 112 112 150 49 147 60 5 79 60 22 81 74 69 
112 86 40 106 112 181 116 116 48 163 181 137 156 137 147 110 19 19 100 137 137 116 127 156 100 84 27 79 137 79 49 93 145 41 153 51 84 4 82 88 176 119 95 112 107 84 101 112 180 48 181 68 149 165 112 68 116 162 142 81 25 119 43 54 100 161 137 137 22 142 2 2 162 15 122 131 112 76 116 112 1 
1 139 107 107 116 73 116 150 47 37 180 114 114 137 65 137 1 156 153 137 100 9 60 75 41 27 39 161 161 189 184 89 160 100 112 144 108 73 65 112 172 107 22 101 106 40 86 112 101 147 22 114 114 107 74 139 69 112 167 167 73 76 76 165 165 162 74 74 48 48 59 122 127 116 
101 60 137 79 44 18 96 137 137 96 96 102 190 137 27 102 93 153 41 153 60 160 9 189 51 88 33 100 100 107 122 74 156 126 9 27 102 122 167 112 106 103 105 144 1 156 149 50 13 13 66 144 167 97 150 78 15 116 116 131 127 185 180 79 168 174 174 65 1 180 145 188 176 176 84 41 145 75 155 184 184 119 118 50 50 15 103 162 48 48 112 169 74 74 149 37 66 40 74 74 25 50 79 5 
60 74 150 127 22 37 66 64 86 73 97 112 76 73 159 136 180 162 116 107 107 107 107 107 107 107 159 76 137 136 69 137 69 119 54 100 79 100 125 100 84 14 100 93 89 85 135 109 170 40 127 22 162 162 170 74 74 40 86 40 106 74 167 139 22 37 127 74 74 159 180 165 143 69 73 74 167 97 97 136 132 165 131 112 180 60 74 25 137 164 
183 1 114 96 84 137 96 93 188 102 102 125 130 177 79 9 9 51 95 190 43 100 177 159 114 95 119 96 159 22 120 97 76 62 54 82 177 122 131 152 103 74 73 159 114 115 184 136 65 136 136 161 100 145 84 189 130 
49 188 55 189 132 62 163 74 73 162 112 162 73 73 73 102 148 19 65 50 74 169 108 59 143 76 165 163 159 127 114 114 159 162 22 114 107 114 114 136 183 65 41 82 145 102 177 95 119 118 95 178 190 46 74 127 167 101 68 81 37 22 22 62 69 
48 167 73 167 185 62 59 143 74 116 69 97 93 17 43 93 1 114 41 102 174 145 51 189 145 41 153 125 164 189 9 189 122 76 102 77 55 107 185 74 181 151 73 74 48 153 117 41 162 101 165 132 68 163 74 69 102 26 145 137 137 174 84 41 130 27 41 190 
88 17 17 125 107 111 59 122 143 116 140 165 112 46 144 116 119 179 100 50 144 66 140 97 122 122 101 167 1 159 136 107 71 114 114 1 114 114 136 84 27 177 84 60 89 188 83 190 50 1 111 46 113 15 149 112 122 127 122 181 74 62 69 143 163 137 43 57 41 137 137 174 41 188 161 145 161 125 155 135 84 107 139 
142 180 107 79 31 33 100 107 102 102 167 59 181 144 175 132 112 64 74 127 50 22 50 4 164 172 181 136 116 144 78 106 101 68 15 167 143 48 65 41 36 100 107 185 1 114 156 174 55 51 177 190 102 145 176 17 190 155 60 164 55 97 73 143 97 103 74 162 
144 185 27 92 74 131 185 101 152 106 163 1 180 159 114 145 38 145 107 114 136 136 183 93 145 153 75 55 49 55 100 160 107 170 15 48 140 171 162 112 112 68 22 143 131 69 139 73 15 22 143 163 51 
182 84 136 136 137 84 51 102 93 51 130 125 182 130 116 107 107 107 107 107 54 13 54 84 174 76 122 68 74 162 150 169 116 74 40 119 39 177 167 74 163 112 103 103 73 131 165 101 76 114 27 14 89 107 114 136 
96 137 137 135 125 153 41 65 145 31 51 125 189 154 150 111 112 167 165 165 69 167 59 165 101 132 147 101 79 74 149 13 43 60 139 122 25 59 103 66 140 48 127 143 1 114 114 143 93 94 65 107 107 107 114 114 136 183 93 
161 93 118 183 156 9 178 161 190 176 9 189 86 46 59 15 162 162 112 162 132 101 59 90 132 97 127 127 76 139 62 185 127 22 73 22 127 143 144 122 159 137 102 57 82 137 137 137 137 137 96 145 84 118 102 153 84 
84 190 9 190 125 115 153 153 50 54 50 86 51 84 37 60 119 128 50 54 110 149 150 50 149 102 184 123 73 127 139 50 50 50 116 59 81 74 2 116 50 116 105 162 65 127 185 84 
36 125 50 172 116 50 112 147 116 185 101 147 165 74 185 114 62 139 185 74 108 73 84 116 62 156 116 50 50 50 137 114 1 114 143 89 9 93 95 79 119 89 100 189 153 190 81 103 146 181 127 
159 165 69 101 74 22 111 132 165 127 101 150 110 44 19 156 112 74 62 111 157 103 163 143 15 127 76 122 1 1 180 107 21 82 156 156 65 107 107 96 174 145 60 161 96 96 60 100 51 95 9 19 176 
84 107 107 116 144 74 165 32 86 162 165 139 139 181 116 22 127 180 167 101 69 69 22 68 48 143 74 57 57 84 137 137 137 137 100 161 41 153 174 102 44 161 153 31 158 135 50 50 50 50 54 24 164 156 69 167 181 23 
74 149 66 50 50 50 116 74 50 54 66 50 44 119 109 40 66 162 50 50 162 147 66 50 22 162 162 66 139 163 181 50 69 156 79 50 49 79 42 66 180 
145 84 41 96 137 137 137 137 137 84 27 100 180 93 57 82 93 176 177 184 161 55 4 54 84 184 100 102 60 50 107 107 107 
107 128 74 1 76 73 37 50 139 78 165 162 15 116 64 68 90 37 66 172 106 112 74 185 165 112 81 116 139 131 185 122 22 116 107 107 107 107 107 107 107 107 159 1 145 100 177 153 119 135 190 130 84 43 50 50 139 169 53 116 165 144 15 172 172 103 122 185 97 163 76 
167 62 185 131 131 165 152 69 185 116 131 159 143 147 66 137 180 114 137 137 136 145 176 177 51 17 190 55 184 55 155 84 107 159 162 158 95 156 185 102 1 127 1 99 99 8 184 41 60 84 161 100 82 49 50 147 59 15 172 167 147 181 142 132 159 156 22 127 102 60 79 179 187 96 102 100 119 190 177 79 177 19 4 25 167 131 131 139 62 116 50 162 170 106 
40 86 25 79 44 13 50 2 74 116 11 185 139 64 74 74 25 137 137 137 25 66 162 181 137 116 116 112 48 159 69 127 109 137 79 4 84 137 116 156 27 136 183 96 96 27 84 130 153 145 184 27 114 55 148 119 60 102 51 
31 33 100 137 84 49 50 116 106 25 25 66 50 86 81 116 150 66 66 2 172 181 116 50 116 131 131 73 122 74 167 48 62 37 142 147 127 100 60 106 74 185 60 22 114 185 142 116 93 84 54 51 184 153 84 82 180 137 102 114 84 153 84 164 184 187 55 137 55 51 177 164 145 55 21 100 
137 84 54 100 65 136 107 76 139 50 50 50 50 54 28 102 50 50 74 170 162 50 50 50 50 50 66 149 50 149 74 74 149 50 150 50 55 74 66 50 50 50 50 50 66 25 50 50 50 150 40 127 116 66 50 66 25 74 147 50 50 50 123 66 50 50 66 
25 50 150 150 50 50 25 74 116 50 50 162 69 185 150 102 50 181 139 81 59 116 137 162 66 116 165 101 48 137 180 181 137 27 127 66 50 50 50 50 50 185 159 136 137 136 102 139 159 136 137 181 60 44 5 137 74 167 22 111 147 69 74 48 185 145 142 112 74 147 66 116 116 152 132 127 114 162 139 
137 137 162 96 107 185 163 87 66 69 114 76 59 181 59 59 73 62 74 162 165 116 122 74 107 60 55 100 107 107 107 107 159 76 107 183 65 136 145 184 60 60 118 100 9 82 100 164 190 177 139 120 181 97 103 90 46 46 112 162 76 97 175 163 122 74 139 139 144 74 112 103 122 127 139 137 22 69 164 24 137 74 84 102 102 
60 184 177 176 60 82 124 119 137 110 19 107 107 107 107 107 107 107 107 107 107 107 107 54 13 54 54 164 50 149 50 149 66 54 79 149 66 50 50 50 66 40 50 60 123 74 149 66 50 66 40 106 40 66 50 50 50 50 50 50 50 50 50 50 50 50 50 50 150 40 127 116 66 50 66 
8 79 79 8 66 50 50 50 50 50 50 50 66 123 109 54 66 25 50 50 50 50 74 147 49 60 74 147 49 60 107 150 149 110 54 107 66 8 74 149 66 107 107 107 107 107 107 107 107 107 66 25 119 100 162 22 
161 100 137 137 100 161 84 110 74 137 164 44 43 164 145 161 100 137 137 137 137 54 110 60 79 44 13 137 50 50 86 147 172 86 149 60 112 165 102 156 106 69 50 116 22 50 116 66 50 50 
50 50 50 66 40 50 60 123 74 149 66 54 109 12 181 127 74 74 123 60 50 74 49 123 50 109 123 86 12 12 66 50 50 50 66 8 74 50 74 112 116 50 162 167 90 68 127 69 127 139 127 181 15 167 48 48 181 48 114 137 127 181 59 139 137 107 116 181 161 107 170 74 74 40 66 99 112 112 116 84 73 
139 116 127 143 127 145 114 167 93 65 114 137 93 137 62 84 28 137 74 116 62 167 132 112 112 11 170 15 59 132 165 59 112 101 162 50 50 162 172 144 108 181 116 116 181 108 66 74 165 97 48 167 116 107 136 68 167 48 162 116 50 116 162 48 48 101 127 143 131 159 162 
139 50 50 139 143 127 74 69 102 50 101 139 1 116 112 65 1 1 102 162 108 131 73 101 137 69 79 21 84 116 180 174 136 114 143 102 84 100 19 85 82 48 22 159 137 111 112 167 167 181 165 150 103 127 25 59 159 73 68 116 156 42 107 114 122 186 144 69 139 74 66 131 15 59 108 68 167 
74 97 102 63 65 137 137 156 43 95 100 125 44 93 49 147 74 107 107 149 66 54 79 149 66 107 107 50 50 50 50 50 50 50 50 66 149 50 149 74 74 149 50 40 2 106 40 50 79 149 66 50 50 50 50 50 66 170 50 102 8 66 50 50 50 50 66 8 
60 50 25 50 25 66 50 50 50 50 50 162 181 74 74 102 145 123 49 149 150 107 149 107 79 149 66 107 107 66 149 79 107 123 109 54 107 107 107 66 170 102 60 145 107 107 145 174 136 156 102 84 161 84 51 119 19 19 93 93 84 100 24 54 54 109 99 147 172 66 66 149 74 123 74 149 86 149 74 123 74 149 66 
50 50 50 50 50 66 149 50 149 106 40 50 79 149 66 50 50 50 50 50 162 142 74 60 123 74 25 66 50 50 50 50 66 123 49 60 50 50 50 50 74 147 110 43 79 164 54 137 66 25 164 84 137 137 137 137 137 137 84 55 22 137 119 137 119 43 54 54 43 43 54 137 137 137 137 100 13 60 164 33 43 117 41 159 
97 181 108 74 131 179 139 73 144 90 59 62 102 3 107 137 136 126 162 74 101 140 112 162 73 149 140 74 52 48 22 106 106 62 101 97 143 159 107 107 114 114 107 136 102 82 82 51 160 176 112 46 90 122 73 74 167 181 167 163 165 167 24 
