83 51 58 58 51 83 53 21 32 25 80 93 75 75 83 19 19 19 19 38 14 32 43 43 43 92 92 30 88 87 78 22 48 83 72 59 3 48 30 43 19 87 11 61 30 43 34 68 69 
3 56 75 19 69 19 19 19 51 59 84 21 32 91 58 58 93 32 80 81 92 43 33 33 92 78 70 74 43 30 30 68 83 53 53 34 74 68 68 43 92 20 92 87 34 69 69 68 68 33 19 43 19 23 19 19 30 
58 51 69 19 19 19 19 83 83 91 32 59 25 13 80 84 84 3 13 12 99 87 74 81 87 19 78 1 22 96 81 70 1 68 68 96 99 33 33 34 68 43 1 68 68 92 34 19 19 93 72 25 51 58 51 19 19 51 83 27 38 3 75 83 93 90 67 91 25 68 68 19 13 59 27 40 21 68 33 68 78 11 11 30 43 95 95 94 34 83 32 40 32 3 
19 86 30 68 94 78 96 11 78 43 69 69 68 3 27 38 51 69 19 19 51 13 58 13 91 80 21 83 59 93 59 53 93 78 94 68 34 95 43 92 87 70 
92 78 88 68 62 40 19 38 72 34 22 87 92 95 81 88 92 48 68 68 95 95 43 19 39 19 72 23 59 83 19 68 83 19 19 19 19 19 51 3 67 38 3 38 25 80 3 38 2 8 11 22 87 30 99 95 94 33 68 99 43 99 19 67 83 51 51 58 83 29 3 83 27 
51 83 59 27 25 19 33 61 71 74 92 43 33 91 40 91 69 43 33 43 49 99 70 33 19 58 45 13 19 19 19 51 83 67 38 13 38 21 67 38 25 95 95 68 34 74 34 99 19 93 25 19 
95 99 30 30 43 33 69 19 68 57 59 51 19 19 51 3 67 
59 25 91 40 62 26 92 20 61 81 87 78 87 94 43 95 68 68 81 81 68 51 93 56 83 58 51 51 93 53 21 58 80 59 25 25 51 32 38 19 69 34 20 95 22 43 13 84 21 95 43 43 61 96 95 43 68 3 72 58 51 51 51 58 32 84 25 80 75 30 30 43 95 99 94 48 43 43 87 34 27 3 22 81 92 81 26 70 34 68 33 69 19 23 13 19 19 51 51 58 91 91 40 13 13 27 38 30 26 26 30 19 30 60 
88 95 22 43 43 34 43 92 43 43 95 68 43 43 33 68 61 
68 69 68 43 43 68 51 33 87 58 57 13 19 68 69 19 19 81 34 19 99 78 92 99 74 99 92 43 70 82 22 86 70 70 70 81 99 19 19 99 86 3 38 19 19 32 34 34 34 86 43 43 99 30 11 48 86 43 43 99 99 87 86 22 81 30 30 50 47 34 11 34 43 78 99 43 78 74 81 46 43 43 8 72 2 53 
13 19 43 69 51 12 35 35 30 99 87 11 99 99 61 20 88 87 48 83 83 92 82 94 94 99 99 87 86 95 94 78 99 99 81 30 30 19 19 38 14 53 3 50 58 19 11 43 69 87 60 34 92 60 99 34 81 33 68 19 19 19 19 19 19 99 92 83 38 19 19 99 
33 19 69 69 69 19 19 69 33 58 91 38 19 8 30 19 87 11 68 68 43 99 92 11 11 99 99 87 86 34 11 30 19 19 30 26 26 30 19 30 8 19 8 19 3 86 99 19 19 19 30 11 19 83 50 19 3 19 19 86 
99 19 30 34 93 19 26 19 3 86 86 19 1 30 19 19 30 11 34 34 34 32 11 83 17 38 19 19 19 99 43 13 19 43 58 25 19 99 86 3 40 39 38 19 19 19 19 19 19 19 19 19 30 8 19 8 30 19 30 11 48 11 46 43 33 86 48 96 34 
19 19 19 19 19 38 3 1 30 19 19 19 19 1 48 11 19 3 1 30 30 26 26 30 30 26 1 32 11 34 83 23 72 19 83 34 26 30 30 11 19 34 20 99 19 30 8 19 11 34 1 19 32 17 38 19 19 19 19 19 19 19 19 19 19 
19 19 19 19 38 39 40 3 1 30 19 30 26 26 30 19 30 11 48 11 30 19 30 26 1 32 11 34 1 19 19 30 8 32 1 86 19 1 30 19 19 19 30 26 
26 30 19 30 11 34 83 32 38 38 72 8 30 30 11 48 11 30 30 8 19 11 34 19 19 1 30 19 19 19 19 19 19 
19 19 19 19 19 19 30 43 58 51 69 33 83 25 19 19 19 19 19 19 19 38 39 38 19 19 38 3 1 30 30 11 48 11 30 
19 19 30 11 34 34 11 30 30 11 34 34 11 19 13 43 19 3 1 30 99 30 26 26 46 20 78 92 30 95 43 88 61 34 68 43 69 69 34 43 94 92 88 92 69 69 95 51 58 19 19 19 19 
19 51 19 19 58 13 38 10 38 58 83 83 80 39 91 25 69 69 19 19 19 19 19 92 69 33 99 43 43 11 60 74 34 43 48 83 72 32 92 99 69 68 34 34 22 
88 95 95 30 95 43 95 19 43 100 8 68 19 69 33 69 51 58 25 38 84 93 80 93 13 3 55 80 75 3 30 99 68 95 43 99 96 81 1 11 92 95 34 34 19 1 24 60 
87 68 78 11 43 92 46 95 92 99 43 43 33 69 69 68 19 19 19 19 19 19 19 19 51 58 75 53 80 3 83 13 53 40 62 83 93 3 1 30 19 19 30 50 34 1 30 30 35 94 43 99 19 99 87 48 34 1 19 1 30 19 43 70 48 51 69 48 68 19 19 68 34 
43 87 87 69 33 95 51 19 99 99 68 58 92 92 95 94 34 95 34 1 3 17 59 13 51 58 69 19 51 51 13 13 91 21 3 21 3 58 58 83 80 25 67 38 93 58 
95 19 13 43 43 19 25 59 3 17 83 19 19 19 34 22 43 19 87 87 1 8 34 86 87 87 48 34 1 19 83 23 23 83 19 1 34 34 1 34 92 99 46 34 95 82 68 81 87 34 33 69 34 11 19 19 19 68 68 58 19 19 51 13 67 83 93 80 39 19 59 21 91 38 40 11 34 83 69 95 43 68 69 19 68 43 19 43 43 19 99 86 34 50 46 11 48 
68 68 19 19 19 1 19 39 23 83 19 86 86 19 1 30 30 78 86 1 34 94 68 92 81 51 51 60 68 51 34 34 34 30 19 38 17 32 19 1 59 58 19 43 51 13 51 19 19 19 19 93 59 93 21 72 93 51 58 25 80 3 25 59 80 80 25 43 34 30 61 99 88 20 70 43 92 99 96 96 68 74 61 34 68 68 69 33 43 43 1 82 87 95 19 19 43 86 
9 59 62 58 19 58 19 68 58 3 91 25 38 62 25 25 67 91 91 3 80 38 
19 19 19 19 19 38 17 3 51 33 99 87 69 99 92 74 49 68 43 82 92 34 34 94 99 19 19 30 94 19 33 78 61 87 49 43 99 92 19 68 30 22 34 72 2 27 25 43 69 51 19 69 51 13 13 67 91 91 93 83 91 59 93 80 59 67 43 43 43 34 68 69 70 78 81 26 95 43 70 99 1 87 19 30 35 65 43 33 22 70 11 92 99 70 95 95 92 94 68 43 34 43 43 68 
69 19 69 33 69 85 19 19 19 19 19 19 19 51 58 13 58 62 3 93 91 3 3 58 93 75 62 93 19 99 20 86 34 33 81 26 19 86 26 30 19 99 78 82 22 19 22 92 92 68 95 96 68 19 68 43 33 43 78 33 33 68 51 43 81 22 94 43 22 87 69 69 20 19 14 72 58 19 19 19 19 69 69 19 80 27 40 38 83 92 88 78 95 
82 99 26 78 78 88 68 43 43 19 19 19 19 68 34 83 77 80 83 19 19 94 87 94 43 35 43 43 30 43 78 78 68 68 81 19 21 17 38 30 1 19 1 48 22 33 43 92 99 74 87 96 69 43 88 95 43 19 83 79 59 19 51 58 19 68 58 19 86 9 40 51 95 68 19 19 92 20 
78 46 20 87 70 95 33 68 78 19 30 11 19 69 99 43 19 68 94 99 99 99 61 82 92 95 92 11 1 48 34 68 92 19 17 3 19 19 1 34 34 11 33 34 20 19 11 96 74 43 68 70 95 68 43 70 69 68 19 32 19 19 30 69 19 19 69 19 51 19 19 40 39 38 19 19 19 95 1 99 87 30 30 97 
68 33 92 95 95 19 30 26 26 33 94 87 33 20 30 99 30 11 11 95 43 87 94 34 22 33 68 61 68 19 69 81 99 81 99 68 43 82 94 99 96 32 19 23 21 13 51 19 19 19 69 13 83 75 27 19 19 43 34 95 94 20 78 99 
88 74 99 88 92 43 68 69 19 68 69 13 25 30 34 9 38 38 13 94 87 94 19 92 48 19 48 87 87 78 82 61 92 43 19 19 19 19 19 19 19 99 87 34 58 87 95 19 74 43 69 46 96 43 95 33 69 33 33 
34 43 59 77 25 43 19 19 19 69 69 81 3 77 13 19 51 51 68 11 22 86 46 99 31 95 43 95 69 69 68 46 30 81 68 69 69 33 33 19 34 34 92 43 22 11 99 99 87 86 96 95 51 58 19 83 4 32 19 81 68 
83 86 86 1 34 43 30 11 26 22 33 95 33 33 34 43 33 19 96 34 43 19 38 39 91 25 68 69 69 19 19 51 19 81 59 79 
19 95 68 43 43 22 11 94 11 86 22 43 68 92 34 19 30 26 26 68 33 99 30 26 26 46 20 92 43 99 43 19 69 22 61 95 33 43 95 68 70 43 68 78 70 34 68 19 95 68 33 43 25 2 52 3 
51 19 19 19 19 19 19 38 27 32 3 33 33 68 95 46 99 68 85 11 49 33 69 95 43 68 19 19 19 19 19 19 25 52 84 91 58 34 43 94 11 48 34 20 92 34 30 87 69 51 34 30 19 19 19 99 99 82 95 95 68 43 78 88 81 70 92 33 33 95 
43 95 78 42 30 68 19 19 19 19 19 13 72 2 59 19 69 99 78 70 11 22 81 85 74 94 43 69 33 78 82 43 43 33 19 69 99 95 70 82 99 74 99 87 81 43 68 83 34 11 19 39 23 83 19 1 34 68 43 30 99 99 
60 74 94 34 43 68 33 68 33 33 96 68 19 99 20 76 95 19 19 51 19 19 69 19 25 38 57 83 68 99 68 43 99 78 30 88 86 34 95 69 33 46 81 96 88 99 11 26 49 87 95 34 43 99 99 68 43 68 99 99 43 1 94 33 69 1 83 77 25 19 19 19 19 19 25 44 53 19 99 
96 86 74 88 86 81 78 96 94 19 19 19 19 19 25 77 3 19 33 81 61 99 99 86 87 99 95 19 33 19 99 87 48 48 99 34 92 92 86 78 68 99 34 43 68 7 19 19 19 19 19 19 19 80 72 68 95 70 88 22 88 88 96 70 33 43 43 61 68 68 95 43 70 87 
99 78 70 95 96 34 94 99 19 19 19 99 74 99 34 82 43 92 26 95 99 34 33 68 43 68 43 43 43 85 19 19 19 19 19 69 69 19 10 19 43 43 96 81 92 11 49 92 43 34 61 81 
97 68 43 11 86 71 87 34 22 92 43 34 95 43 68 95 78 95 94 94 68 94 68 19 69 53 23 51 19 19 19 19 19 19 19 19 25 4 19 92 43 26 20 11 92 86 88 43 22 92 19 19 19 13 72 40 19 19 19 30 61 87 81 26 92 34 87 19 
19 99 78 82 78 22 82 81 61 22 68 33 33 19 89 58 19 19 19 19 83 14 58 34 96 30 74 88 87 30 99 81 19 33 94 95 30 34 61 30 78 68 91 56 53 30 82 43 1 30 87 11 34 
33 43 43 69 43 78 8 35 69 19 19 19 19 83 72 72 58 19 34 86 94 11 48 43 99 34 30 30 11 48 26 99 19 30 26 86 19 1 
46 26 86 19 68 94 99 99 94 33 95 43 96 68 69 34 43 33 19 99 99 74 43 69 11 34 33 69 58 34 3 2 53 58 13 51 19 19 19 19 19 
25 17 83 3 34 34 81 46 70 70 63 20 92 78 68 19 19 19 19 19 19 25 44 59 59 68 81 92 43 30 11 87 99 99 87 86 1 19 19 19 1 19 39 39 19 1 83 43 43 43 
99 1 68 69 43 87 92 81 87 69 68 70 92 43 68 94 81 8 47 99 19 69 19 19 19 33 51 51 19 25 4 3 1 86 30 43 99 97 99 61 11 
92 86 87 94 95 87 30 95 69 33 43 33 51 94 88 43 34 11 34 30 87 81 82 95 51 43 19 21 17 19 1 83 58 33 26 34 43 78 99 30 11 48 96 
70 92 33 69 95 95 68 95 33 51 33 99 30 24 20 43 33 19 19 19 19 19 69 51 80 4 83 34 96 94 69 95 88 78 26 20 70 43 33 33 95 99 
99 19 30 35 30 46 86 68 68 34 34 95 92 99 81 43 69 68 43 92 33 43 86 43 68 68 78 99 19 3 19 8 72 39 93 13 19 
19 19 58 19 19 38 17 19 1 34 81 43 99 60 96 78 87 97 87 19 68 92 33 68 43 43 58 25 19 38 17 51 69 81 99 99 88 61 81 30 19 
99 97 34 33 94 43 19 19 19 59 19 87 48 34 95 94 78 11 30 92 92 34 69 69 19 19 11 19 19 51 51 69 33 51 58 38 9 83 34 81 43 68 61 61 92 88 30 97 43 43 
68 68 48 51 51 99 70 19 33 87 43 92 82 92 1 11 99 22 78 94 19 43 30 19 
19 19 19 19 11 34 68 43 81 26 61 92 70 92 33 33 22 68 33 92 19 3 59 44 93 19 69 19 19 19 25 
13 75 21 58 34 43 70 30 33 74 74 95 92 94 68 22 26 11 58 19 81 87 92 34 86 26 30 63 81 43 81 43 43 22 34 43 43 68 99 95 68 81 22 81 87 69 19 43 95 33 19 13 40 39 83 83 58 19 19 19 
19 19 19 19 40 79 13 33 95 87 19 88 78 34 30 60 96 43 43 68 43 99 99 68 68 51 25 19 19 38 39 2 58 68 78 92 34 11 86 87 87 81 99 34 34 87 19 59 19 19 19 1 46 86 69 68 34 48 99 22 26 99 99 92 95 94 33 69 22 48 34 23 14 25 19 19 69 69 19 19 19 40 32 17 48 33 69 99 78 26 22 74 46 48 43 34 92 68 46 
11 69 51 68 99 68 99 78 87 70 34 30 87 11 92 58 94 19 91 39 38 30 43 33 86 48 22 43 86 78 30 26 81 78 33 69 22 33 43 1 68 19 19 19 19 85 19 51 58 
19 19 69 69 33 13 40 39 40 91 69 34 43 11 70 1 30 74 88 19 43 92 95 30 60 95 34 46 19 99 20 26 46 11 48 68 34 95 68 92 99 99 81 19 69 34 95 92 43 43 43 82 95 33 70 68 69 48 32 3 17 3 51 19 51 19 69 19 25 19 38 9 13 19 68 87 30 26 95 30 11 
11 70 34 43 69 51 68 95 68 51 25 38 44 3 51 43 99 61 86 34 11 30 99 99 96 48 22 87 19 83 3 19 19 19 99 87 34 34 99 81 99 99 11 81 92 68 95 43 33 68 59 40 
14 19 19 51 51 19 25 53 72 91 19 43 34 82 86 78 78 26 95 95 34 33 33 43 68 43 43 19 43 26 1 43 87 20 99 99 19 51 92 19 32 17 19 69 19 74 61 43 19 30 61 70 87 95 95 92 69 68 68 69 69 78 99 25 27 53 58 13 19 19 33 19 51 
13 25 14 40 59 61 68 68 94 99 26 30 11 92 33 43 94 30 20 78 92 43 19 19 30 11 86 85 48 48 81 69 43 43 19 43 78 78 43 34 33 69 95 92 99 78 34 43 43 43 87 43 43 95 96 30 39 39 38 19 19 19 19 19 
19 19 19 38 9 83 3 34 34 34 63 86 96 78 88 78 94 99 68 94 1 19 19 19 19 19 19 19 19 19 38 9 19 58 69 94 99 99 30 26 19 1 30 99 87 86 95 34 87 19 19 19 30 24 11 30 99 87 34 69 81 70 19 43 78 96 
48 87 43 43 87 68 68 78 68 33 33 79 43 69 69 19 51 19 34 13 80 14 40 3 68 99 43 43 60 26 30 99 50 92 43 70 95 95 71 61 95 22 69 43 68 19 68 
92 92 68 33 26 70 78 61 86 99 95 19 91 34 30 19 19 30 86 69 68 34 34 26 69 43 97 86 81 69 87 43 68 43 68 68 33 34 68 19 43 78 8 35 26 68 19 19 19 19 19 
69 33 19 40 89 13 68 95 43 33 95 88 74 46 49 43 43 43 19 19 30 26 11 33 94 99 99 35 34 86 87 99 30 87 43 94 43 33 99 34 95 33 69 34 43 19 70 95 43 95 33 68 68 61 43 43 78 43 58 83 34 11 19 19 19 19 13 51 
69 43 19 19 38 39 72 48 92 33 94 97 1 34 92 78 74 61 78 78 11 68 33 99 19 19 19 19 19 19 19 25 14 2 3 86 34 33 46 43 43 50 34 34 33 43 46 81 82 22 19 43 94 19 19 19 30 11 19 19 
11 43 34 88 95 43 86 94 33 95 68 68 22 19 19 86 63 35 50 86 99 33 19 19 19 19 19 19 19 38 14 32 51 13 19 30 11 19 19 35 63 86 96 34 19 82 99 20 30 19 30 11 19 69 95 43 22 95 69 68 92 87 68 83 26 
95 34 46 19 99 60 34 58 19 11 19 3 19 19 19 19 30 11 19 3 86 11 33 94 87 30 20 43 43 87 43 33 69 69 95 43 69 92 33 69 94 43 19 19 25 19 69 43 33 19 19 19 19 80 27 40 25 13 19 68 92 26 96 
70 70 46 74 68 22 82 68 95 22 11 63 20 33 68 87 26 86 87 20 70 68 22 95 33 33 43 70 94 43 43 95 86 95 43 34 69 68 69 58 19 34 17 19 33 58 19 19 33 58 4 19 33 19 68 99 99 11 61 88 11 94 68 68 43 61 19 19 
19 19 19 19 19 25 79 38 19 11 33 81 68 33 49 74 92 30 99 68 86 19 19 19 30 34 58 74 92 94 78 95 70 86 95 68 95 82 83 57 13 19 19 69 19 19 51 19 38 72 11 92 19 30 60 30 88 20 92 87 87 19 43 33 33 69 33 92 19 99 8 95 81 
46 94 43 69 43 43 32 53 14 38 30 1 34 92 92 1 92 87 26 99 95 81 68 68 95 69 68 68 69 19 69 30 19 19 19 19 19 19 19 19 33 19 40 27 80 51 69 88 34 70 86 11 92 43 33 68 
8 30 38 39 38 30 26 26 30 30 11 86 81 81 88 96 99 43 95 88 95 43 95 34 68 43 87 95 68 43 78 95 95 34 58 4 25 19 19 19 19 19 13 67 56 83 92 68 94 30 87 96 26 87 96 43 43 
