48 48 115 59 129 80 60 100 93 102 102 102 102 102 102 102 150 8 150 150 21 31 102 79 19 102 102 102 19 6 19 102 102 102 19 72 55 91 21 21 102 55 72 102 72 102 107 72 19 102 102 102 102 102 102 
102 102 102 113 32 72 42 31 31 19 113 113 83 111 83 137 27 116 31 85 37 113 31 126 72 55 28 45 6 19 19 85 137 102 31 135 76 134 134 134 80 109 107 109 66 27 93 59 93 115 109 62 16 101 66 76 135 76 109 93 55 103 55 103 141 83 106 37 136 48 55 58 126 90 90 55 
95 94 85 37 22 4 102 134 48 137 2 31 103 140 140 106 145 106 72 36 19 102 19 12 72 72 102 72 19 102 102 102 19 72 55 91 55 72 92 72 72 111 32 129 93 72 137 102 83 102 27 79 31 113 31 79 31 103 102 125 141 1 103 55 19 31 37 31 105 1 102 48 90 58 37 79 79 55 55 83 31 37 111 105 21 72 19 150 8 25 102 81 107 102 79 48 137 4 27 27 48 120 
133 70 139 133 57 93 70 144 80 114 63 133 129 66 137 137 129 27 93 107 102 76 137 21 72 19 102 102 102 102 102 102 102 12 107 71 111 72 25 72 72 81 12 55 72 19 102 102 102 102 
102 19 83 83 12 102 72 19 102 102 102 19 72 102 111 28 19 102 102 19 40 12 92 72 72 111 105 21 72 19 19 72 102 111 72 81 72 36 102 81 28 31 102 102 102 102 102 102 102 102 113 111 107 150 19 83 37 21 102 102 107 62 68 150 150 21 32 113 102 102 102 102 102 102 102 150 76 76 8 150 134 150 81 21 107 66 80 150 109 68 66 70 81 55 102 68 
134 111 102 55 125 1 1 31 32 57 93 32 102 31 113 102 102 19 12 72 72 102 72 19 102 19 12 55 55 55 81 91 102 107 102 102 19 91 81 72 28 19 102 102 19 72 102 72 72 28 113 80 107 83 31 113 105 79 55 102 102 102 72 55 55 72 55 32 113 102 102 102 102 
19 72 55 42 6 19 102 102 102 113 79 125 125 27 137 85 137 137 76 134 
134 134 134 80 16 59 109 129 57 115 76 135 21 100 21 70 11 59 60 100 70 27 137 21 93 125 93 107 107 107 62 71 102 19 12 55 55 12 92 28 28 19 19 83 83 12 107 102 72 102 72 19 102 102 102 102 19 12 102 107 72 72 1 31 55 79 137 55 113 31 58 31 55 12 107 72 106 31 150 76 31 19 102 102 102 19 91 25 102 28 72 81 102 102 102 102 102 102 134 134 134 134 134 134 134 80 60 70 93 12 8 14 59 16 137 80 74 25 66 66 21 27 117 114 21 126 31 102 102 102 102 102 150 61 68 115 37 31 125 
102 37 105 127 12 32 137 72 113 113 28 55 102 55 12 102 25 102 
91 19 102 102 113 35 46 143 103 32 113 113 83 79 94 55 105 125 134 113 105 37 107 11 61 80 134 31 85 137 27 134 76 109 76 71 70 16 60 59 68 62 71 76 81 120 133 70 70 76 55 107 23 31 137 102 145 83 19 102 132 83 106 58 31 145 37 129 58 58 83 92 6 19 19 42 55 72 19 132 142 105 58 102 32 105 103 72 83 145 31 134 92 83 141 12 79 137 21 72 19 102 102 102 102 102 19 91 25 150 102 
102 102 32 85 48 70 134 134 134 80 114 93 16 144 16 120 101 70 109 68 71 38 16 80 100 66 57 80 36 12 19 107 72 19 102 102 19 6 19 19 12 55 55 12 102 21 32 102 129 31 19 102 150 76 31 19 19 58 31 141 46 105 4 85 58 58 31 113 142 4 85 31 31 125 48 102 72 107 102 91 102 102 102 
102 102 102 102 134 134 80 98 133 80 33 59 117 118 109 70 70 100 80 80 80 55 111 102 94 85 4 4 4 85 93 80 102 150 67 21 102 55 79 137 102 83 32 87 35 92 72 102 72 55 102 55 72 102 102 81 49 81 28 83 102 83 141 83 12 
37 31 126 94 134 19 28 141 83 92 134 134 150 68 121 66 37 27 27 4 85 48 48 116 48 27 4 137 76 66 38 21 38 120 133 117 21 16 114 16 68 66 66 129 105 113 134 99 107 132 87 94 85 79 125 85 31 31 31 145 36 28 31 113 75 145 108 37 125 105 102 105 
113 102 113 83 37 55 72 55 103 106 143 103 87 145 31 94 79 79 140 55 79 83 103 4 134 79 103 31 102 102 102 19 72 55 42 6 19 102 102 102 31 4 27 48 85 125 48 115 76 66 80 107 81 99 66 107 21 59 130 66 70 66 59 93 115 107 55 111 58 
58 72 72 113 95 32 36 149 58 143 103 87 83 55 95 31 113 126 35 37 143 79 94 58 37 126 94 37 90 94 90 143 83 105 125 79 103 125 85 90 108 79 90 143 85 103 55 85 143 
125 70 99 99 54 66 48 48 27 134 116 115 27 48 137 115 129 14 109 59 80 76 115 133 16 107 144 16 59 70 27 72 27 79 94 102 102 102 134 134 134 19 58 105 
55 103 125 143 94 143 142 83 106 141 141 145 55 55 31 55 105 137 107 17 61 80 113 36 46 83 103 145 83 95 103 108 143 113 55 95 145 55 79 
143 113 134 134 134 31 125 137 137 134 134 134 115 76 76 101 76 133 16 100 14 99 59 16 66 76 70 102 102 113 125 94 149 79 125 103 95 142 55 95 111 36 83 72 37 76 3 102 12 111 83 85 143 32 95 36 32 
94 141 145 113 94 103 143 79 55 93 137 27 72 19 150 25 91 19 102 113 102 93 102 79 48 116 102 27 134 134 134 48 80 93 48 123 60 117 100 129 137 59 16 129 60 11 134 76 59 55 134 19 23 55 125 111 92 12 72 
1 36 58 113 87 106 90 37 31 125 125 95 143 143 31 37 143 106 145 94 79 143 125 79 1 90 94 72 72 71 15 93 134 48 48 27 48 48 134 115 137 57 101 144 133 70 100 128 139 80 59 115 27 71 66 80 102 102 
102 102 102 31 145 31 7 21 94 4 94 105 103 31 31 36 142 55 37 113 113 143 36 1 102 31 105 102 19 83 1 111 36 85 79 32 46 83 105 141 94 94 141 32 79 125 113 103 134 137 49 134 94 4 48 137 134 134 134 27 57 57 101 21 135 129 133 59 74 71 80 76 21 76 66 
102 31 106 83 90 85 125 94 143 145 106 36 58 32 36 83 125 102 55 17 8 150 19 83 1 55 72 12 83 106 72 94 79 94 143 105 143 105 94 4 85 31 31 102 94 34 28 
106 32 85 48 85 134 48 48 48 27 115 137 129 59 16 70 107 147 99 133 59 115 16 114 48 113 112 142 106 58 31 12 126 46 119 83 103 79 125 141 113 1 37 37 106 90 95 108 143 95 90 4 85 145 31 55 55 12 17 54 134 125 134 134 115 48 137 66 76 21 137 57 59 114 107 33 16 66 76 76 133 137 76 129 102 102 102 102 102 102 102 102 102 150 8 11 71 31 94 4 48 125 95 141 145 103 83 58 145 36 108 103 145 113 102 37 113 134 102 31 145 46 141 143 55 145 140 111 31 125 145 103 143 103 94 31 125 
55 134 134 134 134 31 4 48 117 115 117 76 57 117 114 16 133 68 109 14 135 129 117 125 113 103 125 31 31 143 79 143 106 83 46 36 19 142 83 21 102 107 3 80 113 83 55 83 106 55 141 36 105 90 125 143 141 140 90 125 94 103 79 4 94 145 55 28 65 31 79 4 134 116 102 134 137 48 134 137 137 57 129 133 70 85 60 120 80 66 80 60 59 135 80 99 1 31 58 31 102 19 12 111 75 75 111 55 103 145 141 95 90 143 103 31 37 90 140 141 
1 1 37 94 95 94 55 108 125 134 55 81 81 7 70 79 137 115 134 48 117 144 93 115 114 115 
115 117 21 123 81 99 139 117 70 27 115 79 4 4 59 14 79 79 125 106 1 143 32 112 94 76 39 70 55 105 31 36 108 
94 141 103 79 134 81 48 93 115 21 135 129 57 137 74 11 137 116 141 106 95 143 37 125 79 143 145 140 103 142 141 102 113 28 72 12 19 102 102 19 12 111 126 31 102 141 83 36 141 79 90 105 79 85 31 143 85 79 79 79 113 35 132 87 88 32 141 116 48 48 48 93 134 48 115 137 117 107 21 76 80 66 59 63 80 137 27 57 114 83 10 90 141 149 126 65 108 145 105 94 143 90 125 79 108 113 125 37 31 4 93 131 21 93 137 48 76 114 137 115 80 56 133 
27 115 102 102 102 102 102 11 146 59 48 94 125 102 103 141 94 106 58 58 145 32 111 55 31 105 105 58 45 45 113 113 83 55 142 103 4 125 95 87 143 79 95 90 125 31 83 55 37 27 27 55 134 19 134 48 48 134 116 76 57 57 76 137 16 21 135 81 80 16 101 80 21 135 128 27 108 90 79 106 1 103 142 75 145 51 87 
140 143 83 83 1 108 55 37 90 125 102 125 31 64 129 48 27 48 134 137 57 57 71 101 14 16 93 129 113 75 36 37 79 106 75 58 75 112 58 55 103 37 103 94 31 145 141 125 94 141 95 83 125 125 105 79 94 145 55 141 58 92 134 134 134 134 134 134 48 137 129 80 117 93 115 59 101 70 118 100 117 59 133 137 102 137 79 31 102 
102 102 102 150 5 80 27 1 125 79 95 94 94 141 106 108 31 1 106 140 58 143 94 58 102 31 113 102 102 102 102 113 36 145 141 31 1 145 32 46 58 143 94 143 141 105 105 106 134 125 32 19 134 134 113 116 48 134 37 129 93 93 76 76 16 80 14 14 60 60 139 60 48 27 66 129 90 79 143 31 95 
72 46 36 141 142 46 113 102 102 102 94 140 106 106 83 149 83 90 94 90 141 55 31 85 4 94 31 102 102 94 125 102 134 134 48 48 27 135 21 133 93 114 68 71 59 70 66 21 70 35 113 19 126 83 87 113 31 126 111 12 92 111 55 83 106 85 103 37 125 141 106 141 
103 79 125 141 113 108 31 79 94 103 79 85 79 105 87 141 113 58 134 134 19 6 42 12 103 143 94 137 137 134 134 27 99 57 135 135 57 16 114 60 121 59 70 57 114 16 133 102 102 102 102 31 94 48 150 102 12 55 125 12 113 113 6 55 102 102 72 19 19 12 55 102 21 
21 91 21 7 72 55 125 12 113 102 102 132 142 105 112 12 55 108 83 71 71 49 54 102 37 48 48 27 4 4 48 48 4 134 11 98 59 70 38 33 66 80 107 134 109 11 134 134 134 31 58 105 37 90 37 79 94 142 105 143 46 36 103 1 134 84 66 79 10 105 90 36 
19 113 143 141 95 90 103 37 79 85 4 94 31 102 116 113 134 102 76 135 27 134 134 134 134 27 48 48 115 93 135 21 114 70 84 38 14 59 144 
21 137 66 80 31 79 94 32 35 28 92 23 36 113 113 102 113 12 125 46 83 103 58 87 108 90 143 79 90 94 103 83 141 72 94 113 103 85 36 72 134 134 21 7 21 83 31 134 85 4 4 103 93 80 
76 38 100 129 66 38 54 11 59 80 107 81 102 129 102 111 107 11 109 54 81 102 107 21 102 102 102 102 102 102 102 55 72 107 55 58 113 102 113 126 28 55 79 102 126 103 79 32 1 55 102 55 55 25 72 111 102 102 72 19 19 12 72 1 31 55 105 
94 31 79 85 32 125 37 55 55 1 90 36 94 134 94 58 37 55 72 55 27 107 134 25 8 150 19 48 48 134 85 85 27 134 48 70 38 81 74 135 129 68 70 120 16 59 118 80 71 102 134 103 105 112 36 108 87 113 19 12 55 102 102 55 12 102 107 72 19 102 102 19 12 55 55 1 36 113 102 113 145 
28 32 36 126 125 103 143 143 103 125 37 31 113 102 102 102 102 102 19 23 78 58 85 106 103 116 102 4 48 134 134 93 107 59 115 71 134 54 59 125 107 109 99 99 15 93 27 137 76 12 92 6 42 72 58 75 111 72 102 72 19 19 12 72 28 113 113 87 108 125 37 90 85 27 113 31 
102 79 1 12 125 94 103 37 113 31 31 4 85 31 143 141 141 141 1 31 94 113 90 116 83 103 4 76 134 55 17 61 80 94 85 27 134 134 27 115 57 66 101 101 80 76 25 109 101 80 129 99 31 129 80 102 150 107 21 17 11 107 107 71 70 105 1 55 102 102 94 83 92 19 42 72 32 113 
102 113 36 102 129 79 21 102 12 52 91 55 72 19 19 42 72 79 31 31 143 145 79 37 37 37 72 12 37 94 32 126 72 55 90 113 58 134 150 8 8 137 137 27 31 70 134 94 57 115 134 76 109 
114 70 81 98 114 27 54 33 66 120 59 125 85 90 79 79 55 55 83 46 36 113 102 19 72 72 55 102 102 102 102 81 72 12 31 103 31 31 103 143 46 12 55 32 113 58 141 31 94 141 103 134 125 79 79 103 94 76 8 102 25 8 137 116 115 27 102 134 48 
27 48 137 93 93 133 100 133 70 133 129 98 16 60 107 137 70 59 150 102 102 102 102 92 12 87 35 72 36 145 140 106 141 94 46 103 103 94 94 106 83 55 102 55 94 90 145 85 85 141 94 4 103 83 79 
85 58 103 119 125 125 58 134 85 55 27 70 84 33 59 79 134 114 48 134 134 48 76 134 137 33 21 71 71 80 16 117 60 147 16 99 57 102 102 141 55 27 5 81 76 4 90 79 94 28 36 142 145 94 113 113 
58 46 31 71 7 150 19 28 35 31 125 90 19 19 31 108 95 4 31 55 21 25 61 59 134 116 134 116 27 59 54 139 70 38 60 74 81 70 141 125 48 79 94 116 37 37 48 37 32 87 94 85 111 58 113 102 112 
145 94 102 37 125 55 102 19 72 55 42 137 102 58 31 102 58 113 90 12 83 94 32 143 94 103 141 79 79 36 102 79 85 79 102 81 7 81 115 27 37 48 27 137 48 27 66 135 107 66 76 33 59 114 49 14 
80 59 117 113 45 31 83 53 28 132 83 108 83 143 32 103 125 94 103 4 79 83 106 31 103 1 31 105 143 55 83 94 103 108 1 102 80 26 135 135 48 4 85 48 48 76 133 70 146 38 117 16 16 61 109 80 102 
19 72 71 39 60 76 115 94 143 103 83 113 31 28 142 143 141 36 55 94 21 107 111 111 102 102 19 12 55 72 87 94 94 1 111 108 94 141 36 105 125 94 145 31 49 94 85 137 134 125 93 114 
114 54 16 133 33 66 109 100 100 139 93 58 125 85 37 125 145 145 140 142 113 83 55 55 8 68 21 111 87 94 94 83 28 141 125 140 103 143 95 27 116 55 31 105 113 102 102 102 79 
4 116 27 48 134 48 117 49 70 21 100 66 96 144 70 9 23 55 31 75 113 83 111 31 28 23 72 28 113 31 46 83 108 85 4 103 143 141 141 143 55 140 143 125 94 1 31 103 55 125 
85 1 125 4 145 46 141 55 55 134 134 134 134 134 134 134 134 134 134 134 115 137 135 25 14 100 137 135 118 81 59 33 129 85 4 37 76 80 80 61 11 135 137 27 125 83 113 31 127 87 79 141 140 55 55 72 72 
102 102 107 7 107 102 72 55 72 75 143 37 83 111 83 36 79 143 142 79 31 106 70 43 134 143 48 48 116 48 57 48 57 128 59 70 70 123 14 120 98 80 76 135 12 108 90 79 79 125 85 103 141 141 106 149 103 37 
19 83 105 83 137 107 8 109 102 72 21 37 36 113 79 106 112 105 79 106 140 85 125 55 94 125 95 37 94 113 102 102 80 
61 15 76 94 125 134 48 27 134 48 144 129 100 120 80 59 33 84 60 70 70 144 150 81 67 12 19 134 19 28 28 92 23 83 87 12 145 103 
94 31 141 94 143 1 95 90 125 55 37 94 105 31 143 113 55 37 72 134 3 80 134 134 134 48 135 59 115 117 133 120 66 33 82 59 80 102 102 102 102 102 102 102 102 102 102 102 72 102 102 72 55 27 93 102 12 19 19 28 23 113 102 102 58 36 102 107 91 21 107 7 150 102 19 42 72 83 31 113 12 
31 111 32 102 32 36 55 125 55 72 72 102 71 15 70 102 79 85 48 134 93 115 80 61 62 80 79 58 92 28 23 113 58 126 106 36 19 46 145 90 103 95 94 31 12 126 145 31 113 28 102 107 102 81 109 27 31 58 31 31 126 111 83 36 36 88 90 85 85 125 37 137 137 107 25 7 16 115 48 48 48 48 48 76 57 76 60 11 59 80 121 38 66 14 94 142 111 31 141 110 97 36 55 
1 145 55 103 106 145 37 141 105 90 55 106 103 71 47 137 116 143 48 130 150 102 36 87 142 75 83 87 111 102 102 102 102 150 8 11 71 37 105 102 83 10 83 36 113 31 126 72 102 55 12 19 102 19 83 
36 141 113 58 113 87 142 145 85 141 140 72 143 143 21 102 72 102 102 102 94 125 134 134 85 115 129 54 60 117 70 101 93 134 80 14 14 81 33 139 99 117 32 105 28 92 111 113 143 125 85 149 12 46 83 55 32 37 25 59 145 58 140 58 1 106 72 94 94 103 94 48 102 19 113 37 93 80 102 31 116 102 102 102 85 115 128 25 25 
145 112 75 141 149 58 75 111 94 19 6 132 126 72 32 31 127 127 32 46 46 90 90 90 31 141 55 142 58 143 31 137 80 150 39 134 134 93 48 48 48 93 81 81 146 144 115 115 144 98 102 102 102 66 68 66 102 76 80 102 105 58 45 19 102 31 
126 55 80 59 11 107 102 55 126 125 79 65 83 87 126 55 108 125 107 68 54 109 135 48 48 48 134 27 80 14 107 74 16 114 120 38 98 92 36 37 79 37 31 103 83 58 28 58 31 102 19 72 107 150 150 21 32 113 102 102 31 12 58 87 75 37 79 141 1 102 93 31 105 102 102 107 57 48 85 27 
48 48 137 137 70 71 133 84 16 70 70 98 59 76 92 28 145 113 19 6 19 102 32 58 142 112 28 111 87 94 94 143 105 140 143 108 79 94 12 111 83 58 37 27 134 103 129 15 93 114 27 27 57 134 57 21 66 25 80 80 66 76 60 25 31 143 48 102 57 39 62 135 102 125 102 125 126 75 12 32 36 
126 103 125 144 98 102 111 31 103 31 31 36 142 142 106 143 125 134 27 60 128 38 133 48 48 137 93 27 115 81 81 99 107 60 144 147 74 76 134 113 149 83 85 85 103 140 145 103 58 72 36 12 72 72 55 17 11 25 12 72 31 55 140 1 23 58 94 140 140 125 4 79 55 
27 139 82 144 115 134 134 134 134 27 57 27 21 38 109 59 60 133 100 66 133 99 36 132 28 36 119 108 36 112 58 12 127 106 108 1 79 79 90 94 46 83 113 141 105 137 150 150 98 16 137 27 48 48 76 129 81 64 48 48 
76 80 5 102 102 102 102 102 150 8 62 80 48 102 102 27 94 12 42 113 140 145 79 1 111 17 11 17 55 55 55 111 32 103 140 149 126 105 31 106 102 102 31 25 25 38 4 
48 48 48 27 48 135 81 144 109 101 76 59 99 144 81 102 32 142 37 37 83 108 32 12 32 113 126 21 150 102 150 71 55 145 4 125 87 140 140 19 106 108 113 125 102 125 95 102 81 102 102 102 102 102 134 134 134 134 134 27 27 27 66 100 118 101 70 59 66 74 11 17 32 58 53 87 32 46 106 
142 36 149 145 31 141 79 143 72 108 55 125 79 142 58 31 134 79 125 57 74 93 117 135 135 137 27 66 33 99 80 59 120 66 33 60 102 102 102 102 11 84 59 80 102 31 36 58 28 72 28 113 58 113 85 21 12 17 109 21 55 28 102 93 105 23 72 1 28 
141 37 79 85 102 15 38 76 85 27 27 134 48 57 115 59 11 128 93 137 66 81 81 80 141 94 55 103 108 32 102 32 88 58 79 113 75 102 59 150 150 71 55 145 31 134 31 127 10 105 79 125 85 79 125 129 81 74 25 117 27 4 134 48 48 27 115 80 123 71 128 129 135 
60 59 80 76 37 55 58 58 28 58 113 113 106 36 149 83 141 46 31 90 141 143 31 94 105 83 94 90 137 21 117 133 76 134 27 80 59 14 107 70 59 93 59 118 71 85 21 109 54 150 80 85 125 125 113 32 12 126 113 58 105 102 76 11 21 76 55 55 94 
19 58 141 141 125 125 27 80 60 128 27 137 134 48 80 129 101 66 115 70 14 118 120 134 83 113 94 37 55 1 46 149 113 46 36 83 102 107 134 81 81 55 134 85 103 92 35 127 58 1 85 85 94 125 137 101 25 133 93 134 27 48 27 137 135 128 123 70 107 60 84 16 70 92 28 23 58 58 
145 145 75 75 103 113 1 31 55 94 94 87 36 95 140 143 27 70 38 60 137 4 48 27 76 57 129 49 59 129 16 49 102 102 102 150 61 80 102 102 102 31 12 88 32 31 103 79 102 59 54 55 83 85 143 31 31 142 127 36 46 94 85 94 107 11 150 98 70 134 48 115 27 57 70 93 139 121 101 16 16 123 120 83 106 90 94 37 90 143 58 
83 36 112 113 55 71 11 137 103 31 79 105 97 140 95 103 79 79 31 4 116 83 109 121 38 102 48 48 134 48 27 27 135 80 133 128 133 80 120 60 101 99 92 53 19 142 106 36 36 142 72 142 105 95 141 143 85 79 75 149 36 32 113 103 55 102 81 63 
