32 32 46 107 126 11 53 156 143 62 62 62 62 62 62 62 153 15 153 153 115 145 62 30 34 62 62 62 34 18 34 62 62 62 34 41 75 7 115 115 62 75 41 62 41 62 66 41 34 62 62 62 62 62 62 
62 62 62 50 87 41 22 145 145 34 50 50 105 140 56 134 142 141 145 101 111 50 171 166 41 75 37 44 18 34 34 101 134 173 145 163 74 173 173 173 11 64 66 64 85 142 20 107 20 46 64 2 17 121 85 74 163 74 64 20 75 97 75 144 158 105 180 111 132 155 75 172 123 147 147 75 
139 71 101 111 6 175 62 173 104 134 33 145 144 114 114 148 47 148 41 93 34 62 34 151 41 41 62 41 34 62 62 62 34 41 75 7 75 41 38 41 41 140 87 21 20 41 134 62 56 62 142 30 171 50 145 167 145 144 62 103 1 124 97 152 34 171 111 145 130 124 62 116 102 65 111 167 30 75 75 56 145 111 140 130 115 41 34 153 15 58 62 4 66 173 30 32 142 141 142 142 116 82 
84 11 156 84 125 20 113 66 126 115 80 84 126 85 134 134 21 142 20 66 62 74 134 115 41 34 62 62 62 62 62 62 62 90 66 128 10 41 58 41 41 4 90 75 41 34 62 62 62 62 
62 34 56 105 151 62 41 34 62 62 62 34 41 62 10 37 34 62 62 34 9 151 38 41 41 140 130 115 41 34 34 41 62 10 41 4 41 93 62 4 37 171 62 62 62 62 62 62 62 62 50 10 66 153 34 56 111 115 62 62 66 2 92 153 153 115 87 50 62 62 173 173 173 173 173 153 74 74 15 153 173 153 4 115 66 85 11 153 64 92 85 113 4 75 173 92 
173 10 62 75 103 124 124 145 87 125 20 87 62 145 50 62 62 34 151 41 41 62 41 34 62 34 151 75 75 75 4 7 62 66 62 62 34 7 4 41 37 34 62 62 34 41 62 41 41 37 50 11 66 56 171 50 130 30 75 173 173 173 41 75 75 41 75 87 50 62 62 62 62 
34 41 75 22 18 34 62 62 62 50 167 103 103 142 134 101 134 134 74 173 
173 173 173 11 17 107 64 21 143 46 74 163 115 89 115 113 52 107 99 89 113 142 134 115 143 103 20 66 66 66 2 128 62 34 151 75 75 151 38 37 37 34 34 56 105 151 66 62 41 62 41 34 62 62 62 62 34 151 62 66 41 41 124 145 75 167 134 75 50 171 172 145 152 151 66 41 180 171 153 74 145 34 173 173 173 34 7 58 173 37 41 4 173 173 173 173 173 173 173 173 173 173 173 173 173 11 53 11 20 90 15 42 107 17 134 11 110 58 85 85 115 142 137 115 115 166 171 62 62 62 62 62 153 176 92 46 111 97 103 
62 111 159 45 90 87 134 41 50 50 37 75 62 75 151 62 58 62 
7 34 62 62 50 86 41 35 97 87 50 50 100 30 71 152 159 103 173 50 159 111 66 52 176 11 173 171 101 134 142 173 74 64 74 112 113 17 53 107 92 2 112 74 4 82 84 11 113 74 75 66 83 145 134 62 87 56 34 62 88 100 47 172 171 87 111 21 172 65 56 38 18 34 34 22 75 41 34 88 117 130 172 62 87 130 144 41 105 87 171 173 38 105 1 151 30 134 115 41 34 173 173 62 62 62 34 7 58 153 62 
62 62 87 101 32 113 173 173 173 11 115 20 17 66 17 82 121 113 64 92 112 48 17 11 89 85 125 11 93 90 34 66 41 34 62 62 34 18 34 34 151 75 75 151 62 115 87 62 21 145 34 62 153 74 145 34 34 172 145 1 41 159 141 175 172 172 171 50 117 141 101 171 171 103 155 62 41 66 62 7 62 62 62 
173 173 173 173 173 173 11 77 84 126 64 107 137 170 64 113 113 89 126 126 126 152 10 62 71 101 141 141 141 101 20 11 62 153 24 115 62 75 30 134 62 56 87 129 86 38 41 62 41 75 62 75 41 62 62 4 96 4 37 56 173 56 1 100 90 
111 145 166 71 173 34 37 1 105 38 173 173 153 92 51 85 111 142 142 175 175 32 32 94 155 116 141 134 74 85 161 115 48 82 84 137 115 17 137 17 92 85 85 21 130 50 173 48 66 88 119 177 175 30 103 101 171 171 171 87 93 37 145 50 60 87 114 111 103 130 62 130 
50 62 50 56 111 152 41 152 97 180 157 97 119 87 97 177 30 167 114 75 30 100 144 141 173 30 144 171 173 173 173 34 41 75 22 18 34 62 62 173 171 141 116 32 175 167 32 46 74 85 126 66 4 48 85 66 115 107 127 85 113 85 107 20 46 66 75 10 172 
172 41 41 50 139 87 168 154 65 157 97 119 105 75 139 171 50 166 86 111 147 167 71 172 111 123 177 111 102 177 102 35 56 130 167 30 97 103 101 102 50 30 102 157 101 144 75 101 35 
103 113 48 48 131 85 116 116 116 173 94 46 116 32 134 20 126 42 64 107 11 125 46 84 17 66 66 17 107 11 142 41 142 167 71 173 173 173 173 173 173 34 172 130 
75 97 167 157 71 157 117 100 47 158 1 87 75 75 145 152 130 134 66 14 176 11 50 93 41 105 97 87 56 144 97 114 157 50 75 139 87 75 30 
147 50 173 173 173 171 103 134 134 173 173 173 46 125 125 121 125 84 17 89 42 121 107 17 85 74 113 62 62 50 167 71 179 167 103 144 139 117 75 139 10 168 105 41 111 74 27 62 151 140 56 101 35 87 139 168 87 
177 1 87 50 71 97 157 30 152 20 134 142 41 34 153 58 7 34 62 50 62 143 62 30 32 94 173 142 104 173 173 32 11 20 32 120 53 137 89 21 134 84 17 21 99 52 173 74 107 75 173 34 83 152 103 10 38 151 41 
124 93 172 50 129 47 102 111 171 103 103 144 157 147 35 71 157 148 47 177 30 157 103 167 159 102 71 41 41 128 26 20 173 32 116 116 116 116 173 46 134 125 121 66 84 113 89 49 156 11 107 46 142 128 85 11 62 62 
62 62 62 171 87 145 3 115 71 175 71 130 97 171 171 168 117 75 111 50 50 35 93 124 62 145 130 173 34 56 124 140 93 101 30 87 41 105 130 1 71 71 1 87 30 103 50 144 173 134 96 173 71 141 32 134 173 173 173 142 143 143 121 115 163 126 84 107 110 128 11 74 115 125 85 
173 171 180 105 147 101 167 177 157 87 47 93 172 87 168 100 103 62 75 14 15 153 34 56 124 75 41 90 100 47 41 71 167 71 157 130 35 159 177 175 101 171 171 62 71 76 136 
180 87 101 155 175 173 32 32 155 142 46 134 21 107 17 113 66 91 153 84 107 46 17 115 32 50 95 117 47 172 171 90 123 41 78 100 144 30 103 1 50 124 111 111 180 102 144 50 35 139 147 175 101 87 145 75 75 90 14 131 173 103 104 173 46 32 134 85 74 115 134 143 107 137 66 64 17 85 74 74 84 134 74 126 62 62 62 62 62 62 62 62 62 153 15 52 128 145 71 141 155 103 139 1 87 97 105 65 87 168 50 97 87 50 173 111 50 173 173 171 87 41 1 157 75 87 114 10 171 167 87 97 35 97 71 145 103 
75 173 173 173 173 171 141 155 137 46 137 125 125 137 137 17 84 92 64 42 163 21 137 103 124 97 103 145 171 157 167 157 47 100 41 168 179 117 56 115 173 66 27 11 50 56 75 100 47 75 158 168 159 102 103 157 158 114 102 103 71 97 30 175 71 87 75 136 57 171 167 175 173 94 173 173 134 155 173 134 134 143 21 84 113 101 53 146 11 85 11 99 107 163 11 48 124 145 172 171 62 34 151 140 60 60 140 152 97 87 1 139 102 157 97 171 111 147 114 1 
124 124 71 177 144 71 75 114 103 173 75 4 4 3 113 167 142 46 104 155 137 107 20 46 115 46 
46 137 115 120 146 48 156 137 113 142 46 167 141 175 107 42 167 167 103 148 124 147 87 95 71 74 39 113 152 130 35 93 114 
71 1 97 167 173 146 155 20 46 115 163 21 143 142 110 52 134 94 1 180 144 157 111 167 177 157 87 114 97 117 1 62 50 37 41 151 34 62 62 34 151 140 166 171 62 1 100 93 1 177 102 130 167 101 145 157 175 30 30 167 50 86 88 129 60 87 1 94 155 155 32 143 104 155 46 142 137 66 115 74 11 85 107 80 11 134 142 143 137 56 73 102 1 154 123 57 114 87 130 177 35 102 103 30 114 50 103 111 145 141 20 67 115 20 134 32 74 137 134 46 11 162 84 
142 46 62 62 62 62 173 52 98 107 155 177 103 94 144 1 71 180 65 65 87 87 10 152 35 130 130 172 44 44 50 50 56 75 117 144 141 103 139 119 35 30 144 102 167 171 56 75 111 142 142 75 173 34 173 155 32 104 94 74 143 125 125 134 17 115 163 4 126 17 121 11 115 163 49 142 114 147 30 180 124 144 117 60 87 61 129 
114 147 56 105 159 114 75 102 147 103 173 167 171 122 21 155 116 155 104 134 143 125 128 121 42 17 20 21 50 60 93 111 30 180 60 65 60 95 65 75 144 71 97 177 35 87 1 103 177 158 1 105 103 103 159 167 71 87 75 1 65 38 173 173 173 173 173 173 32 134 126 126 163 143 46 107 121 113 170 89 137 107 84 134 62 134 30 171 62 
62 62 62 153 55 11 142 124 167 30 139 71 71 158 47 114 145 124 180 114 172 157 71 172 173 145 50 173 173 173 173 50 93 87 1 145 124 87 87 41 172 157 71 157 1 130 159 47 173 103 87 34 173 173 50 94 155 173 111 21 20 20 125 74 17 11 42 42 53 53 156 53 116 142 85 21 102 30 157 145 139 
41 41 93 1 117 41 50 173 173 173 71 114 180 180 56 154 56 102 71 147 1 75 171 175 141 71 171 62 62 71 103 173 104 173 155 32 142 163 115 84 143 115 92 128 107 11 85 115 113 86 50 34 166 100 129 50 171 166 140 151 38 10 152 100 180 101 97 111 167 158 180 1 
144 167 103 1 50 114 145 167 71 144 167 175 167 159 129 1 50 172 173 173 34 18 22 151 97 157 177 134 134 173 173 142 121 143 163 163 125 17 137 99 51 107 11 125 137 17 84 62 62 62 62 171 177 32 153 62 151 152 103 151 50 50 18 75 62 62 41 34 34 151 75 62 115 
115 7 115 3 41 152 103 151 50 62 62 88 117 130 95 151 152 114 56 128 112 96 131 62 111 32 116 116 141 175 32 155 175 173 52 77 107 113 48 64 85 11 66 173 64 52 173 173 173 171 65 159 111 102 71 30 71 117 159 147 56 168 97 124 173 31 85 30 73 130 102 168 
179 50 157 1 139 102 97 102 30 101 141 71 171 173 94 50 173 173 74 163 142 173 173 173 173 142 32 116 46 143 163 115 137 113 31 161 42 107 66 
115 134 85 11 145 167 177 87 86 37 38 83 93 50 50 62 50 151 103 41 100 97 172 129 114 102 157 30 102 71 144 56 1 41 177 50 97 101 93 41 173 173 115 3 115 56 171 173 101 141 141 144 20 11 
74 161 89 126 85 48 131 52 107 126 66 4 62 126 62 10 66 52 64 131 4 62 66 115 62 62 62 62 62 62 62 75 41 66 75 172 50 62 50 166 37 75 30 62 166 97 167 87 124 75 62 75 75 58 41 10 62 62 41 34 34 151 41 124 145 75 159 
71 171 30 101 87 103 111 75 152 124 147 93 71 173 71 172 111 152 41 152 142 66 173 58 15 48 34 32 32 173 101 101 116 173 155 113 48 4 110 163 126 92 113 82 17 107 170 11 112 62 104 97 159 95 93 114 129 50 34 151 75 62 62 75 151 62 66 41 34 173 173 34 151 75 75 124 93 50 173 50 87 
136 87 93 166 103 97 35 35 97 103 111 171 50 62 62 62 62 62 34 83 150 172 101 180 144 94 173 141 116 104 104 143 66 107 46 128 173 131 107 103 66 64 48 48 26 20 142 134 74 151 38 18 22 41 172 60 140 41 173 41 34 34 151 41 37 50 50 129 114 103 111 102 101 142 50 171 
62 167 124 90 103 71 97 111 50 171 171 141 101 145 35 1 1 1 124 171 71 50 147 94 105 144 175 74 173 75 14 176 11 71 101 142 173 104 142 46 125 85 121 121 11 74 58 64 121 11 21 48 145 21 11 62 153 66 115 14 52 66 66 112 113 130 124 75 62 62 71 105 38 34 22 41 87 50 
62 50 93 62 21 30 115 62 151 36 7 75 41 34 34 22 41 30 145 171 157 87 30 111 111 111 41 151 111 177 87 166 41 75 102 50 172 173 153 15 15 134 142 142 145 113 173 177 125 46 173 74 64 
115 11 146 77 115 142 131 64 85 82 107 103 101 102 167 167 75 75 105 41 93 50 62 34 41 41 75 173 173 173 173 4 41 151 145 144 171 171 97 35 41 151 75 87 50 172 1 145 71 1 97 173 103 30 167 144 71 74 15 173 58 15 134 141 46 116 173 173 116 
116 116 134 20 20 84 89 84 113 84 21 77 17 53 66 134 113 107 153 173 173 173 173 38 90 129 86 41 93 87 114 47 1 71 41 144 144 71 71 180 105 75 62 75 71 147 87 175 101 1 177 141 144 100 167 
101 65 144 78 167 103 172 104 101 75 142 113 31 64 107 167 173 115 32 173 173 155 74 173 134 64 115 128 128 11 17 137 53 91 17 153 125 62 62 1 75 142 55 4 74 175 147 30 71 37 93 117 87 71 50 50 
65 41 145 128 3 153 34 37 86 171 103 102 179 179 145 114 139 175 145 152 115 58 176 107 173 141 173 94 142 107 108 156 113 161 99 110 4 113 1 103 155 30 71 141 111 111 155 111 87 129 71 101 140 172 50 62 95 
87 71 62 111 103 75 62 34 41 75 22 134 62 172 171 62 172 50 102 90 100 71 87 157 71 144 1 167 167 93 62 30 101 167 62 4 3 4 46 116 111 155 116 134 155 142 85 163 66 85 74 64 107 115 96 42 
11 107 137 50 44 145 56 7 37 88 105 114 100 147 87 144 103 177 144 141 177 105 47 171 144 124 145 159 157 75 100 71 144 114 124 62 126 19 163 163 116 141 101 32 32 74 84 113 98 161 137 17 17 176 64 11 62 
34 41 128 39 53 74 46 71 157 97 56 50 171 136 117 35 1 168 75 71 115 66 10 10 173 173 34 151 75 41 129 71 71 159 10 50 71 1 168 130 103 71 87 145 96 71 101 142 173 167 143 137 
137 108 17 84 64 85 64 89 89 156 20 65 103 101 111 167 87 47 114 117 50 100 75 75 15 92 115 140 129 71 71 56 37 1 103 114 144 157 139 142 94 75 145 130 50 173 173 173 167 
175 94 142 155 173 116 137 169 113 115 89 85 165 66 113 28 83 152 145 60 50 56 140 145 37 83 41 37 50 171 41 105 114 101 175 97 157 158 158 35 75 114 157 103 71 159 97 97 75 103 
101 159 103 141 87 41 1 152 75 173 173 173 173 173 173 173 173 173 173 173 46 134 163 58 42 89 134 163 170 4 107 174 126 101 141 111 74 11 11 176 52 163 134 142 103 56 50 171 45 129 167 158 114 75 152 41 41 
173 173 66 3 66 173 41 75 41 60 157 111 100 140 105 168 30 147 117 167 171 180 113 43 173 147 116 32 94 155 125 116 143 49 107 113 113 120 42 82 77 11 74 163 90 114 102 30 30 103 101 97 1 158 47 154 144 111 
34 105 130 56 134 66 15 64 173 41 115 111 93 50 167 180 95 130 30 180 114 101 103 75 71 167 139 71 177 50 173 173 11 
176 26 74 71 103 104 32 142 173 116 66 126 89 82 126 107 64 31 53 113 113 66 153 4 24 90 34 173 34 37 37 38 83 105 129 90 87 144 
71 35 158 71 157 124 139 102 167 75 71 177 130 171 157 124 152 111 41 173 27 11 173 173 173 116 163 107 46 137 84 82 85 64 109 107 126 62 62 62 62 62 62 62 62 62 62 62 41 62 62 41 75 142 20 62 151 34 34 37 83 50 62 62 172 93 62 66 7 115 66 3 153 62 34 22 41 56 171 50 151 
145 140 87 62 87 168 75 103 152 41 41 62 128 26 113 62 167 101 116 173 20 46 11 176 2 126 30 172 38 37 83 50 172 123 47 93 179 41 87 102 144 139 71 171 90 123 87 171 50 37 173 66 173 4 64 142 145 172 171 171 166 140 105 168 168 60 102 101 175 103 111 134 134 66 58 3 17 46 155 155 32 32 116 74 125 74 99 52 107 126 51 161 85 42 71 117 10 145 158 23 160 93 75 
124 87 75 144 180 87 111 1 159 102 75 47 144 112 25 134 94 147 104 127 153 173 168 119 117 119 100 129 10 62 62 62 62 153 15 52 128 111 130 62 56 73 105 93 50 171 166 41 62 75 151 34 62 34 56 
93 1 50 172 50 129 117 87 101 158 114 41 157 157 115 173 41 173 173 173 71 103 104 104 101 46 126 108 53 137 113 121 20 173 11 42 42 146 64 156 48 137 87 130 37 38 10 50 157 103 101 69 149 56 56 152 87 111 58 107 87 172 114 172 124 148 41 71 71 144 177 116 62 34 50 111 20 11 62 171 94 62 62 62 175 46 49 58 58 
87 95 60 1 154 172 60 10 177 34 18 88 123 41 87 171 45 45 87 41 56 147 102 102 171 158 152 117 65 157 171 134 11 153 39 104 104 20 32 155 32 20 4 146 98 66 46 46 66 77 62 62 62 85 92 85 62 74 11 62 159 172 44 34 62 171 
166 75 126 107 52 66 62 75 166 103 167 57 105 129 166 75 114 103 66 92 131 64 163 32 32 155 104 142 126 42 66 110 17 137 82 48 77 38 93 111 177 111 145 97 56 172 136 65 171 62 34 41 66 153 153 115 87 50 62 62 171 90 65 129 60 111 30 1 124 62 20 145 130 62 62 66 125 32 101 142 
32 155 134 134 11 128 84 31 17 113 113 77 107 74 38 136 87 50 34 18 34 62 87 172 117 95 37 140 129 71 71 157 159 114 157 50 177 71 90 140 105 65 111 116 173 144 21 26 20 137 142 116 143 104 143 115 85 58 126 11 85 74 53 58 171 35 32 62 125 39 2 163 62 103 62 103 166 60 90 87 93 
166 97 103 66 77 62 10 145 144 171 171 168 117 117 148 157 103 173 142 53 49 161 84 155 155 134 20 142 46 4 4 48 66 99 66 91 110 74 173 50 69 56 175 101 144 114 87 97 65 41 168 151 41 41 75 14 52 58 90 41 145 152 114 159 83 172 71 114 114 103 141 30 75 
142 156 109 66 46 173 173 173 104 142 143 142 115 161 64 107 99 84 89 85 84 48 93 88 136 168 78 114 93 95 172 90 45 47 114 124 167 30 102 71 56 100 50 158 159 134 153 153 77 17 134 142 155 155 74 126 4 122 32 32 
74 11 55 62 62 62 62 62 153 15 2 126 155 62 62 142 71 90 22 50 114 87 30 124 10 14 52 14 75 75 75 10 87 97 114 154 123 159 145 47 173 62 145 58 58 48 141 
32 32 155 142 116 163 4 66 64 121 74 107 48 66 146 173 87 117 111 111 100 50 87 149 87 50 166 115 153 62 153 128 152 87 141 103 129 114 114 179 180 114 50 103 173 103 139 173 4 173 173 173 173 173 173 173 173 173 173 142 142 142 85 89 170 121 113 107 85 110 52 14 87 172 7 129 87 41 180 
117 168 69 47 35 1 30 157 41 114 75 103 30 117 172 171 173 30 103 125 110 143 137 163 163 134 142 85 64 48 11 107 82 85 64 53 62 62 62 62 52 31 107 126 62 145 93 172 37 41 37 50 172 50 101 115 90 14 64 115 75 37 173 20 159 83 41 124 136 
1 111 167 101 173 26 161 74 175 142 116 104 116 125 20 107 52 49 20 134 85 146 146 11 158 71 75 97 50 87 62 87 60 172 30 50 60 62 107 153 153 128 152 87 171 173 171 45 73 130 30 103 101 30 167 21 4 110 58 137 116 141 104 32 155 116 46 11 120 128 49 21 163 
53 107 11 74 111 152 172 172 136 65 50 50 180 168 154 100 1 41 145 102 158 157 145 71 159 56 177 102 134 115 137 84 74 173 142 11 107 42 66 113 107 20 107 165 128 101 115 64 108 153 11 101 103 103 50 87 90 123 50 172 130 173 74 52 115 74 152 75 71 
34 172 158 158 103 103 142 11 53 49 142 134 104 32 126 126 121 85 46 113 42 170 82 173 56 50 71 111 75 124 41 154 50 41 168 105 173 66 173 4 4 75 173 175 144 38 86 45 65 124 101 101 71 167 134 121 58 84 20 104 116 32 142 134 163 49 120 11 66 53 31 17 113 38 37 83 172 65 
47 87 60 60 144 50 124 35 75 177 177 129 93 139 114 147 142 113 161 53 134 175 116 142 74 143 126 96 107 21 17 133 62 62 62 153 176 11 62 62 62 171 90 60 87 171 144 30 62 107 131 75 56 101 35 171 171 117 45 168 56 177 101 71 66 52 153 77 113 104 32 46 142 143 113 143 156 51 121 17 17 120 82 100 47 147 71 111 102 157 65 
100 93 95 50 152 128 52 134 144 171 167 159 160 114 139 144 177 177 145 141 94 56 64 51 48 173 32 32 173 32 142 142 163 11 84 49 84 11 82 53 121 48 38 7 34 65 148 168 168 117 41 117 159 144 1 35 175 167 60 154 168 87 50 97 152 62 4 80 
