39 48 32 32 48 1 3 45 50 39 40 39 63 63 1 26 26 26 26 16 29 50 10 10 10 8 8 15 59 67 69 55 27 39 53 16 40 27 15 10 26 67 7 56 15 10 47 65 37 
40 46 63 26 26 26 26 26 48 16 50 45 50 60 32 32 39 50 40 27 8 10 37 65 8 69 8 66 10 15 15 65 39 3 3 47 66 65 65 10 8 41 8 67 47 37 37 65 65 37 26 10 26 58 26 26 15 
48 48 26 26 26 26 26 1 1 60 50 16 39 1 40 50 50 40 1 54 55 67 59 27 67 26 69 69 55 8 27 8 69 65 65 8 55 65 65 47 65 10 69 65 65 55 47 26 26 39 53 39 48 32 48 26 26 48 1 61 16 40 63 39 39 30 16 60 39 65 65 26 1 16 61 3 45 65 65 65 69 7 7 15 10 47 47 47 47 39 50 3 50 40 
26 66 15 65 47 69 8 7 69 10 37 37 65 40 61 16 48 37 26 26 48 1 48 1 60 40 45 1 16 39 16 3 39 69 47 65 47 47 10 8 67 8 
8 69 59 65 60 3 26 16 53 47 55 67 8 47 27 59 8 27 65 65 10 47 10 26 11 26 53 58 16 1 26 65 39 26 26 26 26 26 48 40 50 16 40 16 39 16 40 16 52 42 7 55 67 15 55 10 47 37 65 55 10 55 26 50 39 48 48 32 39 45 40 39 61 
48 39 16 61 39 26 65 56 6 66 8 10 37 60 3 60 37 10 37 10 7 55 8 37 26 32 17 1 26 26 26 48 1 50 16 1 16 45 50 16 39 47 10 65 47 66 47 55 26 39 39 26 
47 55 15 15 10 65 37 26 65 57 16 48 26 26 48 40 50 
16 39 60 3 60 22 8 41 56 27 67 69 67 47 10 47 65 65 27 27 65 48 39 46 1 32 48 48 39 3 45 32 40 16 39 39 48 50 16 26 37 47 41 10 55 10 1 50 45 47 10 10 56 8 10 10 65 40 53 48 26 48 26 32 50 50 39 16 63 15 15 10 10 55 47 27 10 10 67 47 61 40 55 27 55 27 22 8 47 65 65 37 26 58 1 26 26 26 48 48 60 60 3 1 1 61 16 15 22 22 15 26 15 38 
59 47 55 10 10 47 10 55 10 10 10 65 10 10 65 65 56 
65 37 65 10 10 65 48 65 67 48 57 1 26 65 37 26 26 27 47 26 55 69 8 55 66 55 8 10 8 27 55 66 8 8 8 27 55 26 26 55 66 40 16 26 26 50 47 47 47 66 10 10 55 15 7 27 66 10 10 55 55 67 66 55 27 15 15 44 14 47 7 47 10 69 55 10 69 66 27 62 10 10 42 53 52 3 
1 26 10 37 48 54 19 19 15 55 67 7 55 55 56 41 59 67 27 39 39 8 27 47 47 55 55 67 66 10 47 69 55 55 27 15 15 26 26 16 29 3 40 44 48 26 7 10 37 67 38 47 8 38 55 47 27 65 65 26 26 26 26 26 26 55 8 39 16 26 26 55 
37 26 26 37 26 26 26 37 65 32 60 16 26 42 15 26 67 7 65 65 10 55 8 7 7 55 55 67 66 47 7 15 26 26 15 22 22 15 26 15 42 26 42 26 40 66 55 26 26 26 15 7 26 39 44 26 40 26 26 66 
55 26 15 47 39 26 22 26 40 66 66 26 27 15 26 26 15 7 47 47 47 50 7 39 5 16 26 26 26 55 10 1 26 10 32 39 26 55 66 40 3 11 16 26 26 26 26 26 26 26 26 26 15 42 26 42 15 26 15 7 27 7 62 10 65 66 27 8 47 
26 26 26 26 26 16 40 27 15 26 26 26 26 27 27 7 26 40 27 15 15 22 22 15 15 22 27 50 7 47 39 58 53 26 39 47 22 15 15 7 26 47 41 55 26 15 42 26 7 47 27 26 50 5 16 26 26 26 26 26 26 26 26 26 26 
26 26 26 26 16 11 3 40 27 15 26 15 22 22 15 26 15 7 27 7 15 26 15 22 27 50 7 47 27 26 26 15 42 50 27 66 26 27 15 26 26 26 15 22 
22 15 26 15 7 47 39 50 16 16 53 42 15 15 7 27 7 15 15 42 26 7 47 26 26 27 15 26 26 26 26 26 26 
26 26 26 26 26 26 15 10 48 48 37 65 39 39 26 26 26 26 26 26 26 16 11 16 26 26 16 40 27 15 15 7 27 7 15 
26 26 15 7 47 47 7 15 15 7 47 47 7 26 1 10 26 40 27 15 55 15 22 22 62 41 69 8 15 47 10 59 56 47 65 10 37 37 47 10 55 8 59 55 26 37 47 48 48 26 26 26 26 
26 48 26 26 32 32 16 70 16 32 1 39 40 11 60 39 37 37 26 26 26 26 26 8 37 37 55 10 10 7 38 66 47 10 27 39 53 50 8 55 37 65 47 47 55 
59 47 47 15 47 10 47 26 10 31 42 65 26 37 37 26 48 48 39 16 50 39 40 39 1 40 46 40 63 40 15 55 65 10 10 55 27 27 27 7 8 47 47 47 26 27 2 38 
67 65 69 7 10 8 62 10 55 55 10 10 37 37 37 65 26 26 26 26 26 26 26 26 48 48 63 3 40 40 39 32 3 3 60 39 39 40 27 15 26 26 15 44 47 27 15 15 19 47 10 55 26 55 67 27 47 27 26 27 15 26 10 8 27 48 37 27 65 26 26 65 47 
10 67 67 37 37 47 48 26 55 55 65 48 8 8 10 47 47 47 47 27 40 5 16 1 48 48 26 26 48 48 1 1 60 45 40 45 40 32 48 1 40 39 50 16 39 48 
10 26 1 10 10 26 39 16 40 5 39 26 26 26 47 55 10 26 67 67 27 42 47 66 67 67 27 47 27 26 39 58 58 39 26 27 47 47 27 47 8 55 62 47 47 27 65 27 67 47 65 37 47 7 26 26 26 65 65 32 26 26 48 32 50 1 39 40 11 26 16 45 60 16 3 7 47 39 37 47 10 65 37 26 65 10 26 10 10 26 55 66 47 44 62 7 27 
65 65 26 26 26 27 26 11 58 39 26 66 66 26 27 15 15 69 66 27 47 47 65 8 27 48 48 38 65 48 47 47 47 15 26 16 5 50 26 27 16 48 26 10 48 32 48 26 26 26 26 39 16 39 45 53 39 48 32 39 40 40 39 16 40 40 39 10 47 15 56 55 59 41 8 10 8 55 8 8 65 66 56 47 65 65 37 65 10 10 27 27 67 47 26 26 10 66 
24 16 60 48 26 32 26 65 48 40 60 39 16 60 39 39 50 60 60 40 16 16 
26 26 26 26 26 16 5 40 48 65 55 67 37 55 8 66 22 65 10 27 55 47 47 55 55 26 26 15 47 26 37 69 56 67 22 10 55 8 26 65 15 55 47 53 52 61 39 10 37 48 26 37 48 1 1 50 60 60 39 1 60 16 39 40 16 50 10 10 10 47 65 37 8 69 27 22 47 10 8 55 27 67 26 15 19 51 10 37 55 8 7 8 55 8 47 47 8 47 65 10 47 10 10 65 
37 26 37 65 37 44 26 26 26 26 26 26 26 48 32 1 32 60 40 39 60 40 40 32 39 63 60 39 26 55 41 66 47 65 27 22 26 66 22 15 26 55 69 27 55 26 55 8 8 65 10 8 65 26 65 10 65 10 69 37 65 65 48 10 27 55 47 10 55 67 37 37 41 26 29 53 32 26 26 26 26 37 37 26 40 61 3 16 39 8 59 69 47 
27 55 22 69 69 59 65 10 10 26 26 26 26 65 47 39 28 40 39 26 26 47 67 47 10 19 10 10 15 10 69 69 65 65 27 26 45 5 16 15 27 26 27 27 55 37 10 8 55 66 67 8 37 10 59 47 10 26 1 23 16 26 26 32 26 65 48 26 66 24 3 48 10 65 26 26 8 41 
69 62 41 67 8 47 65 65 69 26 15 7 26 37 55 10 26 65 55 55 55 55 56 27 8 10 8 7 27 27 47 65 8 26 5 40 26 26 27 47 47 7 37 47 41 26 7 8 66 10 65 8 10 65 10 8 37 65 26 50 26 26 15 37 26 26 37 26 48 26 26 3 11 16 26 26 26 47 27 55 67 15 15 6 
65 37 55 47 47 26 15 22 22 37 55 67 65 41 15 55 15 7 7 10 10 67 55 47 55 65 65 56 65 26 37 27 55 27 55 65 10 27 47 55 8 50 26 58 45 1 48 26 26 26 37 1 1 63 61 26 26 10 47 47 55 41 69 55 
59 59 55 59 55 10 65 37 26 65 37 1 39 15 47 24 16 16 1 47 67 47 26 8 27 26 27 67 67 69 27 56 8 10 26 26 26 26 26 26 26 55 67 47 32 67 10 26 66 10 37 62 8 10 47 37 37 37 65 
47 10 16 28 39 10 26 26 26 37 37 27 40 28 1 26 48 48 65 7 55 66 62 55 34 47 10 47 37 26 65 62 15 27 65 37 37 65 37 26 47 47 8 10 55 7 55 55 67 66 8 10 48 48 26 39 18 50 26 27 65 
39 66 66 27 47 10 15 7 22 55 37 47 65 37 47 10 37 26 8 47 10 26 16 11 60 39 65 37 26 26 26 48 26 27 16 23 
26 10 65 10 10 55 7 47 7 66 55 10 65 8 47 26 15 22 22 65 37 55 15 22 22 62 41 8 10 55 10 26 37 55 56 47 37 10 47 65 8 10 65 69 8 47 65 26 47 65 65 10 39 52 30 40 
48 26 26 26 26 26 26 16 61 50 40 65 37 65 47 62 55 65 44 7 22 65 37 10 10 65 26 26 26 26 26 26 39 30 50 60 48 47 10 55 7 27 47 41 8 47 15 67 37 48 47 15 26 26 26 55 55 27 47 10 65 10 69 59 27 8 55 37 37 47 
10 47 69 36 15 65 26 26 26 26 26 1 53 52 16 26 37 55 69 8 7 55 27 44 66 47 10 37 37 69 27 10 10 65 26 37 55 47 8 27 55 66 55 67 27 10 65 39 47 7 26 11 58 39 26 27 47 65 10 15 55 55 
38 66 47 47 10 65 37 65 37 37 8 65 26 55 41 43 47 26 26 48 26 26 37 26 39 16 57 39 65 55 65 10 55 69 15 59 66 47 47 37 65 62 27 8 59 55 7 22 22 67 10 47 10 55 55 65 10 65 55 55 10 27 47 37 37 27 39 28 39 26 26 26 26 26 39 9 3 26 55 
8 66 66 59 66 27 69 8 47 26 26 26 26 26 39 28 40 26 65 27 56 55 55 66 67 55 47 26 65 26 55 67 27 27 55 47 55 55 66 69 65 55 47 10 65 21 26 26 26 26 26 26 26 40 53 65 47 8 59 55 59 59 27 8 65 10 10 56 65 65 47 10 8 67 
55 69 8 47 8 47 55 55 26 26 26 55 66 55 47 27 10 8 22 47 55 47 37 65 10 65 10 10 10 44 26 26 26 26 26 26 37 26 70 26 10 10 8 27 8 7 7 8 10 47 56 27 
6 65 10 7 66 6 67 47 55 8 10 47 47 10 65 47 69 10 47 47 65 47 65 26 37 3 58 48 26 26 26 26 26 26 26 26 39 18 26 8 10 22 41 7 8 66 59 10 55 8 26 26 26 1 53 3 26 26 26 15 56 67 27 22 8 47 67 26 
26 55 69 27 69 55 27 27 56 55 65 37 65 26 24 32 26 26 26 26 1 29 32 47 8 15 59 59 67 15 55 27 26 65 47 47 15 47 56 15 69 65 60 46 3 15 27 10 27 15 67 7 47 
37 10 10 37 10 69 42 19 37 26 26 26 26 1 53 53 32 26 47 66 55 7 27 10 55 47 15 15 7 27 22 55 26 15 22 66 26 27 
62 22 66 26 65 55 55 55 47 65 10 10 8 65 37 47 10 37 26 55 55 59 10 37 7 47 65 37 48 47 40 52 3 32 1 48 26 26 26 26 26 
39 5 39 40 47 47 27 62 8 8 42 41 8 69 65 26 26 26 26 26 26 39 9 16 16 65 27 8 10 15 7 67 55 55 67 66 27 26 26 26 27 26 11 11 26 27 39 10 10 10 
55 27 65 37 10 67 8 27 67 37 65 8 55 10 65 47 27 42 14 55 26 37 26 26 26 37 26 48 26 39 18 40 27 66 15 10 55 6 55 56 7 
8 66 67 47 10 67 15 10 37 37 10 37 48 55 59 10 47 7 47 15 67 27 27 10 48 10 26 45 5 26 27 39 48 65 22 47 10 69 55 15 7 27 8 
8 55 37 37 47 10 65 10 37 48 65 55 15 2 41 10 37 26 26 26 26 26 37 48 40 18 39 47 8 55 26 10 59 69 22 41 8 10 37 37 10 55 
55 26 15 19 15 62 66 65 65 47 47 47 8 55 27 10 37 65 10 8 37 10 66 10 65 65 69 55 26 40 26 42 53 11 39 1 26 
26 26 32 26 26 16 5 26 27 47 27 10 55 38 8 69 67 6 67 26 65 8 37 65 10 10 32 39 26 16 5 48 37 27 55 55 59 56 27 15 26 
55 6 47 65 55 10 26 26 26 16 26 67 27 47 10 47 69 7 15 8 8 47 37 37 26 26 7 26 26 48 48 37 37 48 32 16 24 39 47 27 10 65 56 56 8 59 15 6 10 10 
65 65 27 48 48 55 8 26 37 67 10 8 27 8 27 7 55 55 69 47 26 10 15 26 
26 26 26 26 7 47 65 10 27 22 56 8 8 55 37 37 55 65 65 8 26 40 16 9 39 26 37 26 26 26 39 
1 63 45 32 47 10 8 15 37 66 66 47 8 55 65 55 22 7 48 26 27 67 8 47 66 22 15 42 27 10 27 10 10 55 47 10 10 65 55 10 65 27 55 27 67 37 26 10 10 65 26 1 3 11 39 1 32 26 26 26 
26 26 26 26 3 23 1 37 10 67 26 59 69 47 15 38 8 10 10 65 10 55 55 65 65 48 39 26 26 16 11 52 32 65 69 8 47 7 66 67 67 27 55 47 47 67 26 16 26 26 26 27 62 66 37 65 47 27 55 55 22 55 55 55 47 47 37 37 55 27 47 58 29 39 26 26 37 37 26 26 26 3 50 5 27 37 37 55 69 22 55 66 62 27 10 47 8 65 62 
7 37 26 65 55 65 55 69 67 8 47 15 67 7 8 48 47 26 60 11 16 15 10 65 66 27 55 10 66 69 15 22 27 69 65 37 55 37 10 27 65 26 26 26 26 44 26 48 48 
26 26 37 37 65 1 3 11 3 60 37 47 10 7 8 27 15 59 59 26 10 55 10 15 38 10 47 62 26 55 41 22 62 7 27 65 47 10 65 8 55 55 27 26 37 47 47 8 10 10 10 27 10 37 8 65 37 27 50 40 5 40 48 26 48 26 37 26 39 26 16 24 1 26 65 67 15 22 47 15 7 
7 8 47 10 37 48 65 47 65 48 39 16 9 40 48 10 55 56 66 47 7 15 55 55 8 27 55 67 26 1 40 26 26 26 55 67 47 47 55 27 55 55 7 27 55 65 47 10 37 65 16 3 
29 26 26 48 26 26 39 3 53 60 26 10 47 27 66 69 69 22 47 47 47 37 65 10 65 10 10 26 10 22 27 10 67 41 55 55 26 48 8 26 50 5 26 37 26 66 56 10 26 15 56 8 67 47 47 55 37 65 65 26 37 69 55 39 61 3 32 32 26 26 37 26 48 
1 39 29 3 16 56 65 65 47 55 22 15 7 8 37 10 47 15 41 69 8 10 26 26 15 7 66 44 27 27 27 37 10 10 26 10 69 69 10 47 65 37 47 8 55 69 47 10 10 10 67 10 10 47 8 15 11 11 16 26 26 26 26 26 
26 26 26 16 24 39 40 47 47 47 42 66 8 69 59 69 55 55 65 55 27 26 26 26 26 26 26 26 26 26 16 24 26 48 37 55 55 55 15 22 26 27 15 55 67 66 10 47 67 26 26 26 15 2 7 15 55 67 47 37 27 8 26 10 69 8 
27 67 10 10 67 65 65 69 65 65 37 23 10 37 26 26 48 26 47 1 40 29 3 40 65 55 10 10 38 22 15 55 44 55 10 8 47 47 6 56 47 55 37 10 65 26 65 
8 8 65 65 22 8 69 56 66 55 47 26 60 47 15 26 26 15 66 37 65 47 47 22 37 10 6 66 27 37 67 10 65 10 65 65 37 47 65 26 10 69 42 19 22 65 26 26 26 26 26 
37 65 26 3 24 1 65 47 10 37 47 59 59 62 22 10 10 10 26 26 15 22 7 65 47 55 55 19 47 66 67 55 15 67 10 47 10 37 55 47 47 37 37 47 10 26 8 10 10 47 65 65 65 56 10 10 69 10 32 39 47 7 26 26 26 26 1 48 
37 10 26 26 16 11 53 27 8 65 55 6 27 47 8 69 66 56 69 69 7 65 65 55 26 26 26 26 26 26 26 39 29 52 40 66 47 37 62 10 10 44 47 47 65 10 62 27 27 55 26 10 47 26 26 26 15 7 26 26 
7 10 47 59 10 10 66 47 37 47 65 65 55 26 26 66 42 19 44 66 55 37 26 26 26 26 26 26 26 16 29 50 48 1 26 15 7 26 26 19 42 66 8 47 26 27 55 41 15 26 15 7 26 37 47 10 55 10 37 65 8 67 65 39 22 
10 47 62 26 55 38 47 32 26 7 26 40 26 26 26 26 15 7 26 40 66 7 65 47 67 15 41 10 10 67 10 37 37 37 10 10 37 8 37 37 55 10 26 26 39 26 37 10 65 26 26 26 26 40 61 3 39 32 26 65 8 22 8 
8 8 62 66 65 55 27 65 47 55 7 42 41 37 65 67 22 66 67 41 8 65 55 47 65 65 10 8 47 10 10 10 66 47 10 47 37 65 37 32 26 47 5 26 37 32 26 26 37 32 18 26 65 26 65 55 55 7 56 59 7 47 65 65 10 56 26 26 
26 26 26 26 26 39 23 16 26 7 65 27 65 37 22 59 55 15 55 65 66 26 26 26 15 47 48 66 8 47 69 47 8 66 10 65 10 27 39 57 1 26 26 37 26 26 48 26 16 53 7 8 26 15 38 15 59 41 8 67 67 26 10 37 37 37 65 8 26 55 42 10 27 
62 47 10 37 10 10 50 3 29 16 15 27 47 8 8 27 8 67 22 55 10 27 65 65 10 37 65 65 37 26 37 15 26 26 26 26 26 26 26 26 37 26 3 61 40 48 37 59 47 8 66 7 55 10 37 65 
42 15 16 11 16 15 22 22 15 15 7 66 27 27 59 8 55 10 47 59 47 10 47 47 65 10 67 10 65 10 69 47 10 47 32 18 39 26 26 26 26 26 1 50 46 39 8 65 55 15 67 8 22 67 8 10 10 
