122 138 141 88 141 4 9 115 160 140 93 84 80 137 98 58 80 80 80 154 24 99 52 29 160 98 129 1 158 80 80 34 87 57 122 42 99 106 43 132 28 36 36 93 36 36 151 77 99 105 152 108 104 27 111 67 67 71 124 6 122 
34 1 84 42 122 112 37 53 34 34 34 43 132 41 41 100 104 24 87 58 121 101 103 80 101 34 57 11 57 36 141 138 152 101 5 134 122 138 160 36 77 77 75 99 99 67 136 104 97 82 99 99 118 124 92 80 160 42 80 63 116 121 158 84 24 11 106 122 24 24 138 140 116 34 149 145 145 80 101 101 140 99 42 123 31 105 92 99 77 36 152 93 151 99 
111 152 67 19 45 6 41 132 115 157 137 160 160 160 160 160 160 160 160 160 160 41 59 90 47 101 43 160 160 101 11 42 137 160 160 12 53 149 87 80 42 134 43 160 122 85 12 160 160 160 160 160 160 160 80 51 77 93 115 116 51 137 160 160 80 84 1 53 149 42 36 34 85 11 106 36 106 101 43 43 47 18 41 36 36 36 122 141 77 99 36 152 67 152 113 107 92 27 115 82 9 70 19 111 160 12 38 141 
140 112 57 141 122 149 80 86 85 58 153 43 51 80 160 160 160 160 132 160 87 130 130 58 34 149 80 38 101 140 42 42 101 24 110 101 38 36 36 36 53 104 36 116 137 36 41 47 43 137 160 160 160 36 36 36 36 36 36 36 152 31 104 33 118 97 97 150 56 33 124 111 94 51 98 80 160 80 1 116 98 80 137 146 43 140 138 42 
149 103 101 149 103 24 103 11 43 43 57 42 101 24 110 6 93 104 27 132 132 70 36 110 36 36 110 151 75 105 52 70 70 97 71 97 9 52 107 105 143 99 75 77 106 34 160 160 160 160 137 43 160 38 122 122 1 42 160 1 80 160 42 34 42 80 85 149 80 42 160 42 34 42 140 43 80 42 104 43 137 160 160 160 
137 43 160 43 43 80 84 160 84 80 80 58 1 24 1 84 84 80 122 24 80 122 106 
140 42 57 24 11 138 80 160 160 41 93 101 160 77 160 160 141 110 36 36 36 137 42 36 36 36 80 149 63 158 1 53 85 130 74 112 158 74 61 34 1 34 51 12 43 104 11 106 149 24 99 140 130 58 80 160 137 116 101 160 101 116 137 160 137 51 43 150 132 90 105 160 43 101 87 42 160 160 80 34 38 160 101 34 80 34 63 158 160 160 153 110 6 140 145 145 122 160 160 138 134 149 86 135 42 160 160 110 145 151 141 141 151 141 106 77 160 6 75 160 160 160 160 160 43 101 101 116 12 134 158 130 85 122 122 84 51 50 1 37 87 24 80 1 51 12 43 47 160 51 51 
137 160 137 14 160 14 137 160 160 160 42 154 51 160 160 
101 1 34 84 149 80 24 42 140 101 140 77 112 160 93 112 42 140 87 43 101 140 140 106 106 87 80 34 24 122 47 116 140 104 160 160 160 52 75 160 36 36 36 36 36 36 36 36 36 36 137 1 106 106 80 24 129 58 101 86 34 57 110 122 134 129 63 80 58 103 84 158 55 137 160 160 160 160 160 160 160 41 113 113 41 160 160 160 42 112 160 103 85 38 34 80 137 116 
38 1 93 101 36 52 128 100 43 104 93 134 101 103 158 1 149 153 87 103 1 80 80 158 36 36 42 1 104 47 18 113 111 80 42 67 36 106 141 141 93 152 36 36 36 99 115 100 123 33 27 100 47 111 33 70 150 113 70 47 150 36 145 140 106 103 134 116 116 158 106 77 104 101 54 90 123 140 140 112 153 37 87 85 63 112 1 145 11 110 141 
160 160 91 141 141 160 77 36 36 77 75 108 45 97 47 71 148 70 111 47 139 129 149 103 24 74 38 63 24 58 43 101 80 84 145 122 110 11 130 63 13 101 140 103 11 75 4 117 75 160 77 36 160 110 99 105 41 56 136 108 108 111 56 41 93 112 
80 160 160 160 41 113 147 100 160 160 160 160 43 137 137 7 43 1 80 160 160 137 116 160 47 38 43 54 59 160 55 42 42 137 137 43 160 38 38 160 43 160 47 43 137 137 43 47 160 51 38 160 43 137 160 160 160 160 42 110 110 141 151 99 36 36 36 152 147 52 111 111 54 53 123 107 92 41 
27 150 81 98 15 137 36 137 38 106 140 43 101 149 103 141 77 160 140 122 122 24 140 11 130 58 12 137 51 98 80 160 160 160 160 41 59 41 41 123 140 58 80 36 42 103 42 51 101 42 34 42 42 130 112 138 106 138 140 103 103 122 122 58 38 38 58 12 15 51 101 104 123 
138 110 6 151 36 36 36 36 93 6 99 36 152 113 132 147 92 81 105 97 97 111 31 27 100 47 104 80 87 137 137 98 101 99 101 34 80 137 51 38 43 94 43 43 134 42 160 42 112 110 34 24 160 43 
87 160 42 80 42 80 149 85 85 149 80 42 1 84 103 36 104 53 132 132 36 132 36 11 75 77 36 77 99 77 36 36 157 157 115 123 81 157 
148 9 114 136 81 111 36 141 114 152 57 103 80 158 57 57 10 149 24 85 112 112 122 73 151 77 93 150 33 82 101 104 151 110 101 101 80 87 12 98 
85 58 80 42 134 36 115 116 36 47 36 44 104 14 43 11 93 43 80 80 38 101 55 80 36 137 146 149 151 42 87 138 36 36 36 36 36 36 160 160 160 36 42 122 106 77 77 141 151 108 36 36 41 59 27 113 123 43 36 100 27 113 113 
152 42 137 160 137 51 43 150 7 98 98 80 80 51 43 98 42 122 135 153 58 80 138 101 80 101 80 87 34 154 158 101 1 160 110 137 160 42 11 36 36 77 77 151 75 45 157 92 128 59 27 113 160 160 160 160 
160 160 160 160 41 18 47 43 101 160 101 43 47 160 38 11 42 160 47 43 137 41 104 1 34 38 47 160 116 43 116 137 160 160 160 160 160 12 85 122 101 140 106 38 138 75 104 1 80 160 160 160 160 160 160 160 160 80 140 77 160 77 160 42 115 111 80 38 47 160 51 51 137 160 137 116 101 160 101 101 53 1 160 42 42 160 
160 160 42 101 101 11 149 38 43 43 137 160 160 160 160 160 160 122 149 160 6 41 36 122 103 67 99 36 36 152 124 45 105 115 115 111 36 36 75 75 141 151 93 36 105 113 70 36 41 19 105 151 151 77 151 99 77 99 6 42 33 24 87 84 119 110 24 130 101 112 140 138 136 132 77 36 36 151 119 136 92 51 
130 84 140 112 84 42 122 138 4 151 77 99 47 105 136 111 45 138 84 160 11 43 84 106 139 75 108 33 159 97 105 101 101 140 160 140 140 42 152 160 87 80 160 160 80 98 38 38 80 160 160 80 
38 160 160 101 53 150 101 160 52 52 160 101 150 43 84 104 43 137 160 160 137 43 101 14 160 140 87 137 160 160 160 160 42 1 140 11 43 160 53 104 160 43 160 43 137 160 160 160 160 160 160 137 14 54 111 160 160 160 160 160 160 160 160 160 160 160 160 160 160 160 160 77 77 141 42 160 160 36 36 36 36 36 36 111 93 99 100 123 143 36 141 151 151 36 99 108 36 104 70 70 105 105 97 104 45 70 75 115 93 36 148 6 93 157 122 99 97 92 160 160 160 12 38 42 38 137 137 14 150 43 38 160 160 101 87 42 160 160 160 42 1 42 101 24 101 38 11 
42 160 152 42 12 101 105 160 116 42 101 160 53 104 160 38 11 84 80 160 160 160 160 160 80 1 101 160 160 38 38 47 160 116 137 160 160 160 160 160 160 160 160 160 160 160 160 160 160 160 160 111 52 104 160 100 99 6 99 160 99 6 138 160 113 47 100 27 113 52 111 160 160 160 160 160 160 99 6 140 160 113 53 41 104 111 152 112 160 52 113 41 160 160 160 160 160 137 116 43 101 150 14 137 160 137 14 160 14 137 41 47 43 160 29 100 151 99 101 34 80 160 160 36 12 53 34 80 36 36 42 87 101 43 101 36 101 116 36 47 36 36 137 11 151 93 36 103 
36 77 99 111 36 36 111 113 104 104 100 36 42 115 111 36 36 36 111 124 70 92 41 27 104 99 150 33 117 157 36 
47 143 105 105 122 61 110 81 152 80 37 145 110 160 2 36 36 75 113 105 82 92 63 103 24 57 112 
87 24 141 3 77 77 67 47 107 136 115 111 160 160 160 160 160 160 41 59 27 123 101 80 80 160 80 116 101 24 101 38 137 160 137 116 43 38 11 42 160 132 160 160 160 160 43 43 43 47 43 153 158 129 98 140 88 1 1 42 151 140 43 101 43 104 140 84 160 160 160 42 101 160 77 93 138 138 115 152 36 70 82 111 36 106 6 33 45 71 52 115 157 33 113 71 45 123 82 6 115 105 104 152 84 34 84 
160 58 24 160 160 24 80 140 160 103 42 42 103 87 153 160 106 58 80 160 160 137 116 43 116 137 160 160 160 41 29 113 47 101 116 115 104 51 80 36 36 137 98 85 42 36 87 42 36 80 84 101 43 36 36 43 140 6 104 116 138 112 42 36 160 160 160 160 160 160 160 160 160 38 34 141 77 36 138 141 151 110 138 36 99 111 36 36 41 147 143 36 141 151 99 152 33 136 81 70 70 70 157 124 105 115 33 152 87 50 101 101 116 12 116 101 101 116 137 160 160 137 116 101 160 101 38 11 
42 137 160 160 80 1 101 140 57 43 80 84 42 110 77 11 34 149 101 140 80 130 58 160 105 101 12 42 115 111 152 105 111 36 104 52 75 108 152 36 36 36 36 41 105 6 105 113 93 115 111 36 36 36 27 113 105 111 27 113 105 9 143 104 143 101 24 112 42 160 105 28 111 99 6 140 1 1 80 80 130 42 101 94 
38 160 104 101 43 123 147 52 47 106 87 58 1 58 74 63 85 140 112 74 36 106 38 150 150 18 70 36 106 93 36 141 151 97 99 152 100 6 75 45 107 105 82 92 9 33 111 80 135 42 110 88 57 103 24 103 101 87 106 104 101 116 12 116 43 38 11 42 137 41 59 54 101 101 160 101 43 38 60 153 51 42 103 42 160 138 42 80 138 122 43 
130 122 112 80 160 160 160 160 80 98 62 34 138 141 108 160 42 77 99 75 36 36 36 41 104 105 70 111 152 75 105 123 136 136 97 70 71 47 107 137 55 160 106 80 42 42 80 149 1 51 1 60 53 134 11 122 63 42 57 103 145 138 103 149 42 160 42 87 103 101 63 112 140 57 149 63 42 11 
24 101 36 101 59 52 111 42 11 99 36 138 77 111 36 111 143 152 45 104 77 36 93 111 9 136 115 9 47 70 136 111 41 160 160 160 80 34 43 132 59 27 105 160 87 34 84 84 130 42 160 80 134 50 43 116 137 41 152 42 160 18 104 14 160 151 99 160 116 137 137 116 43 50 122 138 85 
80 88 106 101 80 11 59 29 111 160 36 42 1 115 111 36 36 41 92 70 33 106 151 108 75 27 100 113 33 104 19 70 9 148 137 154 24 140 141 149 101 112 63 129 101 58 1 1 80 101 38 150 160 160 94 158 11 1 1 42 34 86 85 58 158 42 141 160 140 149 24 11 77 93 160 59 
115 104 151 77 160 160 160 36 99 6 99 105 104 157 97 157 107 118 104 111 119 71 148 160 42 134 74 84 80 160 80 51 101 101 51 51 87 24 101 
57 110 122 24 42 101 103 84 140 106 112 101 11 112 158 122 154 38 151 99 36 132 20 6 77 110 110 67 151 36 111 150 111 6 157 99 108 144 107 136 125 92 111 71 111 115 42 137 41 59 90 67 138 87 42 160 160 80 98 51 12 87 85 38 150 53 104 18 47 104 84 38 101 140 
87 12 116 43 85 1 42 42 140 57 1 36 151 36 53 54 52 52 111 36 36 42 11 151 111 152 104 47 36 47 150 67 93 108 157 92 152 20 70 71 105 123 124 85 160 152 80 85 106 140 1 158 43 24 87 158 42 80 34 38 43 123 113 41 111 115 160 36 84 34 98 98 80 1 112 57 87 106 42 87 110 
110 122 160 160 42 103 42 38 5 34 106 141 141 160 77 36 110 151 157 36 111 136 148 111 6 157 54 115 115 33 105 119 118 111 87 130 153 103 77 87 58 160 84 80 43 116 12 87 80 53 84 141 141 160 101 122 140 87 149 149 103 138 138 24 24 80 101 101 140 140 85 112 11 42 
80 104 36 47 27 3 75 36 36 75 75 6 97 36 104 6 67 157 6 157 148 100 136 33 92 71 147 111 111 160 112 101 151 40 136 157 99 112 149 87 43 74 68 130 110 151 43 160 59 59 137 130 149 103 38 37 158 42 42 57 11 11 106 47 64 151 151 77 110 106 93 70 105 105 152 6 93 115 81 105 105 123 82 160 160 1 74 80 140 140 87 37 101 101 43 34 137 116 101 101 43 160 47 18 
104 101 38 11 84 34 134 50 12 103 24 87 106 103 106 36 106 80 42 160 160 160 160 160 160 160 106 138 36 36 140 36 140 123 143 111 47 111 33 111 152 23 111 67 117 31 9 132 51 116 11 84 80 80 51 101 101 116 12 116 43 101 149 122 84 34 11 101 101 110 106 24 88 140 103 101 149 103 103 77 58 24 57 87 106 104 101 43 36 100 
75 110 141 75 152 36 75 67 70 99 6 33 107 45 47 136 136 92 124 97 113 111 45 106 141 124 123 93 106 84 142 24 138 112 143 70 45 112 57 13 74 101 103 106 141 144 105 36 77 77 77 148 111 93 152 33 107 
150 136 105 47 58 112 57 101 103 80 87 80 103 103 103 99 124 52 77 160 101 37 153 63 145 106 24 57 110 11 141 141 106 80 84 141 160 141 141 36 75 77 108 70 93 99 45 124 123 82 124 119 97 51 101 145 149 84 158 38 34 101 84 112 122 
140 149 103 149 11 112 63 145 101 42 140 103 67 143 113 67 110 141 108 99 151 93 92 33 99 108 157 33 100 33 136 33 112 138 99 69 105 160 138 101 1 61 103 101 140 157 156 108 80 80 24 58 158 57 101 122 6 22 93 36 36 151 152 108 107 157 6 97 
71 143 123 33 160 60 63 112 145 42 74 24 87 51 130 42 123 128 111 160 130 137 74 103 112 112 80 149 110 110 77 160 66 141 141 110 141 141 36 152 157 45 152 148 117 70 118 97 160 110 60 51 121 158 43 87 112 11 112 1 101 112 122 145 57 36 113 19 108 36 36 151 6 70 148 99 115 33 81 9 152 160 122 
34 106 160 47 90 147 111 160 99 99 149 85 1 130 154 58 87 50 101 11 160 84 160 20 100 58 1 77 42 130 37 43 84 158 1 149 145 140 77 108 30 111 36 138 110 141 151 151 105 92 45 97 99 93 107 143 97 81 148 100 45 24 103 88 24 74 101 80 
130 138 157 48 101 57 138 80 13 130 57 110 106 106 141 93 64 93 160 141 36 36 75 67 93 157 115 105 150 105 111 100 160 51 158 140 74 120 80 87 85 158 84 145 57 140 122 103 1 101 88 57 92 
56 152 36 36 36 152 92 99 67 92 107 33 159 107 42 160 160 160 160 160 41 59 41 152 151 138 112 158 101 80 38 37 42 101 116 123 54 45 149 101 57 87 74 74 103 57 24 80 138 141 104 23 117 160 141 36 
75 36 36 9 33 157 108 77 99 90 92 136 33 41 38 60 87 149 24 24 140 149 63 24 84 58 53 80 47 101 43 59 113 104 122 112 43 63 74 137 74 140 11 88 110 141 141 145 67 95 77 160 160 160 141 141 36 75 67 
115 67 82 75 151 136 119 148 97 105 136 33 12 51 85 1 80 80 87 80 58 80 63 63 58 24 145 145 138 88 112 138 11 84 103 84 11 145 130 112 106 36 99 19 70 36 36 36 36 36 75 93 152 82 99 157 152 
152 97 136 97 33 144 157 157 160 41 160 12 92 108 34 104 123 91 160 41 54 43 38 160 43 99 105 14 103 11 122 160 160 160 42 85 38 101 98 42 160 42 68 80 77 11 138 152 
30 33 160 58 42 160 85 53 42 138 80 53 24 101 138 141 42 122 138 101 153 103 152 42 112 151 42 160 160 160 160 141 110 141 88 117 136 67 124 47 123 72 111 33 157 97 38 74 34 1 11 
106 24 122 80 101 84 60 58 24 11 80 38 54 27 52 151 87 101 42 60 50 74 57 145 158 11 106 112 110 110 106 160 28 70 151 151 77 160 160 75 151 93 104 115 75 75 104 111 92 124 136 52 107 
152 160 160 42 130 101 24 146 12 80 24 122 122 1 42 84 145 106 149 84 140 122 84 158 140 88 101 19 19 152 36 36 36 36 111 148 108 157 151 99 27 115 157 90 9 9 160 160 160 160 41 29 100 151 140 149 1 62 
101 43 137 160 160 160 42 101 160 41 137 160 27 123 132 116 134 80 160 160 80 53 134 160 84 80 80 134 122 57 1 160 140 151 47 160 150 47 44 137 106 
93 108 108 75 36 36 36 36 36 152 157 111 106 67 19 70 67 105 45 105 115 105 20 41 152 105 111 99 104 160 160 160 160 
160 91 101 110 138 103 34 160 122 37 24 80 1 42 50 158 63 34 137 58 43 87 101 138 24 87 38 42 122 57 138 112 84 42 160 160 160 160 160 160 160 160 106 110 93 111 45 157 123 9 97 107 152 113 160 160 122 37 83 42 24 130 158 58 58 74 112 138 103 140 138 
149 112 138 57 57 24 13 140 138 42 57 110 145 53 137 36 106 141 36 36 77 93 107 45 92 123 97 105 105 105 81 152 160 106 80 150 124 151 138 99 110 11 110 94 94 7 105 6 104 152 115 111 70 150 160 53 85 1 58 149 53 1 34 58 106 151 84 11 99 104 47 128 81 75 99 111 123 97 45 47 45 52 20 43 149 57 57 122 42 42 160 80 51 43 
116 12 43 47 27 59 160 98 101 42 154 138 122 50 101 101 43 36 36 36 43 137 80 1 36 42 42 85 140 106 140 11 132 36 47 20 152 36 42 151 104 77 75 75 75 157 108 107 157 93 105 104 141 105 124 123 104 99 92 
90 147 111 36 152 150 160 42 43 43 43 137 160 12 38 42 38 137 137 98 58 1 42 160 42 57 57 103 112 101 149 140 42 34 34 53 11 111 104 43 101 138 104 84 141 138 34 42 67 152 41 92 105 157 152 70 106 36 6 141 152 157 152 100 105 81 105 36 105 92 45 100 93 105 28 111 
36 152 41 111 77 160 160 138 122 160 160 160 160 41 46 99 160 160 101 51 80 160 160 160 160 160 137 43 160 43 101 101 43 160 38 160 105 101 137 160 160 160 160 160 137 43 160 160 160 38 116 11 42 137 160 137 43 101 53 160 160 160 14 137 160 160 137 
43 160 38 38 160 160 43 101 42 160 160 80 140 138 38 99 36 1 122 38 85 42 36 80 134 42 24 80 140 36 106 1 160 104 11 137 160 160 160 160 160 138 106 36 160 77 99 122 110 77 36 1 104 27 18 36 101 149 84 60 53 140 101 140 138 93 34 87 101 53 134 42 42 13 58 11 141 80 122 
36 36 80 75 160 138 57 135 134 140 141 138 63 1 63 63 103 42 101 80 24 42 112 101 160 104 105 111 160 160 160 160 106 138 36 75 77 77 93 105 104 104 82 111 136 70 111 100 97 45 122 109 1 103 74 63 120 120 87 80 138 24 38 57 112 101 122 122 130 101 85 74 112 11 122 36 84 140 100 29 36 101 152 6 99 
104 105 45 107 104 70 114 123 36 54 52 160 160 160 160 160 160 160 160 160 160 160 160 41 59 41 41 100 160 43 160 43 137 41 47 43 137 160 160 160 137 116 160 104 14 101 43 137 160 137 116 43 116 137 160 160 160 160 160 160 160 160 160 160 160 160 160 160 38 116 11 42 137 160 137 
7 47 47 7 137 160 160 160 160 160 160 160 137 14 132 41 137 43 160 160 160 160 101 53 150 104 101 53 150 104 160 38 43 54 41 160 137 7 101 43 137 160 160 160 160 160 160 160 160 160 137 43 123 111 80 84 
115 111 36 36 111 115 152 54 101 36 100 27 113 100 93 115 111 36 36 36 36 41 54 104 47 27 59 36 160 160 12 53 58 12 43 104 87 24 99 151 43 140 160 42 84 160 42 137 160 160 
160 160 160 137 116 160 104 14 101 43 137 41 132 55 1 11 101 101 14 104 160 101 150 14 160 132 14 12 55 55 137 160 160 160 137 7 101 160 101 87 42 160 80 149 63 158 11 140 11 88 11 1 1 149 140 140 1 140 141 36 11 1 85 122 160 160 42 1 115 160 51 101 101 116 137 94 87 87 42 108 103 
122 42 11 88 11 93 141 149 67 77 141 36 67 36 112 152 46 36 101 42 112 149 58 87 87 154 51 1 63 58 24 63 87 84 80 160 160 80 58 130 153 1 42 42 1 153 134 101 24 103 140 149 42 160 77 158 149 140 80 42 160 42 80 140 140 84 11 88 57 106 80 
122 160 160 122 145 145 101 140 99 160 80 122 110 42 87 77 110 110 99 80 153 57 103 80 36 140 47 28 152 42 106 151 36 141 88 99 152 111 52 31 70 140 84 106 36 60 87 149 149 1 24 38 74 11 43 85 106 103 158 42 151 44 160 141 112 83 87 122 122 101 137 57 158 85 153 158 149 
101 103 99 49 77 36 36 151 113 124 111 33 27 67 150 53 101 160 160 43 137 41 47 43 137 160 160 160 160 160 160 160 160 160 160 137 43 160 43 101 101 43 160 116 98 43 116 160 47 43 137 160 160 160 160 160 137 51 160 99 7 137 160 160 160 160 137 7 
104 160 43 160 43 137 160 160 160 160 160 80 1 101 101 99 93 14 150 43 38 160 43 160 47 43 137 160 160 137 43 47 160 14 132 41 160 160 160 137 51 99 104 93 160 160 93 151 77 151 99 152 115 152 92 123 52 52 67 67 152 111 29 41 41 132 94 53 58 137 137 43 101 14 101 43 12 43 101 14 101 43 137 
160 160 160 160 160 137 43 160 43 43 116 160 47 43 137 160 160 160 160 160 80 34 101 104 14 101 43 137 160 160 160 160 137 14 150 104 160 160 160 160 101 53 54 113 47 100 41 160 137 43 100 152 36 36 36 36 36 36 152 105 84 36 123 36 123 113 41 41 113 113 41 36 36 36 36 111 59 104 100 147 113 156 108 110 
24 1 153 101 57 128 88 103 130 63 85 112 99 8 160 160 36 40 80 101 84 74 87 80 103 43 74 101 133 140 84 43 43 42 84 24 145 110 160 160 141 141 160 36 99 70 70 92 100 105 87 51 63 112 103 101 149 1 149 140 101 149 155 
