148 114 97 26 97 82 64 137 1 92 70 57 146 33 89 12 161 146 146 133 129 118 30 13 158 89 151 39 99 146 146 50 84 134 148 169 18 74 102 154 31 147 147 142 147 147 101 165 18 59 93 112 140 77 110 167 167 71 123 112 148 
50 39 57 169 148 36 124 100 50 50 50 155 154 62 62 91 140 129 84 12 128 119 157 146 119 50 36 114 134 158 97 114 93 119 3 33 148 114 158 147 63 63 168 18 118 167 131 140 164 126 18 118 162 123 24 146 1 169 161 107 65 128 99 16 129 114 74 148 129 129 114 92 65 50 81 26 26 146 152 152 92 18 169 117 40 59 24 18 63 158 93 142 101 118 
55 93 167 17 116 112 62 154 137 58 33 1 1 1 1 1 1 1 1 1 1 62 23 83 41 152 153 1 1 119 114 169 33 1 1 42 100 81 84 146 169 33 155 1 148 150 42 1 1 1 1 1 1 1 146 73 63 118 78 65 73 33 1 1 146 57 39 100 81 169 158 50 120 114 74 158 74 149 102 153 41 19 62 158 158 158 148 104 63 118 158 93 167 93 27 86 24 77 137 126 64 136 17 110 158 42 56 97 
92 36 134 97 148 81 161 89 120 12 111 155 73 146 1 1 1 1 154 1 84 28 28 12 50 81 146 56 149 92 169 169 119 103 104 149 56 158 158 158 100 140 158 65 33 158 62 41 153 33 158 158 158 158 158 158 158 158 158 158 93 40 140 135 162 164 164 125 22 135 123 55 96 73 89 146 1 146 39 65 89 146 33 47 153 92 114 169 
81 157 149 157 157 103 98 114 153 153 134 163 152 98 85 18 70 140 77 154 154 136 158 85 147 147 104 101 168 59 160 136 136 164 71 164 64 160 86 59 127 18 168 63 74 50 1 1 1 1 33 153 1 56 148 148 39 169 1 39 146 1 169 50 169 16 150 81 161 169 1 169 50 169 92 155 16 169 140 153 33 1 1 1 
33 153 1 153 155 16 57 1 57 146 146 12 39 129 39 57 57 146 148 103 146 148 85 
92 169 134 98 114 114 146 1 1 62 70 149 1 63 1 1 97 104 158 158 158 33 169 158 158 158 146 81 107 99 39 100 120 28 111 36 99 111 94 50 121 50 73 42 153 140 114 74 81 129 118 92 28 12 146 1 33 65 152 1 152 65 33 1 33 73 153 125 154 83 59 1 153 119 84 169 1 1 146 50 56 1 152 50 146 50 107 99 1 1 111 85 18 92 26 26 148 1 1 114 33 81 89 106 169 1 1 85 26 143 97 97 101 97 85 165 1 18 168 1 1 1 1 1 153 152 152 65 42 33 99 28 120 148 148 130 73 7 121 124 84 129 16 121 73 42 153 41 1 73 73 
33 1 33 159 1 159 33 1 1 1 169 133 73 1 1 
119 39 50 130 81 16 129 169 92 119 92 63 36 1 70 36 169 92 84 155 152 92 92 74 74 84 146 50 103 148 41 65 92 140 1 1 1 30 168 158 158 158 158 158 158 158 158 158 158 158 33 39 74 74 16 129 151 12 119 89 50 134 85 148 33 151 107 161 12 157 16 99 4 33 1 1 1 1 1 1 1 62 27 27 62 1 1 1 169 36 1 157 150 56 50 146 33 65 
56 39 70 119 158 30 43 91 153 140 70 33 149 157 99 39 81 111 84 98 121 161 146 99 158 158 169 39 140 41 19 27 110 146 169 167 158 85 97 97 142 93 158 158 158 118 137 91 117 135 77 91 41 55 135 136 125 27 136 41 125 158 26 92 74 157 33 65 65 99 74 63 140 119 67 83 117 92 92 36 111 124 84 150 107 36 39 26 114 104 97 
1 1 80 97 97 1 63 147 147 63 143 112 116 164 41 71 140 136 110 41 72 151 157 98 129 12 56 107 103 12 153 152 146 130 26 148 85 114 28 107 151 119 92 157 114 168 82 113 168 1 165 147 158 85 118 59 62 88 131 112 112 110 22 62 70 36 
146 1 1 1 62 27 22 91 1 1 1 1 153 33 33 35 153 39 146 1 1 33 65 1 41 56 153 67 23 1 4 169 169 33 33 153 1 56 56 1 153 1 41 153 33 33 153 41 158 73 56 1 153 33 1 1 1 158 169 104 85 97 101 118 158 158 158 93 22 30 110 110 67 100 117 86 24 62 
77 125 9 89 14 33 158 33 56 74 92 102 149 81 157 97 63 1 92 148 148 103 92 114 28 12 42 33 73 89 146 1 1 1 1 62 23 62 62 117 92 12 146 158 169 157 169 73 149 169 50 169 169 28 163 114 85 114 92 157 157 148 148 12 56 56 12 42 14 73 152 140 117 
74 85 18 101 158 158 158 147 142 18 118 158 93 27 154 22 24 9 59 164 164 110 40 77 91 41 140 16 84 33 33 89 149 18 152 50 146 33 73 56 153 96 155 155 33 169 1 169 36 104 50 129 1 155 
84 1 169 146 169 161 81 150 150 81 161 169 121 57 157 158 140 100 154 154 158 154 158 114 168 63 158 63 118 165 158 158 58 58 78 117 9 58 
140 64 115 131 9 110 158 97 115 93 134 157 146 99 134 134 21 81 129 120 36 163 92 87 101 63 142 125 135 126 152 140 165 85 152 152 16 84 42 89 
150 12 146 169 33 158 78 65 158 41 158 2 140 159 153 114 142 153 146 146 56 119 4 146 158 33 47 81 143 169 84 114 158 158 158 158 158 158 158 158 158 158 169 148 74 63 63 97 143 112 158 158 62 23 77 27 117 153 158 91 77 27 27 
93 169 33 1 33 73 153 125 35 89 89 146 146 73 155 89 169 148 106 111 12 146 114 149 16 152 146 84 50 133 99 152 39 1 104 33 1 169 114 1 158 63 165 101 168 116 58 24 43 23 77 27 1 1 1 1 
1 1 1 1 62 19 41 153 152 1 152 153 41 1 56 114 169 1 41 153 33 62 140 39 50 56 41 1 65 155 65 33 1 1 1 1 1 42 150 148 152 92 74 56 114 168 140 39 146 1 1 1 1 1 1 1 1 146 92 165 1 165 1 169 78 110 146 56 41 1 73 73 33 1 33 65 152 1 152 119 100 39 1 169 169 1 
1 1 169 149 119 114 81 56 153 153 33 1 1 1 1 1 1 148 81 1 18 62 158 148 157 167 118 158 158 93 123 116 59 78 78 110 158 158 168 168 97 101 142 158 59 27 136 158 62 17 59 101 101 165 101 118 165 118 18 169 135 103 150 130 34 85 98 28 149 163 92 114 131 154 165 147 147 143 34 131 24 144 
28 57 92 36 57 163 148 74 82 143 165 118 41 59 131 55 116 114 57 1 114 102 130 85 72 168 112 135 166 164 59 152 152 92 1 92 92 169 93 1 84 146 1 1 146 89 56 56 146 1 1 146 
56 1 1 119 100 125 119 1 30 30 1 119 125 155 57 140 153 33 1 1 33 153 119 159 1 92 84 33 1 1 158 158 169 39 92 114 102 158 100 140 1 153 1 153 33 1 1 1 1 1 1 33 159 67 110 1 1 1 1 1 1 1 1 1 1 1 1 1 1 1 1 165 165 97 169 1 158 158 158 158 158 158 158 110 142 18 91 117 127 158 97 101 101 158 118 112 158 140 45 45 59 59 164 140 116 136 168 137 142 147 140 112 70 58 148 18 164 24 1 1 1 42 56 169 56 33 33 159 125 153 56 1 1 119 84 169 1 1 1 169 39 169 119 129 152 56 114 
169 1 93 169 42 119 59 1 65 169 152 1 100 140 1 56 114 57 146 1 1 1 1 1 146 39 119 1 1 56 56 41 1 65 33 1 1 1 1 1 1 1 1 1 1 1 1 1 1 1 1 110 30 140 1 91 18 18 118 1 118 18 114 1 27 41 91 77 27 30 110 1 1 1 1 1 1 118 18 92 1 27 100 62 140 110 93 36 1 30 27 62 1 1 1 1 1 33 65 155 119 125 159 33 1 33 159 1 159 33 62 41 153 1 13 91 143 18 152 50 146 158 158 158 42 100 50 146 158 158 169 84 119 153 152 158 152 65 158 41 158 158 33 114 101 70 158 157 
158 165 18 110 158 158 110 27 140 140 91 158 169 78 110 158 158 158 110 123 45 24 62 77 140 18 125 135 113 58 158 
41 127 59 59 92 94 104 9 93 161 124 26 85 1 37 147 147 143 27 59 126 24 107 157 103 134 36 
84 98 97 76 165 165 167 41 86 45 137 110 1 1 1 1 1 1 62 23 77 117 149 161 146 1 146 65 149 129 149 56 33 1 33 65 155 56 114 169 1 154 1 1 1 1 153 155 153 41 155 111 99 151 89 92 26 121 39 169 143 92 155 152 153 140 92 57 1 1 1 169 149 1 165 70 114 74 137 93 158 136 126 110 158 74 18 135 116 71 30 137 58 135 27 71 116 117 126 18 137 59 140 93 57 50 57 
158 12 129 1 1 129 146 92 1 157 169 169 98 84 111 1 74 12 146 1 1 33 65 155 65 33 158 158 158 62 13 27 41 119 65 78 140 73 146 158 158 33 89 150 169 158 84 169 158 146 130 119 102 158 158 102 92 18 140 65 114 36 169 158 158 158 158 1 1 1 1 1 1 56 50 97 165 158 74 104 101 104 114 158 18 110 158 158 62 22 127 158 97 101 118 93 135 131 9 136 136 45 58 123 59 137 135 93 84 7 152 152 65 42 65 152 152 65 33 1 1 33 65 152 1 152 56 114 
169 33 1 1 146 39 119 92 134 155 16 57 169 85 165 114 50 81 119 92 16 28 12 158 59 119 42 169 78 110 93 59 55 158 140 30 168 112 93 158 158 158 158 62 59 18 59 27 142 78 110 158 158 158 77 27 59 110 77 27 59 64 127 140 127 119 129 36 169 1 59 31 110 118 18 92 121 39 16 16 28 169 119 96 
56 1 140 152 153 117 22 30 41 74 84 12 121 12 12 107 150 92 36 12 158 74 56 125 125 19 136 158 74 70 158 97 101 164 118 93 91 18 168 116 86 59 126 24 64 135 110 146 106 169 104 26 134 157 129 98 119 84 74 140 152 65 42 65 155 56 114 169 33 62 23 67 119 152 1 152 153 56 52 111 73 169 157 169 1 114 169 146 74 148 102 
28 148 36 146 1 1 1 1 146 89 90 50 74 97 112 1 163 63 118 168 158 158 158 62 140 59 45 110 93 168 59 117 131 131 164 136 71 41 86 33 4 1 74 161 169 169 161 81 39 73 39 52 100 33 114 148 107 169 134 98 26 74 157 81 169 1 169 84 98 152 107 36 92 134 81 107 169 114 
129 119 158 119 23 30 110 169 114 118 158 114 165 110 158 110 127 93 116 140 165 158 142 55 64 131 137 64 41 136 131 55 62 1 1 1 146 50 155 154 23 77 59 1 84 50 57 57 28 169 1 16 33 7 155 65 33 62 93 169 1 19 140 159 1 143 18 1 65 33 33 65 155 7 148 114 120 
146 148 74 152 16 114 23 13 110 158 158 169 39 78 110 158 158 62 24 45 135 85 143 112 168 77 91 27 135 140 17 45 64 140 33 133 129 92 104 81 149 36 107 151 119 12 121 39 16 149 56 125 1 1 96 99 114 39 39 169 50 89 120 12 161 169 97 1 92 81 98 114 165 70 1 23 
78 140 101 165 1 1 158 158 118 18 118 59 140 58 164 58 86 162 140 110 34 71 140 1 169 33 111 130 146 1 146 73 152 152 73 73 84 129 119 
134 85 148 129 169 152 98 16 92 74 163 149 114 163 99 148 133 56 143 118 158 154 44 18 63 104 104 167 101 158 110 125 110 112 58 18 112 77 86 131 51 24 110 71 110 78 169 33 62 23 83 167 74 84 169 1 1 146 89 73 42 84 150 56 125 100 140 19 41 140 57 56 119 92 
84 42 65 155 150 39 169 169 92 134 39 158 143 158 100 67 30 30 110 158 158 169 114 143 110 93 140 41 158 41 125 167 142 112 58 24 93 44 136 71 59 117 123 150 1 93 16 150 74 92 39 99 153 129 84 99 169 146 50 56 153 117 27 62 110 78 158 158 57 50 89 89 146 121 36 134 84 74 169 84 104 
104 148 1 1 169 157 169 56 3 50 74 97 97 158 63 158 104 101 58 158 110 131 140 55 18 58 67 78 78 135 59 113 162 110 84 28 111 157 165 84 12 1 57 16 155 65 42 84 16 100 130 97 97 1 119 148 92 84 81 81 157 74 74 129 103 146 152 152 92 92 120 36 114 169 
16 140 158 41 77 76 168 158 158 168 168 18 164 158 140 18 167 58 18 58 140 91 131 135 24 71 22 110 110 1 36 119 143 139 131 58 118 36 81 84 155 12 25 28 104 143 153 1 23 23 33 28 81 98 56 124 121 169 169 134 114 114 74 41 32 101 101 165 85 74 142 45 59 59 93 18 142 137 9 59 59 117 126 1 1 121 111 146 92 92 84 124 149 152 153 50 33 65 152 152 153 1 41 19 
140 152 56 114 57 50 33 7 42 157 98 84 74 157 74 147 74 161 169 1 1 1 1 1 1 1 74 74 158 147 92 158 92 117 127 55 41 55 135 110 93 145 110 167 113 40 64 154 73 65 114 57 146 146 73 152 152 65 42 65 155 149 81 148 130 50 114 152 119 85 74 129 26 92 157 119 81 98 98 63 12 129 134 84 74 140 152 153 158 91 
168 104 97 168 93 158 168 167 45 118 18 135 86 116 41 131 131 24 123 164 27 110 116 85 97 123 117 70 85 130 141 129 74 36 127 136 116 36 134 33 12 119 157 85 97 27 59 147 165 63 63 78 110 142 93 135 86 
125 45 59 41 12 163 134 119 157 146 84 146 157 157 157 118 123 30 165 1 149 124 50 120 26 74 103 134 85 114 97 97 74 146 130 97 1 97 97 147 143 165 112 136 142 18 116 123 117 126 123 34 164 73 152 26 81 130 99 56 50 57 57 163 148 
92 81 157 81 114 163 120 26 119 169 92 98 167 127 27 167 104 97 112 118 101 142 24 135 118 112 58 135 91 135 131 135 36 74 118 6 59 1 114 119 39 94 157 119 92 58 13 112 146 16 129 153 99 134 149 92 18 10 70 147 147 101 93 112 86 58 112 164 
71 127 117 135 1 52 120 36 26 169 12 103 150 73 28 169 117 43 55 1 28 33 12 98 36 36 16 81 104 85 63 1 48 97 97 104 97 97 147 93 58 116 93 140 113 45 162 164 158 85 52 73 128 121 153 84 36 114 36 39 119 36 148 26 134 158 27 17 112 158 158 165 112 45 78 118 137 135 9 64 93 1 148 
50 74 1 41 83 22 110 1 118 118 81 120 39 28 133 12 84 7 119 114 1 57 1 44 91 12 39 63 169 28 124 102 130 99 121 81 26 92 165 112 5 110 158 114 104 97 143 101 59 24 116 164 118 142 86 127 164 9 140 91 116 129 157 26 129 111 119 161 
28 114 58 138 119 134 114 16 151 102 134 104 74 85 97 118 32 70 1 97 147 147 143 167 142 58 137 59 125 59 110 91 158 73 99 92 12 15 146 84 150 99 130 26 134 92 148 157 121 57 26 134 24 
88 93 147 147 147 93 24 18 167 24 86 135 166 86 169 1 1 1 1 1 62 23 62 93 101 114 36 99 119 146 56 124 169 149 65 117 67 116 81 119 134 84 111 12 157 134 103 16 114 97 140 145 113 158 97 147 
168 158 158 64 135 58 112 63 118 83 24 131 135 62 56 52 84 81 129 129 92 81 120 103 130 12 100 16 41 119 153 23 27 140 148 36 153 120 111 33 12 92 114 26 104 97 97 26 167 105 165 1 1 1 97 97 147 143 167 
78 167 126 168 143 131 34 78 164 59 131 135 42 73 120 121 161 146 84 146 12 16 120 107 153 129 26 26 74 148 36 114 114 57 157 57 114 26 102 36 74 158 118 17 136 158 158 158 158 158 168 142 93 126 18 58 93 
93 164 131 164 135 27 58 58 1 62 1 42 24 112 50 140 117 80 1 62 67 153 56 1 153 18 59 159 157 114 148 1 1 1 169 120 56 152 89 169 1 169 25 146 165 114 114 93 
5 135 1 12 169 1 150 100 169 114 16 100 129 149 114 97 163 148 114 152 111 157 93 169 36 143 169 1 1 158 158 97 104 104 26 113 131 167 123 41 117 113 110 135 58 164 56 12 50 39 114 
85 129 148 16 119 57 132 12 103 114 16 56 67 77 30 143 84 119 163 52 7 111 134 26 99 114 74 36 85 104 74 1 31 136 143 143 165 1 158 168 101 118 140 78 168 168 140 110 24 123 131 30 86 
93 1 1 169 28 152 129 47 42 146 103 148 148 39 163 130 26 74 81 130 92 148 130 99 92 26 149 17 17 93 158 158 158 158 110 78 112 58 101 118 77 78 167 83 64 64 1 1 1 1 62 13 91 143 92 81 39 90 
119 153 33 1 1 1 169 149 1 62 33 1 77 117 154 65 33 146 1 1 146 100 33 1 57 146 146 33 148 134 39 1 92 143 41 1 125 41 2 33 74 
70 112 112 168 158 158 158 158 158 93 58 55 74 167 17 136 167 59 116 59 78 59 44 62 93 59 55 18 140 1 1 1 1 
1 80 152 85 74 157 50 1 148 124 129 146 121 169 7 99 107 50 33 12 155 84 152 114 129 84 56 169 148 134 114 36 130 169 1 1 1 1 1 1 1 1 74 104 70 110 116 58 117 64 164 86 93 27 1 1 148 124 79 169 129 28 99 12 12 111 36 114 98 92 74 
81 163 114 134 134 129 151 92 114 169 134 85 26 100 33 158 74 97 158 158 63 118 86 116 24 117 164 59 59 59 9 93 1 74 161 125 123 143 114 18 104 114 104 96 96 35 59 112 140 93 78 110 136 125 158 100 120 121 12 81 100 39 50 12 74 143 57 114 18 140 41 43 9 168 18 110 117 164 116 41 116 30 44 153 81 134 134 148 163 169 1 146 73 155 
65 42 153 41 77 23 158 89 149 169 133 114 148 7 152 152 153 158 158 158 153 33 146 39 158 169 169 150 92 74 92 114 154 158 41 44 93 158 169 143 140 63 168 168 168 58 112 86 58 142 59 140 97 59 123 117 140 18 24 
83 22 110 158 93 125 1 169 155 153 153 33 1 42 56 169 56 33 33 89 12 39 169 1 169 134 134 157 36 152 81 92 163 50 50 100 114 55 140 155 119 114 140 57 97 114 50 169 167 93 62 24 59 58 93 136 74 158 18 97 93 58 93 91 59 9 59 158 59 24 116 91 142 59 31 110 
158 93 62 110 165 147 1 114 148 1 1 1 1 62 11 118 1 1 152 73 146 1 1 1 1 1 33 153 1 153 152 152 153 1 56 1 59 119 33 1 1 1 1 1 33 153 1 1 1 56 65 114 169 33 1 33 153 119 100 1 1 1 159 33 1 1 33 
153 1 56 56 1 1 153 149 169 1 1 146 92 114 56 18 158 39 148 56 120 169 158 146 33 169 129 16 92 158 74 39 158 140 114 33 1 1 1 1 158 114 85 147 158 63 118 148 85 63 158 39 140 77 19 158 149 81 130 52 100 92 149 92 114 142 50 84 119 100 33 169 169 151 153 114 97 161 148 
158 158 146 168 1 114 134 106 33 92 97 114 120 39 120 120 157 163 119 146 129 169 36 119 1 140 59 110 1 1 1 1 74 74 158 168 165 63 142 59 140 140 126 110 131 136 55 91 164 116 148 141 39 98 12 107 144 144 84 161 74 98 56 134 36 152 148 148 28 119 150 12 36 114 148 158 57 92 91 13 158 119 93 18 118 
140 59 116 86 140 136 115 117 158 67 30 1 1 1 1 1 1 1 1 1 1 1 1 62 23 62 62 91 1 153 1 153 33 62 41 153 33 1 1 1 33 65 1 140 159 119 153 33 1 33 65 155 65 33 1 1 1 1 1 1 1 1 1 1 1 1 1 1 56 65 114 169 33 1 33 
35 41 41 35 33 1 1 1 1 1 1 1 33 159 154 62 33 153 1 1 1 1 119 100 125 140 119 100 125 140 1 56 153 67 62 1 33 35 119 153 33 1 1 1 1 1 1 1 1 1 33 153 117 110 146 57 
78 110 158 158 110 78 93 67 119 158 91 77 27 91 142 78 110 158 158 158 158 62 67 140 41 77 23 158 1 1 42 100 12 42 153 140 84 129 118 143 155 92 1 169 57 1 169 33 1 1 
1 1 1 33 65 1 140 159 119 153 33 62 154 4 39 114 119 119 159 140 1 119 125 159 1 154 159 42 4 4 33 1 1 1 33 35 119 1 119 84 169 1 146 81 107 99 114 92 114 148 114 39 121 81 92 92 39 92 97 158 114 39 120 148 158 1 169 39 78 1 73 152 152 65 33 96 84 84 169 112 157 
148 169 114 26 114 70 97 81 167 165 97 158 167 158 36 93 11 158 119 169 36 81 12 84 84 133 73 121 120 12 129 120 84 130 146 1 1 146 12 28 111 39 169 169 39 111 33 119 129 98 92 81 169 1 63 99 81 92 161 169 1 169 161 92 92 16 114 26 134 85 161 
148 1 1 148 26 26 119 92 18 1 16 148 104 163 84 165 85 104 18 161 111 134 157 16 158 92 41 31 93 169 74 101 147 97 26 18 93 110 30 40 136 92 130 74 158 52 84 81 81 39 129 56 111 114 153 150 85 157 99 163 143 2 1 97 36 156 84 148 148 149 33 134 121 150 111 99 81 
119 98 118 68 63 158 147 143 27 123 55 135 77 167 125 100 119 1 1 153 33 62 41 153 33 1 1 1 1 1 1 1 1 1 1 33 153 1 153 152 152 153 1 65 89 155 65 1 41 153 33 1 1 1 1 1 33 73 1 18 35 33 1 1 1 1 33 35 
140 1 153 1 153 33 1 1 1 1 1 146 39 119 119 18 70 159 125 153 56 1 153 1 41 153 33 1 1 33 153 41 1 159 154 62 1 1 1 33 73 118 140 70 1 1 70 101 63 143 118 93 137 93 24 117 30 160 167 167 93 110 13 62 62 154 96 100 12 33 33 153 119 159 119 153 42 153 119 159 119 153 33 
1 1 1 1 1 33 153 1 153 155 65 1 41 153 33 1 1 1 1 1 146 50 152 140 159 119 153 33 1 1 1 1 33 159 125 140 1 1 1 1 119 100 67 27 41 91 62 158 33 153 91 93 158 158 158 158 158 158 93 59 57 158 117 158 117 27 62 62 27 27 62 158 158 158 158 110 23 140 91 22 27 13 112 85 
98 39 50 149 134 43 148 157 28 107 120 163 118 8 1 158 147 139 146 149 16 12 84 146 157 153 12 149 95 92 57 102 102 163 16 98 26 85 1 1 104 97 158 147 118 136 136 24 91 59 84 144 107 36 157 119 81 39 81 92 149 81 13 
