84 113 116 122 116 69 111 5 36 11 123 79 77 6 42 78 77 77 77 109 102 54 14 32 36 42 58 72 83 77 77 118 128 99 84 107 100 37 49 2 25 114 114 123 36 114 40 97 54 112 60 120 129 66 22 60 60 1 81 100 84 
118 72 79 107 84 50 92 23 118 118 118 49 2 1 1 38 129 102 70 78 119 33 62 77 33 118 99 80 99 36 116 113 60 33 34 6 84 113 36 114 114 114 123 100 54 130 55 129 35 103 100 54 38 81 127 77 36 107 77 72 23 119 83 77 102 80 37 84 102 102 108 11 23 118 74 122 122 77 33 33 11 100 107 125 2 112 127 100 114 36 60 123 97 54 
22 60 60 89 93 100 1 2 5 130 6 36 36 36 36 36 36 36 36 36 36 1 19 101 35 33 49 36 36 33 80 107 6 36 36 65 23 74 70 77 107 6 49 36 84 26 65 36 36 36 36 36 36 36 77 21 114 54 5 23 21 6 36 36 77 79 72 23 74 107 36 118 26 80 37 36 37 33 49 49 35 3 1 36 36 36 84 116 114 54 36 60 60 60 28 127 127 66 5 103 111 91 89 22 36 65 117 116 
11 50 99 116 84 74 77 42 26 78 57 49 21 77 36 36 36 36 2 36 70 110 110 78 118 74 77 117 33 11 107 107 33 102 76 33 117 36 36 36 23 129 36 23 6 36 1 35 49 6 36 36 36 36 36 36 36 36 36 36 60 2 129 85 38 35 35 38 63 85 81 22 59 21 42 77 36 77 72 23 42 77 6 13 49 11 113 107 
74 62 33 74 62 102 62 80 49 49 99 107 33 102 76 100 123 129 66 2 2 91 36 76 114 114 76 97 123 112 14 91 91 35 91 35 111 14 56 112 1 100 123 114 37 118 36 36 36 36 6 49 36 117 84 84 72 107 36 72 77 36 107 118 107 77 26 74 77 107 36 107 118 107 11 49 77 107 129 49 6 36 36 36 
6 49 36 49 49 77 79 36 79 77 77 78 72 102 72 79 79 77 84 102 77 84 37 
11 107 99 102 108 113 77 36 36 1 123 33 36 114 36 36 116 76 36 36 36 6 107 36 36 36 77 74 72 83 72 23 26 110 124 50 83 124 109 118 72 118 21 65 49 129 80 37 74 102 54 11 110 78 77 36 6 23 33 36 33 23 6 36 6 21 49 38 2 101 112 36 49 33 70 107 36 36 77 118 117 36 33 118 77 118 72 83 36 36 57 76 100 11 80 80 84 36 36 113 6 74 42 95 107 36 36 76 122 40 116 116 97 116 37 97 36 100 123 36 36 36 36 36 49 33 33 23 65 6 83 110 26 84 84 79 21 73 72 92 70 102 77 72 21 65 49 35 36 21 21 
6 36 6 13 36 13 6 36 36 36 107 109 21 36 36 
33 72 118 79 74 77 102 107 11 33 11 114 50 36 123 50 107 11 70 49 33 11 11 37 37 70 77 118 102 84 35 23 11 129 36 36 36 14 123 36 36 36 36 36 36 36 36 36 36 36 6 72 37 37 77 102 58 78 33 42 118 99 76 84 6 58 72 77 78 62 77 83 10 6 36 36 36 36 36 36 36 1 28 28 1 36 36 36 107 50 36 62 26 117 118 77 6 23 
117 72 123 33 36 14 29 38 49 129 123 6 33 62 83 72 74 57 70 62 72 77 77 83 36 36 107 72 129 35 3 28 22 77 107 60 36 37 116 116 123 60 36 36 36 54 5 38 125 85 66 38 35 22 85 91 38 28 91 35 38 36 80 11 37 62 6 23 23 83 37 114 129 33 46 101 125 11 11 50 57 92 70 26 72 50 72 122 80 76 116 
36 36 9 116 116 36 114 114 114 114 40 120 93 35 35 1 129 91 22 35 71 58 74 62 102 124 47 72 102 78 49 33 77 79 122 84 76 108 110 72 58 33 11 62 80 40 69 90 123 36 97 36 36 76 54 112 1 88 55 120 120 22 63 1 123 50 
77 36 36 36 1 28 63 38 36 36 36 36 49 6 6 61 49 72 77 36 36 6 23 36 35 117 49 46 19 36 10 107 107 6 6 49 36 117 117 36 49 36 35 49 6 6 49 35 36 21 117 36 49 6 36 36 36 36 107 76 76 116 40 54 36 36 36 60 63 14 22 22 46 23 125 127 127 1 
66 38 45 42 31 6 36 6 117 37 11 49 33 74 62 116 114 36 11 84 84 102 11 80 110 78 65 6 21 42 77 36 36 36 36 1 19 1 1 125 11 78 77 36 107 62 107 21 33 107 118 107 107 110 50 113 37 113 11 62 62 84 84 78 117 117 78 65 31 21 33 129 125 
113 76 100 40 36 36 36 36 123 100 54 36 60 28 2 63 127 45 56 35 35 22 2 66 38 35 129 77 70 6 6 42 33 100 33 118 77 6 21 117 49 59 49 49 6 107 36 107 50 76 118 102 36 49 
70 36 107 77 107 77 74 26 26 74 77 107 72 79 62 36 129 23 2 2 36 2 36 80 123 114 36 114 54 97 36 36 130 130 5 125 45 130 
129 111 63 55 45 22 36 116 63 60 99 62 77 83 99 99 7 74 102 26 50 50 11 126 40 114 123 38 85 103 33 129 97 76 33 33 77 70 65 42 
26 78 77 107 6 36 5 23 36 35 36 20 129 13 49 80 123 49 77 77 117 33 10 77 36 6 13 74 40 107 70 113 36 36 36 36 36 36 36 36 36 36 107 84 37 114 114 116 40 120 36 36 1 19 66 28 125 49 36 38 66 28 28 
60 107 6 36 6 21 49 38 61 42 42 77 77 21 49 42 107 84 95 57 78 77 113 33 77 33 77 70 118 109 83 33 72 36 76 6 36 107 108 36 36 114 97 40 123 93 130 127 29 19 66 28 36 36 36 36 
36 36 36 36 1 3 35 49 33 36 33 49 35 36 117 80 107 36 35 49 6 1 129 72 118 117 35 36 23 49 23 6 36 36 36 36 36 65 26 84 33 11 37 117 113 123 129 72 77 36 36 36 36 36 36 36 36 77 11 97 36 97 36 107 5 22 77 117 35 36 21 21 6 36 6 23 33 36 33 33 23 72 36 107 107 36 
36 36 107 33 33 80 74 117 49 49 6 36 36 36 36 36 36 84 74 36 100 1 36 84 62 60 54 36 36 60 81 93 112 5 5 22 36 36 123 123 116 40 123 36 112 28 91 36 1 89 112 97 40 97 40 54 97 54 100 107 85 102 70 79 90 76 102 110 33 50 11 113 55 2 97 114 36 40 90 55 127 121 
110 79 11 50 79 107 84 113 69 40 97 54 35 112 55 22 93 113 79 36 108 49 79 37 71 123 120 85 88 35 56 33 33 11 36 11 11 107 60 36 70 77 36 36 77 42 117 117 77 36 36 77 
117 36 36 33 23 38 33 36 14 14 36 33 38 49 79 129 49 6 36 36 6 49 33 13 36 11 70 6 36 36 36 36 107 72 11 80 49 36 23 129 36 49 36 49 6 36 36 36 36 36 36 6 13 46 22 36 36 36 36 36 36 36 36 36 36 36 36 36 36 36 36 97 97 116 107 36 36 36 36 36 36 36 36 22 123 100 38 125 1 36 116 40 40 36 54 120 36 129 91 91 112 112 35 129 93 91 123 5 123 114 129 120 123 130 84 100 35 127 36 36 36 65 117 107 117 6 6 13 38 49 117 36 36 33 70 107 36 36 36 107 72 107 33 102 33 117 80 
107 36 60 107 65 33 112 36 23 107 33 36 23 129 36 117 80 79 77 36 36 36 36 36 77 72 33 36 36 117 117 35 36 23 6 36 36 36 36 36 36 36 36 36 36 36 36 36 36 36 36 22 14 129 36 38 100 100 54 36 54 100 113 36 28 35 38 66 28 14 22 36 36 36 36 36 36 54 100 11 36 28 23 1 129 22 60 50 36 14 28 1 36 36 36 36 36 6 23 49 33 38 13 6 36 6 13 36 13 6 1 35 49 36 32 38 40 100 33 118 77 36 36 36 65 23 118 77 36 36 107 70 33 49 33 36 33 23 36 35 36 36 6 80 40 123 36 62 
36 97 100 22 36 36 22 28 129 129 38 36 107 5 22 36 36 36 22 81 91 127 1 66 129 100 38 85 90 130 36 
35 1 112 112 11 92 76 45 120 77 92 122 76 36 51 36 114 40 28 112 103 127 72 62 102 99 50 
70 102 116 43 97 97 60 35 56 55 5 22 36 36 36 36 36 36 1 19 66 125 33 77 77 36 77 23 33 102 33 117 6 36 6 23 49 117 80 107 36 2 36 36 36 36 49 49 49 35 49 57 83 58 42 11 122 72 72 107 40 11 49 33 49 129 11 79 36 36 36 107 33 36 97 123 113 113 5 60 36 91 103 22 36 37 100 85 93 91 14 5 130 85 28 91 93 125 103 100 5 112 129 60 79 118 79 
36 78 102 36 36 102 77 11 36 62 107 107 62 70 57 36 37 78 77 36 36 6 23 49 23 6 36 36 36 1 32 28 35 33 23 5 129 21 77 36 36 6 42 26 107 36 70 107 36 77 79 33 49 36 36 49 11 100 129 23 113 50 107 36 36 36 36 36 36 36 36 36 36 117 118 116 97 36 113 116 97 76 113 36 100 22 36 36 1 63 1 36 116 40 54 60 85 55 45 91 91 91 130 81 56 5 85 60 70 73 33 33 23 65 23 33 33 23 6 36 36 6 23 33 36 33 117 80 
107 6 36 36 77 72 33 11 99 49 77 79 107 76 97 80 118 74 33 11 77 110 78 36 112 33 65 107 5 22 60 112 22 36 129 14 123 120 60 36 36 36 36 1 112 100 112 28 123 5 22 36 36 36 66 28 112 22 66 28 112 111 1 129 1 33 102 50 107 36 112 25 22 54 100 11 72 72 77 77 110 107 33 59 
117 36 129 33 49 125 63 14 35 37 70 78 72 78 124 72 26 11 50 124 36 37 117 38 38 3 91 36 37 123 36 116 40 35 54 60 38 100 123 93 56 56 103 127 111 85 22 77 95 107 76 122 99 62 102 62 33 70 37 129 33 23 65 23 49 117 80 107 6 1 19 46 33 33 36 33 49 117 106 57 21 107 62 107 36 113 107 77 113 84 49 
110 84 50 77 36 36 36 36 77 42 17 118 113 116 120 36 107 114 54 123 36 36 36 1 129 56 91 22 60 123 112 125 55 55 35 91 1 35 56 6 10 36 37 77 107 107 77 74 72 21 72 106 23 6 80 84 72 107 99 102 122 113 62 74 107 36 107 70 62 33 72 50 11 99 74 72 107 80 
102 33 36 33 19 14 22 107 108 54 36 113 97 22 36 22 1 60 93 129 97 36 123 22 111 55 5 111 35 91 55 22 1 36 36 36 77 118 49 2 19 66 112 36 70 118 79 79 110 107 36 77 6 73 49 23 6 1 60 107 36 3 129 13 36 40 100 36 23 6 6 23 49 73 84 113 26 
77 122 37 33 77 80 19 32 22 36 36 107 72 5 22 36 36 1 127 91 85 37 40 120 123 66 38 28 85 129 89 91 111 129 6 109 102 11 116 74 33 50 72 58 33 78 72 72 77 33 117 38 36 36 59 83 80 72 72 107 118 42 26 78 83 107 116 36 11 74 102 108 97 123 36 19 
5 129 40 97 36 36 36 36 54 100 54 56 129 130 35 130 56 90 129 22 90 1 129 36 107 6 124 79 77 36 77 21 33 33 21 121 128 102 33 
99 76 84 102 107 33 62 79 11 37 50 33 108 50 83 84 109 117 40 54 36 2 15 100 114 76 76 60 40 36 22 38 22 100 130 100 120 66 56 55 41 127 22 91 22 5 107 6 1 19 101 60 113 70 107 36 36 77 42 21 65 70 26 117 38 23 129 3 35 129 79 117 33 11 
70 65 23 49 26 72 107 107 11 99 72 36 40 36 23 46 14 14 22 36 36 107 108 40 22 60 129 35 36 35 38 60 123 120 130 127 60 15 91 91 56 125 81 26 36 60 77 26 37 11 72 83 49 102 70 83 107 77 118 117 49 125 28 1 22 5 36 36 79 118 42 42 77 72 50 99 70 37 107 70 76 
76 84 36 36 107 62 107 117 34 118 37 116 116 36 97 36 76 40 130 36 22 55 129 22 100 130 46 5 5 85 112 90 38 22 70 110 57 62 97 70 78 36 79 77 49 23 65 70 77 23 79 116 116 36 33 84 11 128 74 74 62 113 113 102 102 77 33 33 11 11 26 50 108 107 
77 129 36 35 66 43 123 36 36 123 123 100 35 36 129 100 60 130 100 130 129 38 55 85 127 91 63 22 22 36 50 33 40 96 55 130 54 50 74 128 49 124 44 110 76 40 49 36 19 19 6 110 74 62 117 92 83 107 107 99 108 108 37 35 53 40 97 97 76 37 123 91 56 56 60 100 123 5 45 112 112 125 103 36 36 72 124 77 11 11 70 92 33 33 49 118 6 23 33 33 49 36 35 3 
129 33 117 80 79 118 6 73 65 62 102 70 37 62 37 114 37 77 107 36 36 36 36 36 36 36 37 113 36 114 11 36 11 125 1 22 35 22 85 22 60 105 22 60 90 2 111 2 21 23 80 79 77 77 21 33 33 23 65 23 49 33 74 84 79 118 80 33 33 76 37 102 122 11 62 33 74 62 62 114 78 102 99 70 37 129 33 49 36 38 
123 76 116 123 60 36 123 60 91 54 100 85 56 93 35 55 55 127 81 35 28 22 93 37 116 81 125 123 37 79 42 102 113 50 1 91 93 50 99 6 124 33 62 37 116 28 112 114 97 114 114 5 22 123 60 85 56 
38 55 112 85 78 50 99 33 62 77 70 77 62 62 62 54 81 14 97 36 33 92 57 26 122 37 102 99 76 108 116 116 37 77 79 116 36 116 116 114 40 97 120 91 123 54 93 81 125 103 81 90 35 121 33 80 74 79 83 117 118 33 79 50 84 
11 74 62 74 108 50 26 122 33 107 11 62 60 1 28 60 76 116 120 54 40 123 127 85 54 120 130 85 38 85 55 85 50 113 54 115 112 36 113 33 72 109 62 33 11 130 32 120 77 77 102 78 83 99 33 84 100 27 123 36 36 40 60 120 56 130 100 127 
1 1 125 85 36 106 26 50 122 107 124 102 70 121 110 107 125 29 22 36 110 6 124 62 50 50 77 74 76 76 114 36 104 116 116 76 116 116 114 60 130 93 120 129 90 91 38 127 36 76 106 121 119 83 49 70 50 80 50 72 33 50 84 122 99 36 28 89 120 36 36 97 100 91 5 54 5 85 45 111 60 36 84 
118 37 36 35 101 63 22 36 54 54 74 26 72 110 47 78 70 73 33 80 36 79 36 15 38 78 72 114 107 110 92 49 79 83 72 74 122 11 97 120 16 22 36 113 76 116 40 40 112 127 93 35 54 123 56 1 35 45 129 38 93 102 62 122 102 124 33 77 
110 113 130 98 33 99 113 77 58 110 99 76 37 37 116 54 53 123 36 116 114 114 40 60 123 130 5 112 38 112 22 38 36 121 83 11 124 75 77 70 26 83 79 122 99 11 84 62 72 33 122 99 127 
88 60 114 114 36 60 127 100 60 127 127 85 88 56 107 36 36 36 36 36 1 19 1 60 97 113 50 83 33 77 117 92 107 33 23 125 46 93 74 33 99 128 124 124 62 99 102 77 113 116 129 105 90 36 116 114 
123 36 36 111 85 130 120 97 54 101 127 55 85 1 117 106 70 74 102 102 11 74 26 102 79 78 23 77 35 33 49 19 28 129 84 50 49 26 124 6 124 11 80 122 76 116 116 122 60 51 97 36 36 36 116 116 114 40 60 
5 60 103 123 40 55 90 5 127 56 55 85 65 121 26 72 77 77 70 77 78 77 26 72 78 102 80 80 113 84 50 113 80 79 62 79 108 122 110 50 37 36 54 89 91 36 36 36 36 36 123 123 60 103 54 130 60 
60 127 55 127 85 28 130 130 36 1 36 65 127 120 118 129 125 9 36 1 46 49 117 36 49 100 112 13 62 80 84 36 36 36 107 26 117 33 42 107 36 107 44 77 97 80 113 60 
16 85 36 78 107 36 26 23 107 113 77 23 102 33 113 116 107 84 113 33 57 62 60 107 50 40 107 36 36 36 36 116 76 116 122 90 55 60 81 35 125 28 22 85 130 35 117 124 118 72 108 
37 102 84 77 33 79 106 78 102 108 77 117 46 66 14 40 70 33 107 106 73 124 99 122 83 108 37 50 76 76 37 36 25 91 40 40 97 36 36 123 40 54 129 5 123 123 129 22 127 81 55 14 56 
60 36 36 107 110 33 102 13 65 77 102 84 84 72 107 79 80 37 74 79 11 84 79 83 11 122 33 89 89 60 36 36 36 36 22 5 120 130 97 54 66 5 130 101 111 111 36 36 36 36 1 32 38 40 11 74 72 17 
33 49 6 36 36 36 107 33 36 1 6 36 66 125 2 23 6 77 36 36 77 23 6 36 79 77 77 6 84 99 72 36 11 40 35 36 38 35 20 6 37 
123 120 120 123 36 36 36 36 36 60 130 22 37 60 89 91 60 56 93 112 5 112 15 1 60 112 22 100 129 36 36 36 36 
36 9 33 76 113 62 118 36 84 92 102 77 72 107 73 83 72 118 6 78 49 70 33 113 102 70 117 107 84 99 113 50 79 107 36 36 36 36 36 36 36 36 37 76 123 22 93 130 125 111 127 56 60 28 36 36 84 92 82 107 102 110 83 78 78 124 50 113 62 11 113 
74 50 113 99 99 102 58 11 113 107 99 76 122 23 6 36 37 116 36 36 114 54 56 93 127 125 35 112 112 112 45 60 36 37 77 38 81 40 113 100 76 108 76 59 59 61 112 100 129 60 5 22 91 38 36 23 26 72 78 74 23 72 118 78 37 40 79 80 100 129 35 29 45 123 100 22 125 127 93 35 93 14 15 49 74 99 99 84 107 107 36 77 21 49 
23 65 49 35 66 19 36 42 33 107 109 113 84 73 33 33 49 36 36 36 49 6 77 72 36 107 107 26 11 37 11 80 2 36 35 15 60 36 107 40 129 114 123 123 123 130 120 127 130 123 112 129 116 112 81 125 129 100 127 
101 63 22 36 60 38 36 107 49 49 49 6 36 65 117 107 117 6 6 42 78 72 107 36 107 99 99 62 50 33 74 11 107 118 118 23 80 22 129 49 33 113 129 79 116 113 118 107 60 60 1 127 112 130 60 91 37 36 100 116 60 130 60 38 112 45 112 36 112 127 93 38 123 112 25 22 
36 60 1 22 97 114 36 113 84 36 36 36 36 1 24 54 36 36 33 21 77 36 36 36 36 36 6 49 36 49 33 33 49 36 117 36 112 33 6 36 36 36 36 36 6 49 36 36 36 117 23 80 107 6 36 6 49 33 23 36 36 36 13 6 36 36 6 
49 36 117 117 36 36 49 33 107 36 36 77 11 113 117 100 36 72 84 117 26 107 36 77 6 107 102 77 11 36 37 72 36 129 80 6 36 36 36 36 36 113 37 114 36 114 54 84 76 114 36 72 129 66 3 36 33 74 79 106 23 11 33 11 113 123 118 70 33 23 6 107 107 58 78 80 116 77 84 
36 36 77 123 36 113 99 95 6 11 116 113 26 72 26 26 62 107 33 77 102 107 50 33 36 129 112 22 36 36 36 36 37 113 36 123 97 114 123 112 129 129 103 22 55 91 22 38 127 93 84 42 72 62 124 72 75 75 70 77 113 102 47 99 50 33 84 84 110 33 70 124 50 108 84 36 79 11 38 32 36 33 60 100 54 
129 112 93 56 129 91 63 125 36 46 14 36 36 36 36 36 36 36 36 36 36 36 36 1 19 1 1 38 36 49 36 49 6 1 35 49 6 36 36 36 6 23 36 129 13 33 49 6 36 6 23 49 23 6 36 36 36 36 36 36 36 36 36 36 36 36 36 36 117 23 80 107 6 36 6 
61 35 35 61 6 36 36 36 36 36 36 36 6 13 2 1 6 49 36 36 36 36 33 23 38 129 33 23 38 129 36 117 49 46 1 36 6 61 33 49 6 36 36 36 36 36 36 36 36 36 6 49 125 22 77 79 
5 22 36 36 22 5 60 46 33 36 38 66 28 38 123 5 22 36 36 36 36 1 46 129 35 66 19 36 36 36 65 23 78 65 49 129 70 102 54 40 49 11 36 107 79 36 107 6 36 36 
36 36 36 6 23 36 129 13 33 49 6 1 2 10 72 80 33 33 13 129 36 33 38 13 36 2 13 65 10 10 6 36 36 36 6 61 33 36 33 70 107 36 77 74 72 83 80 11 108 84 80 72 72 74 11 11 72 11 116 36 80 72 26 84 36 36 107 72 5 36 21 33 33 23 6 59 70 70 107 120 62 
84 107 108 122 80 123 116 74 60 97 116 36 60 36 50 60 24 36 33 107 50 74 78 70 70 109 121 72 26 78 102 26 70 79 77 36 36 77 78 110 57 72 107 107 72 57 6 33 102 62 11 74 107 36 114 83 74 11 77 107 36 107 77 11 11 77 80 122 99 37 77 
84 36 36 84 80 80 33 11 100 36 77 84 76 107 70 97 76 76 100 77 57 99 62 77 36 11 35 25 60 107 37 97 114 116 122 100 60 22 14 2 91 11 79 37 36 106 128 74 74 72 102 117 124 80 49 26 37 62 83 107 40 20 36 116 50 82 128 84 84 33 6 99 83 26 57 83 74 
33 62 54 86 97 36 36 40 28 81 22 85 66 130 38 23 33 36 36 49 6 1 35 49 6 36 36 36 36 36 36 36 36 36 36 6 49 36 49 33 33 49 36 23 42 49 23 36 35 49 6 36 36 36 36 36 6 21 36 100 61 6 36 36 36 36 6 61 
129 36 49 36 49 6 36 36 36 36 36 77 72 33 33 100 123 13 38 49 117 36 49 36 35 49 6 36 36 6 49 35 36 13 2 1 36 36 36 6 21 54 129 123 36 36 123 97 114 40 54 60 5 120 127 125 14 14 60 60 60 22 32 1 1 2 59 23 78 6 6 49 33 13 33 49 65 49 33 13 33 49 6 
36 36 36 36 36 6 49 36 49 49 23 36 35 49 6 36 36 36 36 36 77 118 33 129 13 33 49 6 36 36 36 36 6 13 38 129 36 36 36 36 33 23 46 28 35 38 1 36 6 49 38 60 36 36 36 36 36 36 60 112 79 36 125 36 125 28 1 1 28 28 1 36 36 36 36 22 19 129 38 63 28 32 120 76 
102 72 57 33 99 29 84 62 110 72 26 50 54 8 36 36 114 96 77 33 79 124 128 77 62 49 124 33 96 11 79 49 49 107 77 102 122 76 36 36 116 116 36 114 54 91 91 127 38 56 128 121 26 50 62 33 74 72 74 11 33 74 32 
