71 167 141 177 141 51 82 126 62 111 134 130 50 34 83 93 50 50 50 129 1 46 92 176 173 83 154 87 114 50 50 172 56 102 71 145 20 103 41 58 39 104 104 134 104 104 142 32 20 113 74 125 115 52 11 163 163 121 42 143 71 
172 87 130 145 71 157 60 90 172 172 172 41 58 153 153 4 115 1 100 168 138 75 144 50 75 172 147 30 147 173 141 167 74 75 28 166 71 167 94 104 155 155 134 20 46 163 89 115 66 120 20 46 110 42 107 50 62 171 50 47 149 138 114 124 1 30 103 71 1 1 167 111 151 172 97 177 177 50 75 75 111 20 145 128 58 113 107 20 155 173 74 134 116 46 
126 74 163 162 11 143 48 58 21 137 34 62 62 62 62 62 62 62 62 62 62 153 15 2 66 75 41 62 62 75 30 145 34 62 62 38 90 97 56 50 171 166 41 62 71 105 38 62 62 62 62 62 62 62 50 37 155 46 21 151 37 34 62 62 50 130 87 90 97 145 173 172 180 30 103 173 103 152 41 41 66 3 153 173 173 173 71 141 155 46 173 74 163 74 64 107 107 52 126 120 82 85 77 11 173 38 140 141 
111 157 102 94 71 97 50 83 180 168 65 41 37 50 62 62 62 62 58 62 56 41 41 93 172 97 50 140 152 111 145 145 75 158 101 152 140 173 173 173 90 115 173 151 34 173 153 66 41 34 173 173 173 173 173 173 173 173 173 173 74 58 115 17 110 66 66 146 108 17 42 126 88 37 83 50 62 50 87 151 83 50 34 7 41 111 167 171 
97 144 152 144 144 158 139 30 41 41 102 35 75 139 101 20 134 115 52 58 58 85 173 101 104 104 175 116 134 113 92 85 85 66 121 66 82 92 84 113 48 20 134 155 103 172 62 62 62 62 34 41 62 10 71 71 87 145 62 87 50 62 171 172 145 124 105 97 50 171 62 171 172 145 111 41 124 145 115 41 34 62 62 62 
34 41 62 41 41 124 130 62 130 50 50 93 87 1 87 130 130 50 71 158 50 71 103 
111 145 102 139 30 167 50 62 62 153 134 152 62 155 94 62 141 175 173 173 173 34 145 173 173 173 50 97 47 114 87 90 180 56 117 35 114 117 119 172 87 172 37 38 41 115 30 103 97 1 46 111 41 93 50 62 34 151 75 62 75 151 34 62 34 37 41 4 58 2 113 62 41 75 56 171 62 62 50 172 140 62 75 172 50 172 47 114 62 62 65 101 20 111 30 177 71 62 62 167 166 97 83 45 171 62 62 101 177 142 94 94 116 141 101 116 62 20 134 62 62 62 62 62 41 75 75 151 38 166 114 41 180 71 71 159 37 86 87 60 100 1 124 87 37 38 41 66 62 37 37 
34 62 34 7 62 7 34 62 62 62 171 129 37 62 62 
75 87 172 159 97 124 1 145 111 75 111 155 35 62 134 35 171 111 56 41 75 111 111 103 103 56 50 172 158 71 66 151 111 115 62 62 62 92 134 173 173 173 173 173 173 173 173 173 173 173 34 87 103 103 124 1 154 168 75 83 172 102 101 71 166 154 47 50 168 144 124 114 18 34 62 62 62 62 62 62 62 153 64 64 153 62 62 62 171 35 62 144 105 140 172 50 34 151 
140 87 134 75 173 92 96 4 41 115 134 123 152 144 114 87 97 65 100 139 87 50 50 114 173 173 145 87 115 66 3 64 11 50 145 163 173 101 94 141 134 74 173 173 173 46 126 4 112 17 52 4 66 126 17 85 146 64 85 66 4 173 30 111 103 144 123 151 149 114 103 155 115 75 14 2 112 111 111 35 65 60 100 105 47 157 87 177 30 175 141 
62 62 79 141 94 62 155 104 104 155 142 143 113 66 66 121 115 85 11 66 135 154 144 139 1 117 10 47 158 168 168 75 50 159 177 71 101 30 41 47 179 75 102 144 30 142 51 49 134 62 32 104 94 101 46 113 153 178 89 143 143 11 108 153 134 35 
50 62 62 62 153 64 131 4 62 62 62 62 41 34 34 22 41 87 50 62 62 34 151 62 66 10 41 14 15 62 18 145 145 34 34 41 62 10 10 62 41 62 66 41 34 34 41 66 173 37 10 62 41 34 62 62 62 173 171 175 101 141 142 46 173 173 173 74 131 92 11 11 14 90 128 107 107 48 
52 4 53 83 44 34 173 34 10 103 111 41 152 97 144 141 155 62 111 71 71 158 111 30 41 93 38 34 37 83 50 62 62 62 62 153 15 153 153 128 111 93 50 173 171 144 145 37 152 145 172 171 171 56 35 167 103 167 111 144 144 71 71 93 10 140 93 38 44 37 75 115 128 
167 101 20 142 173 173 173 104 134 143 46 173 74 64 58 131 107 99 84 66 66 11 58 52 4 66 115 124 56 34 34 83 152 20 75 172 50 34 37 10 41 88 41 41 166 171 62 171 35 101 172 1 62 41 
56 62 145 50 171 50 97 105 105 97 50 171 87 130 144 173 115 90 58 58 173 58 173 30 134 155 173 155 46 116 173 173 137 137 21 112 53 137 
115 146 127 89 53 11 173 94 127 74 102 144 50 114 147 102 36 97 1 180 157 35 111 8 116 155 134 4 17 120 75 115 116 101 75 75 124 56 38 83 
105 93 50 171 166 173 21 151 173 66 173 24 115 7 41 30 134 41 50 50 10 75 18 50 173 34 7 97 142 145 100 167 173 173 173 173 173 173 173 173 173 173 171 71 103 155 155 94 142 125 173 173 48 15 52 64 128 41 173 4 52 64 64 
74 145 34 62 34 37 41 4 22 83 83 50 50 37 41 83 171 71 45 65 93 50 167 152 124 75 50 56 172 129 114 75 87 62 101 34 62 171 30 62 173 155 32 142 134 113 137 107 96 15 52 64 62 62 62 62 
62 62 62 62 153 3 66 41 75 62 75 41 66 62 10 30 145 62 66 41 34 153 115 87 172 10 66 62 151 41 151 34 62 62 62 62 62 38 105 71 75 111 103 10 167 134 115 87 50 62 62 62 62 62 62 62 62 50 111 32 62 32 62 145 21 11 50 10 66 62 37 37 34 62 34 151 75 62 75 75 90 87 62 145 171 62 
62 62 171 152 75 30 97 140 41 41 34 62 62 62 62 62 62 71 97 62 20 153 173 71 144 163 46 173 173 74 42 11 113 21 21 11 173 173 134 134 94 142 134 173 113 64 85 173 153 77 113 116 116 116 142 46 32 46 20 145 17 158 100 159 49 101 139 56 152 35 111 167 89 58 32 104 104 142 110 156 107 136 
56 130 111 157 130 171 71 167 51 142 32 46 66 113 89 126 11 167 130 62 30 41 159 103 135 134 143 17 165 66 84 75 75 111 62 111 111 145 74 62 56 50 62 62 50 83 10 10 50 62 62 50 
10 62 62 75 90 4 75 62 92 92 62 75 4 41 130 115 41 34 62 62 34 41 75 7 62 111 56 34 62 62 173 173 171 87 111 30 41 173 90 115 62 41 62 41 34 62 62 62 62 62 62 34 7 14 11 62 62 62 62 62 62 62 62 62 62 62 62 62 62 62 62 116 116 94 171 62 173 173 173 173 173 173 173 11 134 20 4 112 48 173 141 116 142 173 46 125 173 115 156 156 113 113 66 115 11 85 134 21 134 104 115 143 134 137 71 20 66 107 62 62 62 38 140 145 10 34 34 7 4 41 10 62 62 75 56 171 62 62 62 171 87 145 75 1 75 10 30 
145 62 74 145 38 75 113 62 151 145 75 62 90 115 62 10 30 130 50 62 62 62 62 62 50 87 75 62 62 10 10 66 62 151 34 62 62 62 62 62 62 62 62 62 62 62 62 62 62 62 62 11 92 115 62 4 20 20 46 62 46 20 167 62 64 66 4 52 64 92 11 62 62 62 62 62 62 46 20 111 62 64 90 153 115 11 74 35 62 92 64 153 62 62 62 62 62 34 151 41 75 4 7 34 62 34 7 62 7 34 153 66 41 62 176 4 142 20 75 172 50 173 173 173 38 90 172 50 173 173 171 56 75 41 75 173 75 151 173 66 173 173 34 30 142 134 173 144 
173 32 20 11 173 173 11 64 115 115 4 173 145 21 11 173 173 173 11 42 156 107 48 52 115 20 4 17 49 137 173 
66 48 113 113 111 119 101 99 125 50 60 177 101 62 118 104 104 142 64 113 120 107 47 144 158 102 157 
100 139 141 55 32 32 163 66 84 156 21 11 62 62 62 62 62 62 153 15 52 128 152 50 50 62 50 151 152 1 152 10 34 62 34 151 41 10 30 145 62 58 62 62 62 62 41 41 41 66 41 65 114 154 83 111 177 87 87 145 142 111 41 75 41 115 111 130 62 62 62 171 152 62 32 134 167 167 126 74 173 85 120 11 173 103 20 17 113 121 92 126 137 17 64 121 113 128 120 20 126 113 115 74 130 172 130 
173 93 1 62 62 1 50 111 62 144 171 171 139 100 65 62 103 93 50 62 62 34 151 41 151 34 173 173 173 153 176 64 66 75 151 21 115 37 50 173 173 34 83 105 145 173 56 171 173 50 159 75 41 173 173 41 111 20 115 151 167 35 171 173 173 173 173 62 62 62 62 62 62 10 172 94 32 173 167 175 116 175 167 173 20 11 173 173 48 131 48 173 141 142 46 74 17 89 53 85 85 156 137 42 84 126 17 74 56 86 75 75 151 38 151 75 75 151 34 62 62 34 151 75 62 75 10 30 
145 34 62 62 50 87 75 111 102 41 124 130 145 101 116 30 172 97 75 111 124 41 93 173 113 75 38 145 21 11 74 113 126 173 115 92 134 125 74 173 173 173 173 48 113 20 113 64 134 21 11 173 173 173 52 64 113 11 52 64 113 82 161 115 48 75 1 147 145 62 113 39 11 46 20 111 87 87 124 124 41 145 75 88 
140 62 115 75 41 128 131 92 66 103 100 168 87 168 117 47 105 111 157 117 173 103 10 4 4 3 85 173 103 134 173 141 116 66 46 74 4 20 134 113 84 84 120 107 82 17 11 50 45 145 175 177 102 144 1 139 75 100 103 115 75 151 38 151 41 10 30 145 34 153 15 14 75 75 62 75 41 10 95 65 37 145 144 171 62 167 171 50 167 71 41 
41 71 147 50 62 62 62 62 50 83 81 172 167 141 143 62 171 155 46 134 173 173 173 153 115 84 156 11 74 134 113 128 89 89 66 85 121 66 84 34 18 62 103 50 171 171 50 97 87 37 87 95 90 123 30 71 47 145 147 139 177 167 144 97 171 62 171 100 139 75 47 35 111 102 97 47 145 30 
1 75 173 75 15 92 11 171 30 46 173 167 116 11 173 11 48 74 11 115 32 173 134 126 82 89 126 82 66 85 89 126 153 62 62 62 50 172 41 58 15 52 113 62 56 172 130 130 41 145 62 124 166 86 41 151 34 153 74 145 62 3 115 7 62 142 20 62 151 34 34 151 41 86 71 167 180 
50 71 103 75 124 30 15 176 11 173 173 171 87 21 11 173 173 153 107 156 17 103 142 125 134 52 4 64 17 115 77 156 146 115 34 129 1 111 175 97 152 157 47 154 75 93 87 87 124 152 10 4 62 62 88 114 30 87 87 171 172 83 180 168 50 145 141 62 111 97 139 30 32 134 62 15 
21 115 116 32 62 62 173 173 46 143 46 84 115 137 66 137 84 110 115 11 49 121 115 62 171 123 117 159 50 62 50 37 75 75 37 37 56 1 75 
102 101 71 1 145 75 139 124 111 103 35 152 30 35 114 71 129 140 142 46 173 58 26 20 155 175 175 163 142 173 11 146 11 143 137 20 125 91 84 89 109 107 11 121 11 21 145 34 153 15 2 163 167 100 171 62 62 50 83 37 38 56 105 10 4 90 115 3 66 115 130 140 75 111 
56 38 151 41 105 87 171 171 111 102 87 173 142 173 90 14 92 92 11 173 173 171 30 142 11 74 115 66 173 66 4 163 134 143 137 107 74 26 85 121 84 128 42 105 62 74 124 105 103 111 87 114 41 1 100 114 171 50 172 140 41 128 64 153 11 21 173 173 130 172 83 83 50 87 157 102 100 103 145 100 175 
175 71 62 62 171 144 145 10 28 172 103 141 94 173 155 173 101 142 137 173 11 89 115 126 143 137 98 21 21 17 113 49 110 11 56 41 65 144 32 56 93 62 130 124 41 151 38 56 124 90 159 141 141 62 75 71 111 56 97 97 144 167 167 1 158 50 75 75 111 111 180 157 30 145 
124 115 173 66 52 55 134 173 173 134 134 20 66 173 115 20 163 137 143 137 115 4 89 17 107 121 29 11 11 62 157 75 142 80 89 137 46 147 97 56 41 117 57 41 175 142 41 62 15 15 34 41 97 139 10 60 114 145 145 147 30 30 103 66 63 142 116 116 101 103 134 156 84 84 74 143 134 126 53 113 113 128 120 62 62 87 117 50 111 111 100 60 152 75 41 172 34 151 75 75 41 62 66 3 
115 75 10 30 130 172 166 86 38 144 139 100 103 144 103 104 103 50 171 62 62 62 62 62 62 62 103 167 173 104 111 173 111 128 48 126 66 126 17 11 74 133 11 163 49 58 82 58 37 151 30 130 50 50 37 75 75 151 38 151 41 152 97 71 159 172 30 75 75 101 103 1 177 111 144 75 97 139 139 155 168 1 102 100 103 115 75 41 173 4 
134 175 94 134 74 173 134 163 156 46 20 17 84 113 66 89 89 107 42 66 64 11 113 101 141 42 112 134 101 159 160 1 167 35 48 85 11 157 147 179 117 75 144 103 94 91 113 104 32 155 155 21 11 134 74 17 84 
146 156 113 17 168 35 102 130 144 50 100 50 144 144 144 46 42 92 116 62 152 60 65 148 177 103 158 102 101 30 141 94 103 50 159 141 94 94 94 104 142 32 125 85 134 20 11 42 128 120 42 49 66 136 75 30 97 159 114 140 172 130 130 35 71 
111 97 144 97 30 35 148 177 75 171 111 139 163 161 64 163 175 141 143 46 142 134 107 17 46 125 137 17 4 17 89 17 157 167 20 122 113 62 167 75 87 119 144 75 111 137 5 125 50 124 1 168 114 102 152 111 20 13 134 104 104 142 74 143 84 137 143 107 
121 161 112 17 62 95 148 157 177 145 117 158 100 136 41 145 112 96 126 62 41 34 117 139 157 157 124 97 101 101 155 62 16 141 94 175 94 94 104 74 137 11 125 115 49 156 110 107 94 101 95 136 138 114 41 100 147 30 157 87 75 35 71 177 102 173 64 162 125 173 173 116 143 156 21 46 21 17 53 82 74 62 71 
172 103 62 66 2 131 11 62 46 46 97 180 87 41 129 168 100 86 75 30 62 130 62 26 4 93 87 155 145 41 60 41 159 114 87 97 177 111 116 125 19 11 173 167 175 94 142 142 113 107 11 66 46 134 84 161 66 53 115 4 113 1 144 177 1 117 75 50 
41 167 137 106 75 147 167 124 179 41 102 175 103 101 94 46 164 134 62 94 104 104 142 163 134 137 126 113 4 113 11 4 173 37 114 111 117 78 50 56 105 114 159 177 102 111 71 144 87 130 177 102 107 
178 74 104 104 104 74 107 20 163 107 107 17 165 84 171 62 62 62 62 62 153 15 153 74 116 167 157 114 75 50 10 60 145 152 151 128 98 11 97 75 102 56 117 117 144 147 158 124 167 94 115 133 49 173 94 104 
134 173 173 82 17 137 143 155 46 2 107 89 17 153 10 95 100 97 1 1 111 97 148 158 159 168 90 124 66 75 41 15 64 115 71 157 41 148 117 34 117 111 30 177 175 94 141 177 163 70 32 62 62 62 94 141 104 142 163 
21 163 120 142 142 89 110 21 107 84 89 17 38 136 180 87 50 50 100 50 168 124 148 47 168 1 30 30 167 71 35 167 30 130 144 130 30 177 41 157 103 173 46 77 85 173 173 173 173 173 134 134 74 120 20 137 74 
74 107 89 107 17 91 137 137 62 153 62 38 107 125 172 115 128 79 62 153 14 41 10 62 41 20 113 7 144 30 71 62 62 62 171 180 140 75 83 171 62 171 57 50 116 30 167 74 
19 17 62 93 145 62 105 90 171 167 124 90 1 152 167 141 171 71 167 75 65 144 74 145 35 142 145 62 62 173 173 141 175 141 177 49 89 163 42 66 128 174 11 17 137 66 140 117 69 87 30 
103 1 71 124 75 130 95 168 158 30 124 10 14 52 92 142 100 75 171 95 86 117 102 177 114 30 103 157 101 175 103 62 39 85 142 142 32 62 173 134 142 46 115 21 134 134 115 11 107 42 89 92 84 
74 62 62 171 41 75 1 7 38 50 158 71 71 87 171 159 30 103 97 159 111 71 159 114 111 177 152 77 77 74 173 173 173 173 11 21 143 137 116 46 52 21 137 2 146 82 62 62 62 62 153 176 4 142 111 97 87 81 
75 41 34 62 62 62 171 152 62 153 34 62 52 128 58 151 166 50 62 62 50 90 166 62 130 50 50 166 71 102 87 62 111 142 66 62 4 66 24 34 103 
134 125 143 134 173 173 173 173 173 74 137 126 103 163 77 85 163 84 11 113 21 113 26 48 74 113 126 20 115 62 62 62 62 
62 79 75 101 167 144 172 62 71 60 1 50 87 171 86 114 47 172 34 93 41 100 152 167 1 56 140 171 71 147 167 157 159 171 62 62 62 62 62 62 62 62 103 175 134 11 113 137 128 82 107 84 74 64 62 62 71 60 73 171 1 41 114 93 93 117 157 167 139 102 167 
97 35 167 147 102 1 179 111 167 145 147 101 177 90 34 173 103 94 173 173 155 46 84 113 107 112 66 113 113 113 53 74 62 103 50 146 42 142 167 20 175 30 101 88 88 22 113 143 115 74 21 11 85 4 173 90 180 87 93 97 90 87 172 168 103 142 130 30 20 115 66 96 99 134 20 11 128 107 113 66 11 92 26 41 97 102 102 71 171 171 62 50 37 41 
151 38 41 66 52 15 173 83 152 145 129 167 71 86 75 75 41 173 173 173 41 34 50 87 173 145 145 105 111 103 111 30 58 173 66 26 74 173 145 142 115 155 134 134 134 137 125 107 137 134 113 115 141 113 42 112 115 20 107 
2 131 11 173 74 4 62 145 41 41 41 34 62 38 140 145 10 34 34 83 93 87 171 62 171 147 147 144 157 75 97 111 171 172 172 90 30 126 115 41 75 167 115 130 141 167 172 145 163 74 153 107 113 137 74 85 103 173 20 141 74 137 74 4 113 99 113 173 113 107 11 4 134 113 39 11 
173 74 153 11 32 104 62 167 71 62 62 62 62 153 27 46 62 62 75 37 50 62 62 62 62 62 34 41 62 41 75 75 41 62 10 62 113 75 34 62 62 62 62 62 34 41 62 62 62 10 151 30 145 34 62 34 41 75 90 62 62 62 7 34 62 62 34 
41 62 10 10 62 62 41 152 171 62 62 50 111 167 10 20 173 87 71 140 180 171 173 50 166 145 1 124 111 173 103 87 173 115 30 34 62 62 62 62 173 167 101 104 94 155 46 71 101 155 173 87 115 52 3 173 152 97 159 95 90 111 152 111 167 134 172 100 75 90 166 171 171 179 168 30 141 50 71 
173 173 50 134 62 167 102 45 166 111 141 167 148 87 148 148 144 35 130 124 1 171 147 75 62 115 113 11 62 62 62 62 103 167 173 134 116 155 134 113 115 115 120 11 89 85 126 4 107 113 71 160 87 139 117 47 136 136 100 50 167 139 10 102 157 152 71 71 41 75 105 117 157 30 71 173 130 111 4 176 173 75 74 20 46 
115 113 113 84 115 85 127 112 173 14 92 62 62 62 62 62 62 62 62 62 62 62 62 153 15 153 153 4 62 41 62 41 34 153 66 41 34 62 62 62 34 151 62 115 7 75 41 34 62 34 151 41 151 34 62 62 62 62 62 62 62 62 62 62 62 62 62 62 10 151 30 145 34 62 34 
22 66 66 22 34 62 62 62 62 62 62 62 34 7 58 153 34 41 62 62 62 62 75 90 4 115 75 90 4 115 62 10 41 14 153 62 34 22 75 41 34 62 62 62 62 62 62 62 62 62 34 41 128 11 50 130 
21 11 173 173 11 21 74 14 75 173 4 52 64 4 134 21 11 173 173 173 173 153 14 115 66 52 15 173 62 62 38 90 93 38 41 115 56 1 46 142 41 111 62 145 130 62 145 34 62 62 
62 62 62 34 151 62 115 7 75 41 34 153 58 18 87 30 75 75 7 115 62 75 4 7 62 58 7 38 18 18 34 62 62 62 34 22 75 62 75 56 171 62 50 97 47 114 30 111 30 71 30 87 87 97 111 111 87 111 141 173 30 87 180 71 173 62 171 87 21 62 37 75 75 151 34 88 100 100 171 125 144 
71 171 30 177 30 134 141 97 163 116 94 173 163 173 35 74 27 173 75 145 35 97 168 100 100 129 37 87 180 168 1 148 100 159 50 62 62 50 93 41 65 87 171 171 87 65 123 75 1 139 111 97 145 62 155 114 97 111 50 171 62 171 50 111 111 124 30 177 147 103 50 
71 62 62 71 177 30 75 111 20 62 124 71 101 171 100 32 101 175 20 50 65 147 144 124 173 111 66 39 74 171 103 116 104 94 177 20 74 11 92 58 85 111 159 103 173 95 56 97 97 87 1 10 117 30 41 180 101 144 114 171 142 24 62 141 157 73 56 111 71 152 34 147 114 105 65 114 97 
75 139 46 72 32 173 104 142 64 42 126 17 52 163 4 90 75 62 62 41 34 153 66 41 34 62 62 62 62 62 62 62 62 62 62 34 41 62 41 75 75 41 62 151 83 41 151 62 66 41 34 62 62 62 62 62 34 37 62 20 22 34 62 62 62 62 34 22 
115 62 41 62 41 34 62 62 62 62 62 50 87 75 75 20 134 7 4 41 10 62 41 62 66 41 34 62 62 34 41 66 62 7 58 153 62 62 62 34 37 46 115 134 62 62 134 116 155 142 46 74 21 125 107 128 92 92 163 163 74 11 176 153 153 58 88 90 93 34 34 41 75 7 75 41 38 41 75 7 75 41 34 
62 62 62 62 62 34 41 62 41 41 151 62 66 41 34 62 62 62 62 62 50 172 75 115 7 75 41 34 62 62 62 62 34 7 4 115 62 62 62 62 75 90 14 64 66 4 153 173 34 41 4 74 173 173 173 173 173 173 74 113 130 173 128 173 128 64 48 48 64 64 48 173 173 173 173 11 15 115 4 131 64 5 125 101 
139 87 65 152 147 96 71 144 41 47 180 35 46 12 62 173 104 80 50 152 124 117 56 50 144 41 117 152 80 111 130 41 41 35 124 139 177 101 62 62 175 94 62 104 46 85 85 107 4 84 56 136 148 157 144 130 97 87 97 102 152 97 176 
