63 63 118 24 137 110 9 131 18 1 1 1 1 1 1 1 62 23 62 62 140 169 1 114 33 1 1 1 33 4 33 1 1 1 33 153 119 159 140 140 1 152 153 1 153 1 41 153 33 1 1 1 1 1 1 
1 1 1 146 39 153 35 169 169 33 146 161 150 56 84 168 101 97 169 104 92 146 169 33 102 152 73 14 4 33 33 104 70 158 169 167 93 158 158 158 110 27 41 27 136 143 18 24 18 118 27 83 135 71 136 93 167 93 27 18 152 81 152 157 103 150 120 92 170 63 152 50 33 134 134 119 
98 148 85 92 20 104 1 158 147 142 29 169 157 99 99 120 107 107 155 12 33 1 33 65 155 153 1 153 33 1 1 1 33 153 119 159 119 153 42 153 153 56 39 78 18 153 70 1 84 1 143 114 169 146 169 114 169 157 1 74 129 16 81 149 33 169 92 169 57 16 1 165 134 111 92 114 114 119 119 84 169 92 56 57 140 153 33 62 23 154 1 125 41 158 114 63 168 97 143 143 165 64 
59 116 45 86 112 18 59 164 55 140 139 59 137 136 142 168 78 143 18 41 1 93 70 140 153 33 1 1 1 1 1 1 1 100 41 117 56 153 154 153 153 125 100 119 153 33 1 1 1 1 
1 33 84 150 65 1 153 33 1 1 1 33 153 1 56 73 33 1 1 33 46 65 42 153 153 56 57 140 153 33 33 153 1 56 153 125 155 12 1 125 73 169 1 1 1 1 1 1 1 1 146 56 41 62 33 84 92 140 1 1 41 83 30 62 62 140 39 146 1 1 158 158 158 158 158 62 93 93 23 62 158 62 91 140 41 136 110 62 27 30 136 59 125 119 158 30 
158 56 1 119 74 16 16 169 39 112 18 39 1 169 146 1 1 33 65 155 153 1 153 33 1 33 65 152 152 119 125 159 1 41 1 1 33 159 125 153 73 33 1 1 33 153 1 153 155 73 146 110 41 84 169 146 57 114 119 158 158 158 153 152 152 153 119 39 146 1 1 1 1 
33 153 119 35 4 33 1 1 1 146 114 74 74 101 70 104 168 168 93 158 
158 158 158 110 135 86 27 78 112 118 93 167 140 131 140 59 77 24 9 131 59 143 168 140 18 74 18 41 41 41 83 117 1 33 65 152 152 65 42 73 73 33 33 84 150 65 41 1 153 1 153 33 1 1 1 1 33 65 1 41 153 155 16 169 119 114 168 119 146 169 50 169 149 65 41 155 120 169 62 93 169 33 158 158 158 33 159 154 158 73 153 125 158 158 158 158 158 158 158 158 158 158 158 158 158 110 9 116 18 100 23 123 24 135 142 110 162 40 136 136 140 143 58 140 140 33 169 1 1 1 1 1 62 13 30 118 92 81 85 
1 92 130 106 100 39 70 153 146 146 73 152 1 152 65 1 154 1 
159 33 1 1 146 7 28 36 81 121 161 146 84 114 148 149 130 74 158 146 130 92 41 77 13 110 158 169 104 168 101 158 93 27 93 117 59 135 9 86 30 83 117 93 91 64 59 116 59 93 119 41 89 169 70 1 39 84 33 1 96 84 107 50 169 39 92 78 50 111 84 42 4 33 33 35 119 153 33 96 12 57 50 1 121 57 157 155 150 39 169 158 42 150 129 65 114 70 140 153 33 158 158 1 1 1 33 159 154 62 1 
1 1 121 104 165 59 158 158 158 110 140 18 135 164 135 64 71 59 27 30 117 127 135 55 131 136 112 110 12 100 33 41 153 33 1 1 33 4 33 33 65 152 152 65 1 140 39 1 78 169 33 1 62 93 169 33 33 50 169 129 28 130 97 104 50 50 163 146 12 97 85 169 169 74 63 1 153 41 1 159 1 1 1 
158 158 158 158 158 158 110 17 59 55 27 24 58 109 27 59 116 131 55 55 55 149 56 1 148 85 97 97 97 104 18 110 1 62 2 140 1 119 114 70 1 84 121 133 7 42 153 1 153 152 1 152 153 1 1 91 43 91 73 84 158 84 129 84 100 
92 169 33 148 158 33 73 129 150 42 158 158 62 30 82 136 92 143 101 104 104 165 165 97 63 101 97 142 93 136 127 140 127 64 59 58 140 135 58 135 160 136 136 78 57 146 158 62 41 96 94 26 104 114 74 85 163 169 169 39 12 73 169 161 124 39 99 92 74 57 1 57 
146 1 146 84 92 149 155 149 81 120 36 81 94 39 81 26 114 114 99 119 114 84 157 97 158 114 157 169 158 158 158 33 153 119 35 4 33 1 1 158 169 97 101 165 104 74 165 118 93 136 55 41 91 62 136 41 140 86 115 136 59 136 24 18 118 41 119 56 50 
50 102 102 146 98 121 12 151 111 36 81 94 150 119 98 169 146 33 7 92 36 114 148 50 92 33 26 92 134 26 134 36 84 57 74 114 81 74 85 134 161 26 134 36 85 157 119 104 36 
74 59 62 62 22 136 165 165 101 158 97 118 101 165 168 118 137 123 27 24 110 93 118 86 135 41 164 135 24 116 143 102 143 114 148 158 158 158 158 158 158 33 50 57 
152 81 74 36 148 36 111 84 107 103 129 39 119 152 169 149 57 142 41 67 13 110 146 12 28 150 81 39 84 157 81 161 36 146 119 98 39 119 114 
36 146 158 158 158 169 74 142 168 158 158 158 118 93 93 71 93 86 135 131 123 71 24 135 136 93 59 1 1 146 74 148 151 114 74 157 98 12 119 98 56 12 150 155 92 93 11 1 65 56 84 104 36 121 98 12 39 
26 129 39 146 148 81 36 114 149 18 70 143 153 33 62 154 159 33 1 146 1 18 1 114 165 97 158 143 147 158 158 165 110 18 165 126 9 58 131 78 168 86 135 78 9 77 158 93 24 119 158 33 89 149 74 56 42 65 102 
16 12 50 161 133 107 134 92 163 74 74 157 36 36 163 148 36 107 107 26 114 36 74 114 130 134 148 102 153 117 44 18 158 165 165 101 165 165 158 118 142 112 71 164 86 116 131 113 45 110 24 118 143 117 136 110 1 1 
1 1 1 169 39 169 19 140 148 104 148 57 81 169 169 12 12 119 92 161 161 36 12 16 1 169 57 158 33 84 16 56 12 85 114 121 28 150 57 129 148 148 129 121 114 74 146 157 158 168 43 158 148 104 63 168 158 158 158 143 112 112 71 140 167 137 86 24 162 117 110 93 140 93 136 
158 169 120 150 134 85 74 26 36 39 107 12 50 121 12 84 74 1 119 67 23 62 33 84 16 152 155 100 84 107 102 148 114 148 36 57 163 130 26 104 85 163 169 1 148 69 73 
120 121 85 63 104 158 165 165 63 101 118 142 78 24 135 59 41 27 62 59 24 118 135 140 63 146 52 12 107 50 169 100 33 28 15 84 157 114 74 129 146 16 92 92 120 134 157 161 163 98 134 104 85 39 169 119 119 100 67 22 158 74 147 158 118 165 142 136 93 140 142 112 24 58 41 27 135 136 93 93 86 168 93 137 1 1 1 1 1 1 1 1 1 62 23 77 117 169 148 97 63 85 98 129 39 81 150 111 39 12 161 81 39 161 158 92 146 158 158 169 39 28 129 36 119 39 99 56 163 74 39 81 36 81 148 169 74 
119 158 158 158 158 169 97 63 58 118 58 93 112 58 58 135 86 160 27 123 167 78 58 74 146 81 74 169 163 36 114 36 107 84 28 12 151 12 84 140 158 41 11 110 146 84 119 84 107 119 103 12 130 134 74 36 103 99 134 74 148 81 114 104 148 39 119 73 25 169 114 104 158 97 158 158 168 63 158 168 168 112 78 59 116 85 9 64 110 136 110 9 24 167 110 62 16 169 50 169 1 33 65 56 124 124 56 149 81 39 129 98 134 36 81 163 92 134 99 129 
16 16 148 26 157 148 119 99 74 158 119 125 125 19 59 114 168 118 147 63 58 164 18 118 140 118 
118 58 140 126 125 62 45 58 116 101 118 114 97 104 24 123 114 114 74 120 16 36 121 52 148 93 31 59 149 57 163 12 99 
148 129 81 114 158 125 63 18 118 140 167 78 112 168 162 77 142 97 129 120 157 36 92 74 26 36 39 99 81 111 129 1 146 73 155 65 33 1 1 33 65 56 33 169 1 129 150 12 129 26 134 57 114 85 81 36 104 114 114 114 146 7 96 133 124 121 129 97 63 63 63 18 147 63 118 168 58 41 140 93 110 136 24 139 110 142 143 112 58 84 79 134 129 151 33 156 99 39 57 26 163 134 74 26 99 146 74 92 169 104 18 122 140 18 168 165 93 58 142 142 110 17 86 
101 118 1 1 1 158 158 77 67 24 63 26 74 1 157 129 148 120 111 111 39 121 56 149 163 57 57 50 14 14 146 146 84 119 12 157 97 74 98 94 36 114 157 134 74 169 84 152 92 143 143 119 158 33 158 63 165 147 97 93 112 112 93 168 135 140 167 91 55 135 71 110 140 167 113 101 99 134 114 120 16 157 111 124 39 49 133 
99 36 84 150 130 99 152 92 134 74 158 74 169 6 78 63 101 63 147 168 112 112 117 71 123 135 18 78 146 124 12 92 114 120 124 111 124 52 111 152 157 148 81 26 163 39 129 74 26 103 129 150 74 74 130 114 148 39 119 129 111 42 158 158 158 158 158 158 165 168 137 55 167 18 118 24 71 59 109 131 58 24 86 142 1 70 114 169 1 
1 1 1 62 76 110 143 16 74 114 98 148 148 103 107 99 169 16 120 99 50 36 148 50 158 169 146 158 158 158 158 146 12 39 129 169 16 39 121 28 50 36 148 36 129 57 130 107 158 74 39 33 158 158 146 97 63 158 92 137 18 18 93 93 135 110 123 123 9 9 45 9 165 143 136 78 134 114 36 169 98 
155 28 12 129 12 28 146 158 158 158 148 99 120 120 84 151 84 134 148 134 129 152 163 104 97 148 169 1 1 148 74 158 147 158 63 165 143 167 140 59 18 140 160 117 24 116 136 140 116 7 146 33 33 84 133 146 169 33 56 65 42 56 149 84 120 85 81 92 74 103 120 129 
157 114 74 129 161 161 169 114 148 157 114 104 114 130 133 129 146 50 158 158 33 4 35 65 81 36 26 142 168 158 158 101 71 112 167 167 112 135 58 9 82 86 116 112 58 135 86 1 1 1 1 169 26 165 62 1 65 149 74 65 146 146 4 119 1 1 153 33 33 65 152 1 140 
140 159 140 19 153 149 74 65 146 1 1 96 12 57 52 65 149 99 84 117 117 43 22 1 92 165 165 101 97 104 63 63 104 158 77 17 24 59 127 27 136 110 41 158 27 77 158 158 158 169 111 130 92 134 148 114 148 111 130 36 28 12 81 16 158 138 136 114 79 57 134 12 
33 146 36 129 98 134 81 92 114 85 97 148 169 158 97 146 158 158 93 167 101 158 158 158 158 101 165 165 118 18 167 140 58 59 138 127 123 24 164 
140 168 136 110 169 114 26 121 7 73 42 89 12 161 146 1 146 65 74 28 84 81 50 133 99 134 36 114 134 148 157 84 129 153 26 161 81 85 12 102 158 158 140 19 140 84 169 158 85 97 104 157 18 110 
93 127 131 137 136 127 22 77 24 55 41 91 1 137 1 56 41 77 27 22 91 1 41 140 1 1 1 1 1 1 1 152 153 41 152 50 146 1 146 33 73 119 114 1 33 81 114 39 16 152 1 152 119 154 153 56 1 1 153 33 33 65 155 16 169 119 130 
148 169 114 85 39 74 92 152 149 16 134 12 148 158 148 50 92 149 102 149 143 41 158 154 23 62 33 165 165 158 104 104 101 158 63 59 127 125 162 167 137 160 59 64 135 24 109 110 117 1 147 81 130 52 12 99 133 146 33 65 152 1 1 152 65 1 41 153 33 158 158 33 65 152 152 16 12 146 158 146 39 
73 39 12 33 74 81 36 36 81 74 92 163 146 1 1 1 1 1 33 89 66 50 104 120 157 158 158 97 165 147 147 18 41 24 118 117 158 22 86 74 41 27 62 62 44 18 143 168 93 65 42 4 35 153 50 124 56 153 158 153 33 33 65 102 73 146 146 133 99 74 92 134 85 143 161 169 
1 114 16 100 74 148 81 92 161 169 169 97 85 169 163 129 129 129 16 169 148 161 134 97 150 157 104 93 158 119 67 13 110 148 85 143 158 147 101 118 112 136 71 71 116 93 40 27 71 110 78 62 169 78 110 1 62 41 140 67 77 41 41 117 59 57 16 152 1 1 148 150 42 33 35 153 39 146 
1 146 12 1 78 114 140 1 65 21 159 119 153 33 33 35 153 114 169 163 36 39 114 92 92 92 155 65 92 26 121 33 102 152 134 146 50 158 62 23 23 70 168 143 169 59 158 26 112 118 158 93 27 
140 116 125 17 140 143 22 27 136 64 24 74 85 134 114 114 119 119 150 28 12 146 1 33 153 153 152 158 158 158 158 125 153 65 169 157 169 169 81 36 28 65 119 39 146 50 129 169 148 129 81 158 74 114 114 157 148 93 23 158 154 23 70 97 118 101 158 158 165 
101 165 168 18 18 59 131 86 116 86 78 17 135 9 41 168 59 24 62 158 158 158 158 42 100 133 7 102 12 39 99 107 129 148 28 157 157 148 148 120 150 152 1 152 148 134 39 104 85 129 26 97 157 84 114 
104 111 157 15 74 74 50 147 85 119 143 59 138 27 24 114 158 140 63 158 158 63 93 158 168 27 140 117 117 110 135 58 9 77 135 62 112 1 1 129 119 143 76 91 93 104 134 114 148 73 12 12 39 148 146 161 
111 28 169 117 19 62 33 73 7 169 74 134 33 33 169 161 98 104 169 149 140 154 13 24 158 97 158 158 143 24 22 45 116 127 9 162 91 59 129 74 63 114 148 97 92 92 63 92 121 133 148 85 56 50 146 1 52 
39 148 1 92 74 119 1 33 153 119 35 70 1 50 169 1 50 146 134 100 84 148 121 36 148 157 129 114 114 12 1 114 104 114 1 91 19 91 118 101 92 63 101 168 63 101 136 167 41 136 93 27 24 140 43 123 
116 24 58 146 14 169 84 47 73 96 150 99 84 36 121 157 74 26 157 97 26 150 107 163 157 16 169 130 36 119 84 148 157 99 16 1 55 5 167 167 165 97 85 165 165 93 59 59 67 127 58 135 135 13 27 110 1 
33 153 117 31 9 93 118 148 36 81 84 146 169 73 111 36 129 12 152 148 140 41 56 56 158 158 33 65 152 155 133 148 148 130 56 161 148 129 12 57 74 148 39 169 43 148 85 168 158 74 18 58 
58 22 135 86 27 136 27 131 131 45 18 111 74 85 92 74 39 107 99 111 146 84 152 119 23 30 140 56 133 148 148 84 73 129 74 99 157 36 98 168 97 119 169 57 146 158 158 158 114 
104 158 143 63 158 165 58 145 59 140 131 136 166 164 116 3 89 149 169 124 161 84 56 169 73 89 102 73 146 169 28 150 161 104 104 81 36 103 103 163 119 99 36 74 148 130 81 81 119 74 
85 130 74 104 39 28 129 149 119 158 158 158 158 158 158 158 158 158 158 158 118 168 167 154 123 131 142 167 109 91 24 113 137 85 97 92 93 110 110 13 77 167 70 143 74 84 146 169 106 133 114 103 99 119 149 155 153 
158 158 41 19 41 158 153 152 155 124 36 92 84 56 150 12 114 36 12 114 163 120 59 54 158 36 165 165 97 63 112 165 112 113 24 116 59 126 123 64 17 110 93 167 100 99 134 114 114 74 85 81 129 103 107 151 157 92 
33 150 57 84 70 41 23 27 158 153 140 92 12 146 114 120 132 57 114 120 99 85 74 119 148 74 98 148 26 146 158 158 110 
13 44 93 148 74 147 165 101 158 165 164 137 131 64 55 24 27 138 9 59 59 164 62 91 2 100 33 158 33 73 73 42 89 150 133 100 39 157 
148 163 103 148 36 16 98 134 74 152 148 26 57 169 36 146 149 92 102 158 11 110 158 158 158 165 167 24 118 58 59 64 136 27 51 24 55 1 1 1 1 1 1 1 1 1 1 1 153 1 1 155 119 143 18 1 65 33 33 73 89 146 1 1 50 12 1 41 159 140 41 19 62 1 33 35 153 84 169 146 65 
169 56 39 1 39 12 119 74 149 155 153 1 117 44 59 1 114 85 165 158 18 118 110 13 83 55 114 50 42 73 89 146 50 33 107 12 33 28 39 134 157 98 148 169 100 33 39 169 146 73 158 41 158 91 27 143 169 50 169 169 33 56 150 12 12 124 134 85 104 74 92 70 70 41 154 19 135 118 63 63 165 165 165 93 112 93 9 77 24 55 82 127 136 123 148 12 56 169 103 108 141 12 119 
16 39 152 157 120 39 92 129 130 134 119 107 157 117 75 168 1 36 147 115 62 158 12 94 12 94 84 133 56 1 1 1 1 62 23 77 117 92 57 1 84 79 150 12 146 169 33 155 1 152 65 33 1 33 84 
12 129 146 50 146 133 12 39 104 103 99 153 36 36 140 158 153 158 158 158 148 74 147 147 85 118 137 22 9 58 59 71 18 158 110 123 123 125 27 45 62 58 39 57 73 42 56 146 36 74 85 50 65 28 84 149 39 92 40 86 39 50 99 50 16 120 155 148 148 157 26 165 1 33 146 92 18 110 1 169 1 1 1 1 104 118 113 40 154 
39 132 124 129 151 50 124 56 26 33 4 96 33 153 121 169 106 106 121 28 28 134 92 134 169 103 149 12 111 36 163 70 110 62 31 147 147 18 165 63 165 18 125 125 67 164 118 118 164 17 1 1 1 136 160 136 1 93 110 1 130 50 14 33 1 169 
33 152 55 24 77 41 1 119 33 74 114 25 150 133 33 119 99 74 41 30 22 27 167 63 63 63 147 101 55 123 41 162 135 58 64 127 17 42 12 92 26 92 169 81 84 50 73 111 169 1 33 153 41 62 62 140 39 146 1 1 169 100 111 133 124 92 114 129 16 1 18 169 57 1 1 41 112 165 104 143 
165 63 168 142 116 117 86 138 135 59 59 17 24 93 42 73 39 146 33 4 33 1 121 50 111 52 73 56 133 148 148 36 130 99 36 161 26 148 100 56 150 111 92 101 158 157 78 44 18 58 143 101 112 147 112 140 136 154 55 110 136 93 9 40 169 36 165 1 112 31 83 167 1 74 1 74 33 124 100 39 12 
33 81 74 164 17 1 56 169 157 169 169 12 12 111 120 36 74 158 143 9 113 127 86 63 63 142 18 101 118 125 125 62 41 9 164 77 162 93 158 146 50 84 104 85 157 99 39 81 111 153 12 65 153 155 119 67 77 154 100 153 169 149 99 130 89 50 148 99 99 74 104 114 119 
143 45 51 164 118 158 158 158 147 168 112 143 140 127 27 24 9 86 131 136 86 62 12 96 73 12 15 99 12 52 50 100 106 107 161 16 114 26 134 148 28 84 146 103 130 70 62 62 17 135 168 101 63 63 93 137 91 6 165 63 
93 110 76 1 1 1 1 1 62 23 83 55 63 1 1 143 148 100 35 161 99 39 114 16 56 67 77 67 119 152 152 56 39 81 99 151 33 130 169 107 158 1 169 154 40 127 97 
165 165 63 101 165 167 125 164 27 71 93 24 62 164 125 158 121 111 92 92 84 161 39 65 39 161 33 140 62 1 62 117 149 39 97 74 133 99 99 151 120 161 146 74 158 74 98 158 91 158 158 158 158 158 158 158 158 158 158 143 101 143 136 131 109 71 116 24 136 162 77 67 39 50 47 133 121 28 120 
111 12 50 107 163 129 114 36 155 99 119 74 114 12 50 169 158 114 74 112 162 18 58 167 167 142 143 136 27 62 116 24 64 136 27 9 1 1 1 1 77 138 24 55 1 169 12 50 73 155 73 146 50 146 85 140 100 67 27 140 152 73 1 18 130 89 153 16 73 
129 92 114 85 158 44 127 93 104 143 165 147 165 112 118 24 77 113 18 168 136 125 125 110 103 148 152 81 161 121 1 121 124 50 114 161 124 1 24 62 62 117 149 39 169 158 169 106 156 57 26 74 85 114 74 78 125 162 154 58 101 97 147 165 63 165 118 116 126 117 113 78 167 
9 24 110 93 92 149 50 50 73 111 161 146 120 12 151 84 129 102 169 134 103 36 169 148 130 84 26 134 168 140 58 86 93 158 143 110 24 123 41 116 24 18 24 166 117 85 140 27 22 62 110 85 85 74 161 121 100 33 161 50 57 158 93 77 140 93 149 119 148 
33 50 103 103 74 74 143 110 9 113 143 168 147 165 55 137 71 136 118 59 123 109 64 158 84 146 148 92 119 16 102 151 146 28 12 150 158 41 158 91 91 119 158 104 157 42 7 106 111 16 104 104 148 74 70 71 154 59 18 147 101 165 143 142 167 34 126 116 41 9 138 135 59 42 73 89 50 111 
107 39 124 124 157 146 16 163 119 26 26 133 12 98 99 36 143 59 127 9 168 104 165 101 93 112 137 43 24 78 135 145 1 1 1 62 13 110 1 1 1 169 100 124 121 169 157 114 1 24 22 152 84 104 36 169 169 12 106 12 28 26 85 148 41 77 62 17 59 147 165 118 101 112 116 18 45 82 71 135 135 126 64 84 107 36 148 92 134 36 111 
84 12 52 161 149 117 77 70 157 169 114 130 141 99 98 157 26 26 169 97 97 84 27 82 127 158 165 165 158 63 101 143 167 110 86 113 59 116 64 9 71 62 42 47 33 111 120 12 12 12 153 12 130 157 129 36 104 114 124 151 12 121 161 81 149 1 91 139 
