1 1 52 42 9 9 34 25 52 1 1 1 1 1 1 1 24 3 24 24 9 51 1 32 8 1 1 1 8 12 8 1 1 1 8 20 11 48 9 9 1 11 20 1 20 1 42 20 8 1 1 1 1 1 1 
1 1 1 57 50 20 39 51 51 8 57 57 38 8 38 52 52 1 51 1 32 57 51 8 20 11 10 41 12 8 8 1 52 1 51 33 33 1 1 1 9 6 42 6 25 52 52 42 52 52 6 22 42 25 25 33 33 33 6 52 11 51 11 51 11 38 38 32 7 1 11 30 8 51 51 11 
11 32 1 32 19 1 1 1 1 52 4 51 51 50 50 50 50 50 20 20 8 1 8 56 20 20 1 20 8 1 1 1 8 20 11 48 11 20 43 20 20 8 50 9 52 20 52 1 38 1 52 32 51 57 51 32 51 51 1 32 11 57 51 11 8 51 32 51 11 57 1 52 32 30 32 32 32 11 11 38 51 32 8 11 9 20 8 24 3 22 1 47 42 1 32 1 52 1 52 52 52 34 
9 9 25 9 33 52 9 42 9 33 3 9 9 25 52 52 9 52 52 42 1 33 52 9 20 8 1 1 1 1 1 1 1 56 42 24 23 20 22 20 20 47 56 11 20 8 1 1 1 1 
1 8 38 38 56 1 20 8 1 1 1 8 20 1 23 10 8 1 1 8 40 56 43 20 20 8 11 9 20 8 8 20 1 23 20 47 20 20 1 47 10 51 1 1 1 1 1 1 1 1 57 23 42 24 8 38 32 9 1 1 42 22 55 24 24 9 50 57 1 1 1 1 1 1 1 24 33 33 3 24 1 24 47 9 42 25 9 24 6 55 25 9 47 11 1 55 
1 23 1 11 32 57 57 51 50 33 52 50 1 51 57 1 1 8 56 20 20 1 20 8 1 8 56 11 11 11 47 48 1 42 1 1 8 48 47 20 10 8 1 1 8 20 1 20 20 10 57 9 42 38 51 57 11 32 11 1 1 1 20 11 11 20 11 50 57 1 1 1 1 
8 20 11 39 12 8 1 1 1 57 32 32 32 52 52 1 52 52 33 1 
1 1 1 9 42 42 6 9 33 52 33 33 9 25 9 9 55 42 24 25 9 52 52 9 52 32 52 42 42 42 22 24 1 8 56 11 11 56 43 10 10 8 8 38 38 56 42 1 20 1 20 8 1 1 1 1 8 56 1 42 20 20 57 51 11 32 52 11 57 51 30 51 11 56 42 20 38 51 24 33 51 8 1 1 1 8 48 22 1 10 20 47 1 1 1 1 1 1 1 1 1 1 1 1 1 9 34 9 52 56 3 34 42 42 52 9 47 22 25 25 9 52 33 33 9 8 51 1 1 1 1 1 24 26 55 52 32 51 32 
1 32 11 56 56 50 52 20 57 57 10 11 1 11 56 1 22 1 
48 8 1 1 57 31 20 51 51 50 57 57 38 32 32 11 57 32 1 57 57 32 42 55 26 9 1 51 1 52 52 1 33 6 33 24 9 42 34 42 55 22 24 33 47 34 9 9 9 33 11 42 43 51 52 1 50 38 8 1 48 38 50 30 51 50 32 9 30 30 38 43 12 8 8 39 11 20 8 48 20 11 30 1 50 11 51 20 38 50 51 1 43 38 11 56 32 52 9 20 8 1 1 1 1 1 8 48 22 24 1 
1 1 50 1 1 9 1 1 1 9 33 52 42 42 42 34 25 9 6 55 24 24 42 9 25 25 33 9 20 56 8 42 20 8 1 1 8 12 8 8 56 11 11 56 1 9 50 1 9 51 8 1 24 33 51 8 8 30 51 11 20 57 1 1 30 30 51 57 30 1 32 51 51 32 1 1 20 42 1 48 1 1 1 
1 1 1 1 1 1 9 59 9 9 6 42 33 55 6 9 9 25 9 9 9 11 23 1 32 1 1 1 1 1 52 9 1 24 36 9 1 11 32 52 1 38 50 23 31 43 20 1 20 11 1 11 20 1 1 47 60 47 10 38 1 38 11 38 56 
32 51 8 32 1 8 10 11 38 43 1 1 24 55 54 25 32 52 52 1 1 1 1 1 1 52 1 52 33 25 24 9 24 34 9 33 9 42 33 42 55 25 25 9 11 57 1 24 42 48 23 32 1 32 32 1 51 51 51 50 20 10 51 57 23 50 57 32 32 11 1 11 
57 1 57 38 32 11 20 11 51 38 51 51 23 50 51 32 32 32 50 11 32 38 51 1 1 32 51 51 1 1 1 8 20 11 39 12 8 1 1 1 51 1 52 1 1 32 1 52 33 25 9 42 47 24 25 42 9 42 53 25 9 25 42 52 52 42 11 23 30 
30 20 20 57 11 50 20 8 30 51 51 23 38 11 11 51 57 8 31 32 51 32 32 30 32 8 32 32 51 32 51 51 38 11 32 32 51 32 32 32 57 32 32 51 32 51 11 1 51 
32 9 24 24 53 25 52 52 52 1 1 52 52 1 52 52 9 34 6 42 9 33 52 42 42 42 42 42 42 9 52 20 52 32 32 1 1 1 1 1 1 8 30 11 
11 51 32 51 32 51 30 38 50 11 11 50 11 11 51 11 11 52 42 28 26 9 57 20 20 38 51 50 38 51 51 57 51 57 11 11 50 11 32 
51 57 1 1 1 51 32 52 52 1 1 1 52 33 33 25 33 9 42 25 34 24 42 42 25 33 9 1 1 57 32 32 8 32 32 51 11 20 11 11 23 20 38 20 32 33 21 1 56 8 38 1 51 50 11 20 50 
32 11 50 57 32 51 51 32 11 52 52 52 20 8 24 22 48 8 1 57 1 33 1 32 1 1 1 52 1 1 1 1 9 52 1 34 34 33 25 9 52 42 42 9 24 55 1 33 42 11 1 8 43 11 32 23 43 56 20 
57 20 30 57 23 50 32 32 51 32 32 51 51 51 51 32 51 50 50 32 32 51 32 32 57 32 32 20 20 24 17 52 1 1 52 52 1 52 1 52 52 33 25 42 42 9 25 6 25 9 42 52 52 24 25 9 1 1 
1 1 1 51 50 51 2 9 32 1 32 11 51 51 51 20 20 11 32 57 57 51 20 57 1 51 11 1 8 38 57 8 20 1 32 50 20 38 11 11 32 32 11 50 32 32 57 51 1 52 60 1 32 1 1 52 1 1 1 52 33 33 25 9 33 9 9 42 47 24 9 33 9 33 25 
1 51 38 38 51 32 32 32 51 50 50 20 30 50 20 38 32 1 11 28 3 24 8 38 57 11 20 56 38 50 20 32 32 32 51 11 51 57 32 1 1 51 51 1 32 27 10 
38 50 1 1 1 1 1 1 1 52 52 52 9 42 42 9 42 6 24 9 42 52 42 33 1 57 56 20 50 30 51 56 8 20 10 38 51 32 32 11 57 57 32 32 38 32 51 57 51 11 51 1 1 50 51 11 11 56 28 53 1 32 1 1 52 1 52 25 33 9 52 33 42 33 42 6 42 25 33 33 42 52 33 9 1 1 1 1 1 1 1 1 1 24 3 55 24 51 32 1 1 32 11 11 50 51 38 30 50 20 57 51 50 57 1 32 57 1 1 51 50 20 11 51 11 50 50 23 51 32 50 51 51 51 32 51 32 
11 1 1 1 1 51 1 1 33 52 33 33 33 33 33 42 42 55 6 34 33 9 33 32 57 51 32 51 51 51 32 51 50 38 20 20 8 20 38 9 1 42 21 9 57 38 11 38 50 11 11 20 57 51 32 51 11 50 32 32 32 51 32 1 32 50 11 10 39 51 32 1 1 1 1 1 52 1 1 52 52 33 9 9 9 1 34 47 9 25 9 24 42 33 9 24 57 51 30 51 1 8 56 8 23 23 8 11 51 50 11 11 51 51 51 51 32 51 50 11 
57 57 32 32 51 32 11 57 32 1 11 47 47 2 9 32 52 52 1 1 33 42 52 52 33 52 
52 33 9 34 47 24 25 33 9 52 52 32 1 1 42 34 32 32 32 50 57 51 50 56 32 33 7 9 11 11 51 20 57 
32 11 51 32 1 47 1 52 52 9 33 9 33 52 47 55 52 1 11 38 51 51 32 32 32 51 50 50 51 30 11 1 57 10 20 56 8 1 1 8 56 8 8 51 1 11 38 20 11 32 32 11 32 32 51 51 1 32 32 32 57 31 48 23 56 50 11 1 1 1 1 52 1 1 52 52 33 42 9 33 9 25 42 3 9 52 52 33 33 38 48 32 11 8 8 48 57 50 11 32 51 32 32 32 57 57 32 32 51 1 52 29 9 52 52 1 33 33 52 52 9 59 9 
52 52 1 1 1 1 1 55 28 42 1 32 32 1 51 11 32 38 30 30 50 50 23 11 51 11 11 30 41 41 57 57 38 11 20 51 1 32 11 23 51 32 51 32 32 51 38 11 32 52 52 11 1 8 1 1 1 1 1 33 33 33 33 52 42 9 33 47 9 42 24 9 9 33 6 52 57 51 32 38 57 51 30 23 50 49 23 
50 51 38 38 57 57 11 32 51 32 1 32 51 54 9 1 52 1 1 52 33 33 24 24 34 42 52 9 57 23 20 32 32 38 23 30 23 56 30 11 51 32 51 32 51 50 11 32 32 11 11 38 32 32 57 32 32 50 11 11 30 43 1 1 1 1 1 1 1 52 9 9 33 52 52 42 25 9 55 25 33 42 42 52 1 52 32 51 1 
1 1 1 24 46 9 52 57 32 32 11 32 32 11 50 57 51 57 38 50 30 51 32 30 1 51 57 1 1 1 1 57 20 50 11 51 57 50 50 20 30 51 32 51 11 11 57 50 1 32 50 8 1 1 57 1 1 1 32 9 52 52 33 33 42 9 34 34 34 34 25 34 52 52 25 9 51 32 51 51 11 
20 20 20 11 20 20 57 1 1 1 32 50 38 38 38 30 38 51 32 51 11 11 51 1 1 32 51 1 1 32 32 1 1 1 1 1 52 33 9 9 52 33 55 24 42 9 25 9 9 31 57 8 8 38 23 57 51 8 8 56 43 23 11 38 38 1 51 32 32 11 38 11 
51 32 32 11 57 57 51 32 32 51 32 1 32 11 23 11 57 30 1 1 8 12 39 56 51 51 32 52 52 1 1 52 24 33 33 33 33 42 33 24 54 42 9 33 33 42 42 1 1 1 1 51 32 1 24 1 56 11 32 56 57 57 12 11 1 1 20 8 8 56 11 1 9 
9 48 9 2 20 11 32 56 57 1 1 48 20 11 56 56 11 57 38 24 24 60 53 1 32 1 52 52 1 1 1 1 1 1 55 59 42 9 24 6 25 9 42 1 6 55 1 1 1 51 30 57 32 32 32 32 32 30 57 51 38 20 51 57 1 44 25 32 48 11 51 20 
8 57 51 11 11 51 51 32 32 1 1 32 51 1 1 57 1 1 33 33 52 1 1 1 1 52 1 52 52 52 33 9 33 9 44 24 34 42 42 
9 52 25 9 51 32 32 50 31 10 43 43 20 57 57 1 57 56 32 20 38 51 30 23 57 32 51 32 32 32 51 38 11 20 32 57 51 1 20 20 1 1 9 2 9 38 51 1 1 1 1 51 52 9 
33 24 25 9 25 24 53 55 42 9 42 47 1 9 1 23 42 55 6 53 47 1 42 9 1 1 1 1 1 1 1 11 20 42 11 30 57 1 57 8 10 11 32 1 8 51 32 50 57 11 1 11 11 22 20 23 1 1 20 8 8 56 20 57 51 11 57 
32 51 32 1 50 32 32 11 11 57 51 20 32 1 32 30 32 11 20 11 52 42 1 22 3 24 8 1 1 1 1 1 52 1 1 9 24 47 47 33 9 55 9 34 42 42 55 9 24 1 1 51 57 56 20 57 23 57 8 56 11 1 1 11 56 1 42 20 8 1 1 8 56 11 11 57 20 57 1 57 50 
10 50 20 8 32 51 51 51 51 32 32 51 57 1 1 1 1 1 8 43 12 30 1 38 51 1 1 1 52 1 1 52 42 42 52 24 1 53 42 32 42 6 24 24 17 52 52 52 33 56 43 12 39 20 30 23 8 20 1 20 8 8 56 20 10 57 57 23 57 32 32 32 1 52 57 51 
1 32 57 56 32 32 51 32 57 51 51 1 1 51 51 11 11 11 57 51 32 57 51 1 38 51 1 33 1 11 28 26 9 32 1 52 1 1 52 52 33 25 25 24 9 33 22 6 25 9 9 24 51 9 9 1 24 42 9 28 55 42 42 24 9 11 57 11 1 1 32 38 43 8 39 20 50 57 
1 57 20 1 9 32 9 1 56 27 48 11 20 8 8 39 20 32 51 51 51 50 32 32 32 32 20 56 32 32 50 8 20 11 32 57 30 1 24 3 3 52 52 52 51 9 1 32 33 52 1 33 6 
33 9 47 59 33 52 53 6 25 34 42 32 32 51 32 32 11 11 38 20 20 57 1 8 20 20 11 1 1 1 1 47 20 56 51 51 51 51 51 51 20 56 11 50 57 30 11 51 32 11 51 1 32 32 32 51 32 33 3 1 22 3 52 1 52 52 1 1 52 
52 52 52 52 52 9 25 42 9 42 9 59 42 34 42 52 9 42 24 1 1 1 1 43 56 23 31 20 20 50 50 50 11 32 20 51 51 32 32 38 38 11 1 11 32 51 50 1 1 11 32 1 51 38 32 
1 30 51 56 32 32 30 1 1 11 52 9 44 6 42 32 1 33 1 1 1 1 33 1 52 6 9 24 24 9 42 33 34 6 42 24 33 1 1 11 11 52 46 47 33 1 51 32 32 10 20 20 50 32 57 57 
30 20 51 24 2 24 8 10 31 51 32 32 8 8 51 57 11 1 51 11 9 22 26 42 1 1 1 1 52 42 53 25 9 24 24 47 47 9 11 32 1 32 32 1 32 32 1 32 50 23 32 1 8 30 57 1 56 
50 32 1 32 32 11 1 8 20 11 39 52 1 30 51 1 30 57 32 56 38 32 50 51 32 51 11 32 32 20 1 32 1 32 1 47 2 47 52 52 32 1 52 52 1 52 25 33 42 25 33 6 42 33 60 34 
9 42 33 57 41 51 38 48 10 48 38 57 38 51 50 51 32 32 51 1 32 38 50 51 51 57 51 57 51 11 38 32 51 57 57 1 9 13 33 33 52 1 1 1 1 33 9 9 28 24 33 42 42 26 6 9 1 
8 20 24 7 34 33 52 32 51 51 38 57 51 10 30 51 11 20 11 32 9 42 23 23 1 1 8 56 11 20 23 32 32 57 23 57 32 11 20 11 32 32 50 51 60 32 32 52 1 32 33 33 
33 53 42 42 6 25 6 25 25 25 52 30 32 32 32 32 50 50 50 30 57 38 11 11 3 55 9 8 23 32 32 38 10 11 32 50 51 51 11 52 1 11 51 11 57 1 1 1 32 
1 1 52 1 1 52 33 60 9 9 25 25 53 42 9 15 43 11 51 23 57 38 8 51 10 43 20 10 57 51 20 38 57 1 1 51 51 11 11 51 11 50 51 32 32 57 51 51 11 32 
1 57 32 1 50 20 11 11 11 1 1 1 1 1 1 1 1 1 1 1 52 52 33 22 34 25 52 33 55 47 42 6 9 32 1 32 33 9 9 26 55 33 52 52 32 38 57 51 56 23 32 11 50 11 11 20 20 
1 1 42 2 42 1 20 11 20 23 51 32 38 8 38 20 32 51 30 32 51 38 9 45 1 51 52 1 1 1 33 52 33 6 42 9 9 34 34 34 59 9 33 33 56 57 32 32 32 32 1 51 11 11 50 8 51 32 
8 38 11 38 52 42 3 6 1 20 9 32 20 57 32 38 56 11 32 38 50 1 32 11 32 32 11 32 32 57 1 1 9 
26 17 33 32 32 1 1 52 1 52 42 9 25 34 9 42 6 44 34 9 9 42 24 47 36 56 8 1 8 10 10 43 43 38 23 56 50 51 
32 51 11 32 51 57 11 51 32 11 32 32 11 51 51 57 11 32 20 1 21 9 1 1 1 52 33 42 52 33 9 34 25 6 3 42 9 1 1 1 1 1 1 1 1 1 1 1 20 1 1 20 11 52 52 1 56 8 8 10 43 57 1 1 30 20 1 42 48 9 42 2 24 1 8 39 20 38 51 57 56 
51 8 50 1 50 20 11 32 11 20 20 1 24 17 9 1 32 1 52 1 52 52 9 26 22 9 32 30 43 10 43 57 30 8 50 20 8 20 50 51 51 11 32 51 56 8 50 51 57 10 1 42 1 47 6 52 51 30 51 51 8 8 38 20 20 56 32 1 1 32 32 52 52 42 22 2 42 52 1 1 1 1 52 33 33 33 24 55 42 9 54 24 25 34 32 30 23 51 11 39 43 20 11 
57 50 11 51 38 50 32 11 57 51 11 50 51 24 36 52 1 51 1 53 24 1 20 23 30 23 38 23 23 1 1 1 1 24 3 55 24 32 11 1 38 48 38 20 57 51 8 20 1 11 56 8 1 8 38 
20 11 57 30 57 23 20 50 1 11 50 20 51 51 9 1 20 1 1 1 32 32 1 1 32 52 9 53 34 33 9 25 52 1 9 34 34 47 6 25 24 33 50 11 10 43 23 57 51 32 32 30 56 20 38 11 50 32 22 42 50 30 50 30 57 50 20 32 32 51 32 52 1 8 57 32 52 9 1 51 1 1 1 1 1 52 6 22 22 
50 56 23 11 8 30 23 23 32 8 12 48 8 20 50 51 56 56 50 20 20 51 32 51 51 11 11 20 30 51 51 52 9 24 7 1 1 52 1 1 1 52 47 47 28 42 52 52 42 59 1 1 1 25 55 25 1 33 9 1 57 30 41 8 1 51 
8 11 9 42 55 42 1 11 8 32 32 39 38 23 8 11 57 32 42 55 53 6 33 1 1 1 1 52 9 34 42 47 42 33 34 24 59 43 20 32 32 32 51 51 38 30 10 30 51 1 8 20 42 24 24 9 50 57 1 1 51 56 30 23 23 32 32 11 57 1 52 51 11 1 1 42 33 1 1 52 
1 1 52 52 9 24 42 44 42 9 9 59 42 33 43 10 50 57 8 12 8 1 50 30 30 56 10 8 23 32 32 51 57 50 51 57 32 32 56 8 38 30 32 52 1 51 9 17 52 33 52 52 33 1 33 9 25 22 9 9 25 33 34 22 51 51 1 1 33 7 22 33 1 32 1 32 8 23 56 50 20 
8 51 32 42 59 1 23 51 51 51 51 20 20 30 50 51 32 1 52 34 6 24 42 1 1 52 52 52 52 47 47 24 42 24 42 6 47 33 1 57 30 38 1 1 51 50 50 51 30 20 20 56 20 20 11 28 55 22 56 20 51 11 50 57 43 30 32 50 50 32 1 32 11 
52 25 3 42 52 1 1 1 1 52 33 52 9 24 6 42 24 42 25 25 42 24 20 48 10 20 10 57 20 56 30 56 56 50 57 57 32 32 32 32 38 38 57 11 57 52 24 24 59 42 52 52 1 1 33 9 47 54 1 1 
33 9 46 1 1 1 1 1 24 3 22 9 1 1 1 52 32 56 39 57 50 50 32 57 23 28 55 28 11 11 11 23 50 51 50 8 8 11 51 50 1 1 51 22 22 24 1 
1 1 1 52 52 33 47 42 6 25 33 42 24 42 47 1 50 30 32 32 38 57 50 56 50 57 8 9 24 1 24 24 11 50 1 32 23 50 50 8 38 57 57 32 1 32 11 1 47 1 1 1 1 1 1 1 1 1 1 52 52 52 25 25 55 25 9 42 25 47 55 28 50 30 48 23 50 20 38 
30 20 30 50 51 11 32 51 20 57 11 32 32 20 30 51 1 32 32 33 47 52 33 33 33 52 52 25 6 24 9 42 34 25 6 34 1 1 1 1 55 44 42 9 1 51 20 30 10 20 10 57 30 57 1 9 56 28 6 9 11 10 1 52 57 43 20 57 10 
11 32 32 1 1 17 24 33 1 52 52 1 52 33 52 42 55 6 52 52 25 47 47 9 11 32 11 51 57 50 1 50 56 30 32 57 23 1 42 24 24 24 11 50 51 1 51 56 48 11 32 32 1 32 32 9 47 47 22 33 52 1 1 1 1 52 52 9 34 24 6 9 33 
34 42 9 33 32 11 30 30 10 30 57 57 38 20 30 38 11 20 51 32 11 51 51 32 11 38 32 51 52 9 33 42 33 1 52 9 42 34 42 9 42 52 42 55 24 1 9 6 53 24 9 1 32 32 57 50 56 8 57 30 11 1 33 55 9 33 11 11 32 
8 30 11 11 32 32 52 9 34 6 52 52 1 1 9 9 25 25 52 9 34 55 34 1 38 57 32 32 11 57 20 8 57 20 20 38 1 42 1 47 47 11 1 1 51 43 31 56 30 57 1 1 32 32 52 25 22 9 52 1 52 1 52 52 33 6 34 9 42 34 44 42 9 43 10 43 30 30 
50 50 23 23 51 57 57 51 11 32 32 23 20 11 50 51 52 9 24 34 52 1 52 52 33 33 9 60 42 9 42 60 1 1 1 24 26 9 1 1 1 51 56 56 50 51 51 32 1 42 53 11 38 1 51 51 51 30 56 20 38 32 1 32 42 55 24 59 9 1 1 52 52 33 9 52 25 54 25 42 42 34 34 38 50 51 32 32 51 51 30 
38 20 56 57 11 24 55 52 51 51 32 11 43 50 11 51 32 32 51 1 1 38 6 54 24 1 1 1 1 1 52 52 33 9 9 6 9 9 34 34 25 24 43 48 8 30 38 20 20 20 20 30 57 51 11 51 1 32 23 8 20 50 57 51 11 1 47 3 
