14 48 68 14 68 55 99 83 116 14 89 58 100 118 53 19 100 100 100 105 92 1 45 28 116 53 60 101 23 100 100 96 109 62 14 38 1 86 39 10 3 24 24 89 24 24 102 56 1 80 21 21 83 82 35 21 21 50 12 1 14 
96 101 58 38 14 62 29 117 96 96 96 39 10 50 50 76 83 92 109 79 112 59 71 100 59 96 62 48 62 24 68 48 21 59 33 81 14 48 116 24 56 56 89 1 1 77 108 83 17 54 1 1 76 12 94 100 116 38 100 101 117 112 23 115 92 48 86 14 92 92 48 14 117 96 71 48 48 100 59 59 14 1 38 114 10 80 94 1 56 24 21 89 102 1 
35 21 21 57 84 1 50 10 83 77 118 116 116 116 116 116 116 116 116 116 116 50 5 107 17 59 39 116 116 59 48 38 118 116 116 112 117 71 109 100 38 81 39 116 14 6 112 116 116 116 116 116 116 116 100 8 56 89 83 117 8 118 116 116 100 58 111 117 71 38 116 96 106 48 86 24 86 59 39 39 17 13 50 116 24 24 14 68 56 1 24 21 21 21 74 94 94 82 83 54 99 63 57 35 116 112 36 68 
14 62 62 116 14 71 100 53 106 79 96 39 8 100 116 116 116 116 10 116 109 39 39 79 96 71 100 36 59 14 38 38 59 92 68 59 36 24 24 24 117 83 24 117 118 116 50 17 39 118 116 116 116 24 24 24 24 24 24 24 21 10 77 108 76 17 17 76 97 108 12 35 104 8 53 100 116 100 111 117 53 100 118 30 39 14 48 38 
71 71 59 71 71 92 92 48 39 39 14 38 59 92 68 1 89 83 82 10 10 63 116 86 24 24 68 102 89 80 45 63 63 17 63 17 99 45 67 80 50 1 89 56 86 96 116 116 116 116 118 39 116 36 14 14 101 38 116 111 100 116 38 96 38 115 6 71 100 38 116 38 96 38 14 39 115 38 83 39 118 116 116 116 
118 39 116 39 39 115 58 116 58 100 100 79 101 92 101 58 58 100 14 92 100 14 86 
14 38 62 92 48 48 100 116 116 50 89 59 116 56 116 116 68 68 116 24 24 118 38 24 24 24 100 71 101 23 101 41 106 39 120 62 23 120 110 96 111 96 8 112 39 83 48 86 71 92 1 14 39 79 100 116 118 117 59 116 59 117 118 116 118 8 39 76 10 107 80 116 39 59 109 38 116 116 100 96 36 116 59 96 100 96 101 23 116 116 96 68 1 14 48 48 14 116 116 48 81 71 53 70 38 116 116 68 48 102 116 116 102 68 86 56 116 1 89 116 116 116 116 116 39 59 59 117 112 81 23 39 106 14 14 58 8 51 111 29 109 92 115 111 8 112 39 17 116 8 8 
118 116 118 30 116 30 118 116 116 116 38 105 8 116 116 
59 111 96 58 71 115 92 38 14 59 14 56 62 116 89 62 38 14 109 39 59 14 14 86 86 109 100 96 92 14 17 117 14 83 116 116 116 45 89 116 116 24 24 24 24 24 24 24 24 24 118 111 86 86 115 92 60 79 59 53 96 62 68 14 81 60 101 100 79 71 115 23 4 118 116 116 116 116 116 116 116 50 74 74 50 116 116 116 38 62 116 71 6 36 96 100 118 117 
36 111 89 59 116 45 46 76 39 83 89 81 59 71 23 101 71 96 109 92 111 100 100 23 24 24 38 111 83 17 13 74 35 100 38 21 24 86 116 68 89 21 24 24 24 1 83 76 114 108 82 76 17 35 108 63 76 74 63 17 76 24 48 14 86 71 81 117 117 23 86 56 83 59 15 107 114 14 14 62 96 29 109 6 101 62 101 48 48 68 68 
116 116 20 68 116 116 56 24 24 56 102 21 80 17 17 50 83 63 35 17 73 60 71 92 92 120 36 106 92 79 79 59 100 58 48 14 86 48 39 101 118 59 14 71 48 102 55 64 89 116 56 24 116 68 1 80 50 40 108 1 21 35 97 50 89 62 
100 116 116 116 50 74 97 76 116 116 116 116 39 118 118 72 39 111 100 116 116 118 117 116 17 36 39 15 5 116 4 38 38 118 118 39 116 36 36 116 39 116 17 39 118 118 39 17 116 8 36 116 39 118 116 116 116 116 38 68 86 68 102 1 24 24 24 21 97 45 35 35 15 117 114 94 94 50 
82 76 95 53 43 118 24 118 36 86 14 39 59 71 71 68 56 116 14 14 14 92 14 48 39 19 112 118 8 53 100 116 116 116 116 50 5 50 50 114 14 79 100 24 38 71 38 8 59 38 96 38 38 109 62 48 86 48 14 71 71 14 14 79 36 36 79 112 43 8 59 83 114 
86 68 1 102 24 24 24 24 89 1 1 24 21 74 10 97 94 95 67 17 17 35 10 82 76 17 83 115 109 118 118 53 59 1 59 96 100 118 8 36 39 104 39 39 81 38 116 38 62 68 96 92 116 39 
109 116 38 100 38 100 71 6 6 71 100 38 111 58 71 24 83 117 10 10 24 10 24 48 89 56 24 56 1 56 24 24 77 77 83 114 95 77 
83 99 103 108 95 35 24 68 103 21 14 71 100 23 62 62 90 71 92 106 62 38 14 26 102 56 89 76 108 54 59 83 56 68 59 59 115 109 112 53 
6 79 100 38 81 116 83 117 24 17 24 37 83 30 39 48 89 39 100 100 36 59 4 100 24 118 30 71 102 38 109 48 24 24 24 24 116 116 116 116 116 116 38 14 86 56 56 116 102 21 24 24 50 5 82 74 114 39 24 76 82 74 74 
21 38 118 116 118 8 39 76 72 53 53 100 100 8 39 53 38 14 70 96 79 100 48 59 115 59 100 109 96 105 23 59 101 116 68 118 116 38 48 24 24 56 56 102 89 84 77 94 46 5 82 74 116 116 116 116 
116 116 116 116 50 13 17 39 59 116 59 39 17 116 36 48 38 116 17 39 118 50 83 111 96 36 17 116 117 39 117 118 116 116 116 116 116 112 6 14 59 14 86 36 48 89 83 111 100 116 116 116 116 116 116 116 116 100 14 56 116 56 116 38 83 35 100 36 17 116 8 8 118 116 118 117 59 116 59 59 117 111 116 38 38 116 
116 116 38 59 59 48 71 36 39 39 118 116 116 116 116 116 116 14 71 116 1 50 116 14 71 21 1 24 24 21 12 84 80 83 83 35 24 24 89 89 116 102 89 24 80 74 63 24 50 57 80 102 102 56 102 1 56 1 1 38 108 92 6 58 64 86 92 109 59 62 14 48 108 10 56 24 24 102 64 108 94 8 
109 58 14 62 58 38 14 86 55 102 56 1 17 80 108 35 84 48 58 116 48 39 115 86 73 89 1 108 40 17 67 59 59 14 116 14 14 38 21 116 109 100 116 116 100 53 36 36 100 116 116 100 
36 116 116 59 117 76 59 116 45 45 116 59 76 39 58 83 39 118 116 116 118 39 59 30 116 14 109 118 116 116 116 116 38 101 14 48 39 116 117 83 116 39 116 39 118 116 116 116 116 116 116 118 30 15 35 116 116 116 116 116 116 116 116 116 116 116 116 116 116 116 116 56 56 116 38 116 116 116 24 24 24 24 24 35 89 1 76 114 50 24 68 102 102 24 1 21 24 77 63 63 80 80 17 83 84 63 89 83 89 24 83 1 89 77 14 1 17 94 116 116 116 112 36 38 36 118 118 30 76 39 36 116 116 59 109 38 116 116 116 38 111 38 59 92 59 36 48 
38 116 21 38 112 59 80 116 117 38 59 116 117 83 116 36 48 58 100 116 116 116 116 116 100 111 59 116 116 36 36 17 116 117 118 116 116 116 116 116 116 116 116 116 116 116 116 116 116 116 116 35 45 83 116 76 1 1 1 116 1 1 48 116 74 17 76 82 74 45 35 116 116 116 116 116 116 1 1 14 116 74 117 50 77 35 21 62 116 45 74 50 116 116 116 116 116 118 117 39 59 76 30 118 116 118 30 116 30 118 50 17 39 116 28 76 102 1 59 96 100 116 116 116 112 117 96 100 24 24 38 109 59 39 59 24 59 117 116 17 116 116 118 48 102 89 24 71 
24 56 1 35 24 24 35 74 83 83 76 24 38 83 35 24 24 24 35 12 63 94 50 82 77 1 76 108 64 77 24 
17 50 80 80 14 110 68 95 21 100 29 48 68 116 52 24 24 102 74 80 54 94 101 71 92 14 62 
109 92 68 16 56 56 21 17 67 63 83 35 116 116 116 116 116 116 50 5 82 114 59 100 100 116 100 117 59 92 59 36 118 116 118 117 39 36 48 38 116 10 116 116 116 116 39 39 39 17 39 96 23 60 53 14 14 111 101 38 102 14 39 59 39 83 14 58 116 116 116 38 59 116 56 89 48 86 83 21 24 63 54 35 24 86 1 108 84 63 45 83 77 108 74 63 84 114 54 1 83 80 77 21 58 96 58 
116 79 92 116 116 92 100 14 116 71 38 38 92 109 96 116 86 79 100 116 116 118 117 39 117 118 116 116 116 50 28 74 17 59 117 83 83 8 100 24 24 118 53 6 38 24 109 38 24 100 58 59 39 24 24 39 14 1 83 117 48 62 38 116 116 116 116 116 116 116 116 116 116 36 96 116 56 116 86 68 102 68 48 24 1 35 24 24 50 97 50 24 68 102 1 21 108 108 95 63 63 63 77 12 67 35 108 21 109 51 59 59 117 112 117 59 59 117 118 116 116 118 117 59 116 59 36 48 
38 118 116 116 100 111 59 14 62 39 115 58 38 68 56 48 96 71 59 14 115 39 79 116 80 59 112 38 83 35 21 80 35 24 77 45 89 21 21 24 24 24 24 50 80 1 80 74 89 83 35 24 24 24 82 74 80 35 82 74 80 99 50 83 50 59 92 62 38 116 80 3 35 1 1 14 111 101 115 115 39 38 59 104 
36 116 83 59 39 114 97 45 17 86 109 79 111 79 19 101 6 14 62 19 24 86 36 76 76 13 63 116 86 89 24 68 102 17 1 21 76 1 89 84 67 67 54 94 99 108 35 100 70 38 68 14 14 71 92 92 59 109 86 83 59 117 112 117 39 36 48 38 118 50 5 15 59 59 116 59 39 36 41 96 8 38 71 38 116 48 38 100 86 14 39 
39 14 62 100 116 116 116 116 100 53 34 96 86 68 21 116 38 56 1 89 24 24 24 50 77 67 63 35 21 89 80 114 108 108 17 63 50 17 67 118 4 116 86 100 38 38 100 71 101 8 111 41 117 81 48 14 106 38 62 92 48 86 71 71 38 116 38 109 92 59 101 62 14 62 71 101 38 48 
92 59 24 59 5 45 35 38 48 1 24 48 56 35 24 35 50 21 84 83 56 24 89 35 99 108 83 99 17 63 108 35 50 116 116 116 100 96 39 10 5 82 80 116 109 96 58 58 39 38 116 115 81 51 39 117 118 50 21 38 116 13 83 30 116 102 1 116 117 118 118 117 39 51 14 48 106 
100 14 86 59 115 48 5 28 35 116 116 38 111 83 35 24 24 50 94 63 108 86 102 21 89 82 76 74 108 77 57 63 99 83 118 105 92 14 68 38 59 62 106 60 59 79 111 101 115 59 36 76 116 116 104 23 48 101 101 38 96 53 106 79 100 38 68 116 14 38 92 48 56 89 116 5 
83 77 102 56 116 116 116 24 1 1 1 67 83 77 17 77 67 64 77 35 64 50 83 116 38 81 120 58 100 116 100 8 59 59 8 8 109 92 59 
62 68 14 92 38 59 92 115 14 86 38 59 48 38 23 14 105 36 102 1 24 10 26 1 56 68 68 21 102 24 35 76 35 1 77 1 21 22 67 108 113 94 35 63 35 83 38 118 50 5 107 21 86 109 38 116 116 100 53 8 112 109 6 36 76 117 83 13 17 83 58 36 59 14 
109 112 117 39 6 101 38 38 14 14 101 116 102 116 117 15 45 45 35 24 24 38 48 102 35 21 77 17 24 17 76 21 89 21 77 94 21 26 63 63 67 114 12 6 116 21 115 6 86 14 101 23 39 92 109 23 38 100 96 36 39 114 74 50 35 83 116 116 58 96 53 53 100 111 62 62 109 86 38 109 68 
68 14 116 116 38 71 38 36 33 96 86 68 116 116 56 24 68 102 77 24 35 108 83 35 1 77 15 83 83 108 80 64 76 35 109 39 96 71 56 109 79 116 58 115 39 117 112 109 115 117 58 68 68 116 59 14 14 109 71 38 71 86 86 92 92 100 59 59 14 14 106 62 48 38 
115 83 116 17 82 16 89 24 24 89 89 1 17 24 77 1 21 77 1 77 83 76 108 108 94 63 97 35 35 116 62 59 102 78 108 77 1 62 71 109 39 120 88 39 68 102 39 116 5 5 118 39 71 92 36 29 111 38 38 62 48 48 86 17 49 102 102 56 68 86 89 63 67 67 21 1 89 35 95 80 80 114 54 116 116 111 120 100 14 14 109 29 59 59 39 96 118 117 59 59 39 116 17 13 
83 59 36 48 58 96 81 51 112 71 92 109 86 71 86 24 86 100 38 116 116 116 116 116 116 116 86 86 116 24 14 24 14 114 50 35 17 35 108 35 21 46 84 21 64 10 99 10 8 117 48 58 100 100 8 59 59 117 112 117 39 59 71 14 58 96 48 59 59 86 86 92 14 14 71 59 71 92 92 56 79 92 62 109 86 83 59 39 24 76 
89 68 116 89 21 24 89 21 63 1 1 108 67 84 17 108 108 94 12 17 74 35 84 86 68 12 114 89 86 58 53 92 86 62 50 63 84 62 62 118 120 59 71 86 116 22 80 24 56 56 56 83 35 89 21 108 67 
76 63 80 17 79 38 62 59 71 100 109 100 71 71 71 1 12 45 56 116 59 29 96 106 48 86 59 14 86 48 68 116 86 100 58 68 116 68 116 24 102 56 21 63 89 1 84 12 114 54 12 64 17 8 59 48 71 115 23 36 96 58 58 38 14 
14 71 71 38 48 38 106 48 59 38 14 92 21 50 74 21 68 68 21 1 102 89 94 17 89 21 77 108 76 108 108 17 62 86 1 85 80 116 48 59 101 110 71 59 14 77 28 21 100 115 92 79 23 14 59 14 1 11 89 24 24 102 21 21 67 77 1 94 
50 50 114 108 116 41 106 62 48 38 19 92 6 8 39 38 114 46 35 116 39 118 19 71 62 62 115 71 68 86 56 116 69 68 116 68 68 116 24 21 77 84 21 83 64 63 76 94 116 68 41 8 8 111 39 109 62 48 62 111 59 62 14 48 62 24 74 57 21 24 24 102 1 63 83 89 83 108 95 99 21 116 14 
96 86 116 17 107 97 35 116 1 1 71 106 111 39 105 79 109 51 59 48 116 58 116 26 76 79 101 56 38 39 29 39 115 23 111 38 48 14 56 21 2 35 116 48 68 116 102 102 80 94 84 17 1 89 67 50 17 95 83 76 80 92 71 14 92 120 59 100 
39 48 77 73 59 62 48 115 118 39 62 68 86 86 116 89 49 89 116 116 24 24 102 21 89 77 35 80 76 80 35 76 116 8 23 14 19 87 100 109 6 23 58 48 62 14 14 71 111 58 14 14 94 
40 21 24 24 24 21 94 1 21 94 94 108 40 67 38 116 116 116 116 116 50 5 50 21 102 48 62 23 59 100 36 29 38 59 117 114 15 84 71 59 14 109 120 120 71 62 92 115 48 116 77 46 64 116 116 24 
89 24 24 99 108 77 21 56 89 107 94 108 108 50 36 41 109 71 92 92 14 38 106 92 115 79 41 115 17 59 39 5 74 83 14 62 39 106 120 118 19 14 48 14 68 116 68 48 21 98 56 116 116 116 116 68 24 102 21 
83 77 54 89 102 108 64 83 94 67 108 17 112 8 106 111 100 100 109 100 79 115 106 101 79 92 48 48 86 14 62 48 48 58 71 58 48 48 39 62 86 24 1 57 63 24 24 24 24 24 89 89 21 54 1 77 21 
21 94 108 94 108 22 77 77 116 50 116 112 94 21 96 83 114 20 116 50 15 39 36 116 39 1 80 30 71 48 14 116 116 116 38 106 36 59 53 38 116 38 88 100 56 48 48 21 
2 108 116 79 38 116 6 41 38 48 115 117 92 59 48 68 38 14 48 59 96 71 21 38 62 102 38 116 116 116 116 68 68 68 14 64 108 21 12 17 114 74 35 108 77 17 36 120 60 101 48 
86 92 14 115 59 58 41 79 92 48 115 36 15 82 45 102 109 59 38 41 51 120 14 48 23 48 86 62 68 68 86 116 3 63 102 102 56 116 116 89 102 89 83 83 89 89 83 35 94 12 108 45 67 
21 116 116 38 39 59 92 30 112 100 92 14 14 111 38 58 48 86 71 115 14 14 58 23 14 14 59 57 57 21 24 24 24 24 35 83 1 77 102 1 82 83 77 107 99 99 116 116 116 116 50 28 76 102 14 71 101 34 
59 39 118 116 116 116 38 59 116 50 118 116 82 114 10 117 81 100 116 116 100 41 81 116 58 100 100 81 14 62 101 116 14 102 17 116 76 17 37 118 86 
89 21 21 89 116 24 24 24 24 21 77 35 86 21 57 63 21 67 84 80 83 80 26 50 21 80 35 1 83 116 116 116 116 
116 20 59 68 86 71 96 116 14 29 92 100 111 38 51 23 101 96 118 79 39 109 59 48 92 109 36 38 14 62 48 62 58 38 116 116 116 116 116 116 116 116 86 68 89 35 84 77 114 99 94 67 21 74 116 116 14 29 61 38 92 39 23 79 79 120 62 48 92 14 86 
71 38 48 62 62 92 118 14 48 38 62 86 48 41 118 24 86 116 24 24 56 89 67 84 94 114 17 80 80 80 95 21 116 86 100 76 12 102 48 1 68 48 68 104 104 72 80 1 83 21 83 35 63 76 116 117 106 111 79 71 117 111 96 79 86 102 58 48 1 83 17 46 95 89 1 35 114 94 84 17 84 45 26 39 71 62 62 14 38 38 116 100 8 39 
117 112 39 17 82 5 116 53 59 38 105 48 14 51 59 59 39 24 24 24 39 118 100 111 24 38 38 6 14 86 14 48 10 24 17 26 21 24 38 102 77 56 89 89 89 77 21 94 77 89 80 77 68 80 12 114 83 1 94 
107 97 35 24 21 76 116 38 39 39 39 118 116 112 36 38 36 118 118 53 19 101 38 116 38 62 62 71 62 59 71 14 38 96 96 117 48 35 83 39 59 48 83 58 68 48 96 38 21 21 50 94 80 77 21 63 86 24 1 68 21 77 21 76 80 95 80 24 80 94 84 76 89 80 3 35 
24 21 50 35 56 24 116 48 14 116 116 116 116 50 27 1 116 116 59 8 100 116 116 116 116 116 118 39 116 39 59 59 39 116 36 116 80 59 118 116 116 116 116 116 118 39 116 116 116 36 117 48 38 118 116 118 39 59 117 116 116 116 30 118 116 116 118 
39 116 36 36 116 116 39 59 38 116 116 100 14 48 36 1 24 101 14 36 106 38 24 100 81 38 92 115 14 24 86 101 116 77 48 118 116 116 116 116 116 48 86 24 116 56 1 14 86 56 24 111 83 82 13 24 59 71 58 41 117 14 59 14 48 89 96 109 59 117 81 38 38 118 79 48 68 100 14 
24 24 100 89 116 48 62 70 81 14 68 48 106 101 106 106 71 38 59 100 92 38 62 59 116 83 80 35 116 116 116 116 86 86 116 89 56 56 89 80 83 83 54 35 108 63 35 76 94 84 14 53 101 92 120 101 87 87 109 100 86 92 36 62 62 59 14 14 39 59 6 120 62 48 14 24 58 14 76 28 24 59 21 1 1 
83 80 84 67 83 63 103 114 24 15 45 116 116 116 116 116 116 116 116 116 116 116 116 50 5 50 50 76 116 39 116 39 118 50 17 39 118 116 116 116 118 117 116 83 30 59 39 118 116 118 117 39 117 118 116 116 116 116 116 116 116 116 116 116 116 116 116 116 36 117 48 38 118 116 118 
72 17 17 72 118 116 116 116 116 116 116 116 118 30 10 50 118 39 116 116 116 116 59 117 76 83 59 117 76 83 116 36 39 15 50 116 118 72 59 39 118 116 116 116 116 116 116 116 116 116 118 39 114 35 100 58 
83 35 24 24 35 83 21 15 59 24 76 82 74 76 89 83 35 24 24 116 116 50 15 83 17 82 5 116 116 116 112 117 79 112 39 83 109 92 1 102 39 14 116 38 58 116 38 118 116 116 
116 116 116 118 117 116 83 30 59 39 118 50 10 4 111 48 59 59 30 83 116 59 76 30 116 10 30 112 4 4 118 116 116 116 118 72 59 116 59 109 38 116 100 71 101 23 48 14 48 14 48 111 111 71 14 14 101 14 68 24 48 101 106 14 116 116 38 111 83 116 8 59 59 117 118 104 109 109 38 21 71 
14 38 48 14 48 89 68 71 21 56 116 24 21 24 62 21 27 24 59 38 62 71 79 109 109 105 8 111 106 79 92 106 109 115 100 116 116 100 79 39 96 101 38 38 101 96 81 59 92 92 14 71 38 116 56 23 71 14 100 38 116 38 100 14 14 115 48 14 62 86 100 
14 116 116 14 48 48 59 14 1 116 115 14 68 38 109 56 68 68 1 100 96 62 71 115 116 14 17 3 21 38 86 102 24 116 14 1 21 35 45 10 63 14 58 86 24 41 109 38 71 101 92 36 120 48 39 6 86 71 23 38 102 37 116 68 62 61 109 14 14 59 118 62 111 6 96 23 38 
59 92 1 91 56 24 24 102 74 12 35 108 82 77 76 117 59 116 116 39 118 50 17 39 118 116 116 116 116 116 116 116 116 116 116 118 39 116 39 59 59 39 116 117 53 39 117 116 17 39 118 116 116 116 116 116 118 8 116 1 72 118 116 116 116 116 118 72 
83 116 39 116 39 118 116 116 116 116 116 100 111 59 59 1 89 30 76 39 36 116 39 116 17 39 118 116 116 118 39 17 116 30 10 50 116 116 116 118 8 1 83 89 116 116 89 102 56 102 1 21 83 21 94 114 45 45 21 21 21 35 28 50 50 10 104 117 79 118 118 39 59 30 59 39 112 39 59 30 59 39 118 
116 116 116 116 116 118 39 116 39 39 117 116 17 39 118 116 116 116 116 116 100 96 59 83 30 59 39 118 116 116 116 116 118 30 76 83 116 116 116 116 59 117 15 74 17 76 50 116 118 39 76 21 24 24 24 24 24 24 21 80 58 24 114 24 114 74 50 50 74 74 50 24 24 24 24 35 5 83 76 97 74 28 21 86 
92 111 96 59 62 46 14 71 39 101 106 38 1 7 116 116 24 78 100 59 115 19 109 100 71 39 120 59 78 14 58 39 39 38 115 92 48 86 116 116 68 116 116 24 1 63 63 94 76 67 109 8 106 62 71 59 71 111 71 14 59 38 28 
