21 142 46 134 142 137 92 64 4 126 85 113 110 49 137 62 62 62 62 153 176 4 145 35 97 87 87 123 60 172 93 124 41 115 58 53 66 41 166 171 62 172 90 65 34 145 75 71 103 
66 51 110 62 141 104 104 155 142 53 146 64 4 66 143 20 113 146 156 100 87 171 167 177 87 168 47 129 35 166 123 71 115 92 92 75 129 71 71 147 87 83 87 69 75 101 103 147 147 167 62 35 62 14 62 62 34 
134 142 141 141 173 104 155 137 115 107 4 53 11 74 85 82 146 89 74 44 50 172 119 100 172 62 168 168 124 105 56 180 168 102 111 105 50 177 30 75 71 145 41 147 71 114 75 173 173 113 58 126 116 46 142 173 173 116 137 108 48 17 49 115 113 31 120 107 11 111 71 62 74 53 131 52 64 71 30 71 168 90 90 166 171 1 1 130 75 115 4 52 4 66 
62 140 166 102 159 93 105 90 168 157 103 103 111 17 29 121 134 175 94 104 32 163 134 163 107 89 174 115 53 113 53 92 113 117 130 111 75 139 97 87 69 47 
87 168 60 71 107 52 173 153 58 75 124 172 87 139 100 60 87 41 111 111 144 1 157 173 15 173 58 14 128 115 173 111 115 155 173 173 173 173 116 17 42 161 17 121 11 85 17 121 2 7 45 124 69 179 50 139 130 103 177 114 171 50 104 42 115 142 142 134 21 91 89 21 178 
134 21 99 29 126 94 177 65 57 129 87 35 30 107 52 107 103 145 30 171 78 50 148 30 155 46 13 125 104 104 155 32 137 42 121 163 121 64 42 48 11 139 97 111 75 129 158 114 62 113 11 173 
1 50 179 34 145 30 103 94 111 55 128 116 155 104 32 89 42 
53 11 107 52 84 136 87 160 65 56 154 117 172 130 147 1 102 102 100 56 102 32 113 51 115 20 116 116 113 92 174 46 89 128 126 11 116 146 121 141 103 152 160 144 124 157 163 82 64 1 171 171 65 105 144 145 71 66 127 134 155 32 155 20 4 82 21 121 110 34 34 145 97 50 159 41 35 145 69 152 131 66 124 56 114 100 138 180 75 71 30 103 104 98 163 173 173 155 116 134 107 107 52 74 163 29 121 34 37 37 34 173 34 86 
60 1 124 35 145 75 97 114 157 35 144 111 157 35 30 102 65 
111 101 111 97 145 177 116 30 172 134 55 74 173 71 175 155 173 56 75 173 50 93 87 114 129 50 87 145 47 56 124 140 148 148 47 100 50 62 62 50 10 66 153 62 62 4 75 75 75 10 145 35 50 34 151 41 10 145 35 50 50 172 140 124 56 34 34 22 16 75 151 152 145 93 50 171 117 129 56 38 145 145 7 58 2 92 
125 104 147 103 32 44 18 18 34 50 172 90 50 50 65 83 95 172 41 115 115 87 41 130 130 50 50 172 140 144 130 168 50 50 100 166 34 173 173 153 176 92 66 22 134 173 90 171 101 172 86 152 87 86 114 75 56 177 71 173 173 173 173 173 173 50 87 115 153 62 62 50 
167 155 141 101 141 104 141 103 177 20 107 48 173 7 34 173 172 90 111 111 97 50 87 45 90 50 50 172 140 152 151 34 62 62 34 37 37 34 62 34 7 62 7 62 66 10 50 62 62 62 34 151 62 115 22 62 66 62 62 10 
50 62 34 75 113 62 37 173 66 10 10 173 41 34 173 173 34 151 75 75 75 4 90 115 3 153 173 173 173 50 145 163 173 35 20 11 173 50 10 66 52 15 48 173 173 173 173 173 173 173 173 173 34 7 173 7 34 173 34 151 41 151 38 145 30 10 41 105 152 
62 62 62 62 62 153 66 41 34 173 173 173 173 41 41 151 62 66 41 34 34 37 37 34 34 37 41 4 90 75 115 14 58 173 115 75 37 34 34 151 173 75 83 50 173 34 7 173 90 75 41 173 4 3 48 173 173 173 173 173 173 173 173 173 173 
173 173 173 173 48 15 52 66 41 34 173 34 37 37 34 173 34 151 41 151 34 173 34 37 41 4 90 75 41 173 173 34 7 4 41 10 62 41 34 62 62 62 34 37 
37 34 62 34 151 75 115 4 153 153 58 7 34 34 151 41 151 34 34 7 173 90 75 173 173 41 34 173 173 173 173 173 173 
62 62 62 62 62 62 34 145 134 32 101 30 21 11 173 173 173 173 173 173 173 48 15 48 173 173 48 66 41 34 34 151 41 151 34 
173 173 34 151 75 75 151 34 34 151 75 75 151 173 74 145 173 66 41 34 50 34 37 37 38 83 93 87 34 1 157 60 65 152 102 35 101 103 75 35 159 87 60 114 175 103 139 134 134 173 173 173 173 
173 142 104 104 46 125 161 80 161 143 137 21 85 15 107 21 103 101 62 62 62 62 62 87 103 30 114 145 145 90 86 129 152 171 41 115 58 4 87 50 175 111 152 152 159 
60 1 1 34 1 97 139 155 35 68 7 71 173 175 167 175 32 134 126 153 82 113 156 11 74 17 122 156 110 66 166 114 102 144 35 50 100 100 41 90 87 1 152 75 62 41 9 86 
172 111 93 90 171 87 38 144 114 50 35 157 167 175 103 71 62 62 62 62 62 62 173 104 142 134 49 92 85 17 115 125 92 52 84 115 113 66 41 34 62 62 34 22 75 41 34 34 18 130 35 50 62 50 172 41 75 41 62 41 34 62 171 180 41 116 101 41 111 62 62 111 75 
97 172 172 103 30 1 142 104 114 50 111 134 87 87 144 130 75 1 75 41 66 3 128 74 134 134 141 173 134 142 74 163 107 64 17 64 17 20 134 115 85 11 42 161 113 134 
144 62 125 35 171 62 11 128 66 3 115 62 62 62 75 124 145 62 172 172 41 7 75 10 172 172 41 75 41 62 115 14 14 115 62 41 75 75 41 75 87 50 38 75 1 41 111 56 172 152 30 103 75 90 173 173 173 71 177 46 104 155 142 125 42 137 113 85 15 173 112 64 107 161 52 151 75 115 103 1 145 111 103 62 111 35 62 35 171 62 50 10 75 22 38 151 41 
102 111 62 62 62 41 62 15 14 115 62 10 10 62 41 34 34 93 140 41 75 130 111 87 56 32 32 86 71 116 75 75 152 34 62 153 3 4 62 41 128 134 94 35 116 143 134 173 173 173 173 113 99 113 64 58 113 142 20 126 85 17 126 112 85 85 126 171 158 123 65 50 95 83 180 171 87 50 105 105 111 129 65 75 71 111 101 30 171 35 41 56 172 1 173 173 171 10 
24 112 84 134 141 20 173 111 134 17 66 126 161 84 126 21 42 107 107 66 85 153 
62 62 62 62 62 153 3 66 142 30 114 172 101 50 87 129 78 71 171 41 114 75 75 159 50 62 62 34 130 141 167 93 65 69 136 157 50 87 173 71 166 124 75 58 2 131 11 171 175 116 173 101 32 74 74 42 107 107 113 137 107 53 113 156 99 42 157 97 147 75 111 175 47 117 56 136 1 35 47 50 41 172 62 34 18 59 35 30 124 47 151 87 50 47 1 1 87 130 102 145 75 35 157 111 
101 62 103 177 101 79 62 62 62 62 94 94 104 116 20 163 20 84 66 113 107 89 66 46 113 110 84 113 62 50 83 10 75 30 56 37 62 10 37 34 62 50 93 41 124 62 124 87 87 102 144 105 71 62 71 145 177 35 168 30 30 111 32 35 100 124 130 171 124 154 103 103 83 62 176 58 46 173 173 173 173 103 103 173 85 131 52 48 115 87 95 93 1 
41 50 37 117 117 60 102 97 171 62 62 62 62 71 152 21 39 85 21 62 62 130 172 130 145 18 145 145 34 171 168 117 71 111 56 62 64 3 153 34 41 62 41 41 124 30 157 87 50 129 154 105 101 157 60 1 145 173 115 133 53 141 155 46 173 111 134 173 10 24 52 134 144 71 173 173 87 83 
93 38 83 154 47 139 30 71 93 62 34 151 62 103 114 97 62 111 159 50 50 50 65 41 87 144 87 151 41 41 152 111 87 62 3 66 62 62 41 75 75 151 167 152 83 62 151 105 129 157 111 47 144 71 35 180 101 177 62 4 62 62 34 101 104 155 175 94 32 94 173 52 15 48 173 173 173 1 41 114 154 34 123 73 
71 167 114 1 1 62 34 37 37 167 159 172 30 83 166 50 34 151 90 144 171 172 159 75 124 30 111 65 71 62 103 100 50 100 50 102 157 41 130 50 105 4 62 14 64 125 116 104 104 141 101 125 137 110 131 173 173 97 158 1 159 83 93 50 
95 119 50 60 114 171 71 175 62 71 175 74 11 34 75 24 153 153 74 130 172 130 62 87 41 62 41 172 172 93 41 65 87 171 62 62 62 62 62 62 62 50 172 75 20 154 144 141 129 171 101 38 105 157 139 103 103 30 30 
152 145 112 39 11 171 94 155 173 101 101 56 66 39 74 173 134 142 111 90 124 140 38 50 23 1 157 1 175 175 111 38 166 100 111 103 103 30 30 62 158 75 87 97 124 45 50 50 172 140 105 144 32 134 62 21 27 4 62 56 111 
115 10 10 41 152 171 34 151 136 124 167 1 177 167 152 157 167 62 105 158 171 62 153 15 107 11 71 175 175 141 155 142 173 56 128 96 
173 144 102 171 157 159 149 130 45 10 159 97 102 87 152 62 34 37 37 111 30 50 34 37 37 38 83 87 97 50 171 62 103 124 65 1 103 157 139 177 47 145 147 117 47 158 71 173 1 111 177 145 126 2 77 17 
134 173 173 173 173 173 173 48 131 146 17 30 167 111 1 138 50 111 79 90 78 177 103 144 145 71 62 62 62 62 62 62 11 77 82 107 134 75 35 159 90 41 75 83 87 158 123 154 101 142 75 34 173 173 173 50 50 41 1 144 71 157 168 60 100 47 114 30 167 139 
97 1 93 54 166 71 173 173 173 173 173 74 58 2 128 173 101 50 168 180 90 124 56 79 129 159 157 103 30 93 41 97 97 30 62 103 50 1 180 41 114 129 50 172 100 97 111 115 75 151 62 15 14 115 62 41 75 71 145 166 50 50 
86 129 130 152 145 102 167 71 30 167 105 71 62 50 83 76 139 62 155 142 173 94 175 155 11 48 55 115 71 50 71 171 50 93 179 60 140 152 1 101 30 38 100 105 95 50 90 136 78 154 144 75 35 50 50 147 171 102 50 50 147 41 159 30 103 41 115 39 11 173 173 173 173 173 11 26 92 173 50 
105 10 129 60 10 100 117 105 130 62 62 62 62 62 11 39 17 62 30 100 65 114 114 10 172 50 139 141 30 62 50 172 41 41 50 158 114 114 10 93 111 50 75 97 111 40 62 94 155 155 173 173 173 85 58 71 139 180 60 124 60 60 100 180 30 35 97 65 71 71 1 171 47 154 
50 168 47 1 105 75 159 50 62 62 62 50 129 114 75 41 171 87 138 1 50 75 167 102 157 111 157 157 35 79 62 62 94 94 173 141 175 155 80 104 35 97 105 100 87 45 78 87 145 75 65 100 
73 111 97 45 140 57 172 158 124 87 157 158 1 171 102 158 117 144 130 130 102 130 111 62 103 92 98 142 62 173 173 173 173 173 173 173 11 27 173 87 145 37 83 151 87 10 60 171 124 87 62 62 62 74 58 52 62 62 62 34 65 172 56 136 87 158 172 62 
62 50 93 41 93 159 56 100 65 159 102 30 177 62 25 46 173 173 173 173 137 5 20 75 105 179 119 95 69 34 50 100 141 30 130 158 123 75 65 179 117 111 66 51 92 34 41 97 41 34 172 151 75 
167 157 157 101 35 168 7 18 175 62 104 94 104 137 58 58 46 173 158 140 159 151 41 171 50 75 34 34 151 41 37 50 62 34 37 10 62 41 
38 37 10 62 111 159 50 50 130 30 144 145 105 111 103 75 171 167 62 50 50 119 171 103 90 75 30 103 134 75 66 2 92 20 74 142 173 173 173 173 173 
11 3 115 66 75 75 100 38 47 180 88 83 87 168 111 62 62 62 62 62 62 11 26 128 128 71 100 87 171 166 90 172 50 50 172 140 41 62 62 62 41 62 15 15 62 41 115 145 145 145 
114 41 102 103 171 172 87 100 69 103 71 47 114 145 71 130 56 7 81 50 173 103 94 155 173 167 32 134 173 11 27 66 41 140 166 171 50 73 50 65 95 
87 10 69 130 144 172 123 144 101 167 145 30 32 159 60 145 152 151 75 166 69 100 41 144 32 145 62 64 3 62 41 115 134 30 37 152 145 93 50 34 151 41 105 
180 114 167 103 1 97 71 144 167 142 30 50 34 9 83 171 167 94 104 173 141 94 103 116 85 27 115 75 105 159 141 144 60 117 37 83 180 171 167 167 144 50 
50 62 34 18 34 38 140 111 111 75 158 1 87 50 100 97 103 111 97 87 30 35 10 157 147 111 168 50 94 17 173 7 58 15 113 74 173 
141 155 46 173 173 48 3 173 41 75 56 171 50 86 105 93 172 73 172 173 71 87 30 71 171 35 20 11 62 153 3 142 103 56 50 50 60 65 56 34 62 
50 73 75 30 159 171 62 62 62 128 62 172 41 75 144 130 168 90 123 87 87 158 101 175 173 173 90 173 155 142 142 103 30 142 46 48 24 115 75 56 171 71 65 65 87 95 166 73 171 157 
102 111 41 116 142 114 180 62 167 172 35 87 41 87 41 45 50 124 93 130 62 145 34 62 
62 62 62 62 151 152 111 97 100 136 65 87 180 114 103 167 159 111 177 87 62 66 128 26 113 62 175 104 173 173 11 
74 49 64 20 152 157 180 123 103 119 129 1 87 159 111 124 37 151 134 62 56 172 87 75 10 37 34 88 100 97 100 171 171 124 75 97 145 111 50 144 147 100 124 100 69 103 62 171 144 30 62 74 52 15 21 115 46 173 173 173 
173 173 173 173 52 96 74 30 144 172 173 95 117 75 166 86 105 157 147 71 97 50 50 71 111 134 11 62 62 153 15 2 20 111 93 87 152 151 140 172 172 100 50 152 75 172 62 128 62 62 62 41 38 10 103 111 75 41 50 124 136 114 50 114 1 159 167 103 124 41 75 14 176 11 173 173 175 175 141 94 173 52 4 3 41 167 103 50 168 136 124 129 138 41 145 158 87 147 38 
90 103 155 147 50 71 50 93 154 47 152 34 172 95 87 134 130 62 107 15 153 34 145 30 10 41 124 145 10 168 123 37 56 168 30 103 124 30 147 41 71 62 62 62 62 79 62 116 134 
104 94 103 103 30 74 52 15 52 107 103 158 157 95 47 41 179 119 95 173 157 114 144 34 86 144 75 38 62 50 83 37 38 151 41 111 152 144 102 87 50 50 100 62 175 75 139 87 145 97 97 56 144 30 47 147 103 41 4 66 3 17 116 104 142 173 101 104 11 173 48 24 74 104 71 172 34 37 1 123 45 
95 180 158 157 103 142 177 1 111 134 11 153 26 17 142 97 50 65 140 75 151 34 50 50 105 41 124 172 62 115 66 62 62 62 50 172 75 152 50 100 50 50 45 56 114 71 1 145 30 111 128 52 
176 173 173 32 155 173 11 92 58 107 173 145 75 56 10 168 168 138 1 1 152 103 30 97 111 97 171 62 171 136 41 97 172 83 114 50 62 142 87 62 4 3 62 101 141 129 65 145 62 166 65 180 172 1 1 114 101 111 102 141 103 93 50 11 131 92 20 143 104 94 30 173 134 
74 11 176 52 128 65 147 71 159 50 136 123 45 87 167 157 130 34 83 93 87 171 62 62 34 151 140 79 41 41 56 101 35 171 62 171 168 117 97 75 30 103 1 87 50 117 75 97 171 171 172 145 145 1 105 34 15 15 153 62 62 173 173 173 
173 173 173 48 24 115 66 75 75 152 88 140 105 168 60 117 159 50 71 159 41 62 62 62 62 62 62 62 62 62 153 24 62 134 103 159 50 50 166 37 62 41 34 50 172 140 144 158 172 62 62 62 34 9 151 34 50 172 75 103 100 180 141 97 117 105 
41 154 97 157 69 177 111 93 111 30 167 96 171 101 141 94 32 104 152 74 85 176 52 66 111 50 171 171 86 37 34 50 22 114 171 47 1 1 57 65 1 124 103 97 111 155 111 
87 87 111 30 136 180 168 65 140 50 139 173 107 75 34 173 173 34 10 103 111 75 75 37 103 147 73 140 56 101 69 35 147 157 111 102 167 75 71 173 171 93 7 18 136 111 155 104 173 173 94 
101 30 173 52 25 74 102 1 147 167 1 60 119 38 78 157 157 145 62 62 34 37 151 30 130 50 50 18 75 10 172 50 123 172 145 159 35 167 50 75 1 167 103 75 35 62 180 144 145 1 30 111 71 65 97 157 117 157 20 115 75 90 62 62 62 173 74 32 
175 171 173 173 48 15 58 41 87 30 159 73 41 152 87 168 129 65 168 117 90 71 177 50 62 62 62 62 62 62 62 11 176 2 66 140 152 167 38 145 145 22 75 75 30 145 38 56 41 124 62 145 130 62 62 62 34 151 62 62 
90 35 152 95 144 157 10 130 167 1 102 71 124 173 173 140 88 18 22 10 50 167 173 173 173 173 173 173 173 48 176 4 142 74 173 123 90 173 173 18 88 140 105 152 173 41 50 83 34 62 34 151 62 103 1 145 124 144 101 177 87 172 111 115 37 
144 75 38 62 50 86 152 20 62 151 62 66 62 62 62 62 34 151 62 66 10 151 30 130 172 166 83 145 35 172 147 103 103 101 144 97 103 87 167 103 159 171 62 62 11 104 175 157 177 155 155 141 104 85 131 52 11 143 141 111 87 37 105 
47 180 138 129 102 159 41 102 1 124 90 88 83 167 111 172 37 140 172 160 180 102 124 1 177 30 97 47 130 97 171 144 10 139 145 158 101 111 101 20 173 75 3 173 167 46 104 141 30 20 27 173 30 173 102 50 50 90 65 60 90 159 71 111 157 65 62 62 
62 62 62 62 62 11 133 121 62 151 30 56 71 167 78 119 114 123 114 71 10 62 62 62 34 75 134 129 87 130 168 139 47 10 144 177 144 41 115 55 74 173 173 101 141 104 142 173 48 58 90 87 173 34 86 166 95 83 87 172 172 62 157 30 30 101 30 87 62 50 7 144 100 
138 130 145 103 145 145 4 92 176 153 34 41 75 87 87 41 87 172 136 50 144 56 111 177 144 101 111 111 101 141 101 34 62 62 62 62 62 104 155 94 167 173 52 131 85 142 103 95 158 47 10 90 114 171 30 71 
7 34 153 15 153 34 37 37 34 34 151 140 100 56 60 105 50 35 1 60 1 157 1 158 111 97 172 144 71 35 168 139 144 152 20 27 11 173 173 173 173 173 74 42 51 115 87 111 159 34 154 105 37 154 105 171 97 
