15 15 2 15 2 58 75 78 2 15 74 45 7 70 39 35 7 7 7 61 45 33 47 19 2 39 52 72 72 7 7 73 62 54 15 54 33 15 65 66 37 2 2 74 2 2 74 71 33 50 77 77 22 57 68 77 77 29 75 33 15 
73 72 45 54 15 54 49 11 73 73 73 65 66 29 29 36 22 45 62 35 56 45 54 7 45 73 54 15 54 2 2 15 77 45 14 70 15 15 2 2 71 71 74 33 33 77 48 22 10 23 33 33 36 75 50 7 2 54 7 69 11 56 72 7 45 15 15 15 45 45 15 15 11 73 54 15 15 7 45 45 15 33 54 23 66 50 10 33 71 2 77 74 71 33 
68 77 77 5 68 33 29 66 78 22 70 2 2 2 2 2 2 2 2 2 2 29 25 5 10 45 65 2 2 45 15 54 70 2 2 39 11 54 62 7 54 70 65 2 15 62 39 2 2 2 2 2 2 2 7 56 71 33 78 11 56 70 2 2 7 45 72 11 54 54 2 73 69 15 15 2 15 45 65 65 10 9 29 2 2 2 15 2 71 33 2 77 77 77 12 50 10 57 78 75 75 48 5 68 2 39 21 2 
15 54 54 2 15 54 7 39 69 35 73 65 56 7 2 2 2 2 66 2 62 65 65 35 73 54 7 21 45 15 54 54 45 45 2 45 21 2 2 2 11 22 2 11 70 2 29 10 65 70 2 2 2 2 2 2 2 2 2 2 77 66 22 10 36 10 10 36 46 10 75 68 28 56 39 7 2 7 72 11 39 7 70 28 65 15 15 54 
54 54 45 54 54 45 45 15 65 65 15 54 45 45 2 33 74 22 57 66 66 48 2 2 2 2 2 71 74 50 47 48 48 10 29 10 75 47 50 50 29 33 74 71 15 73 2 2 2 2 70 65 2 21 15 15 72 54 2 72 7 2 54 73 54 7 62 54 7 54 2 54 73 54 15 65 7 54 22 65 70 2 2 2 
70 65 2 65 65 7 45 2 45 7 7 35 72 45 72 45 45 7 15 45 7 15 15 
15 54 15 45 15 15 7 2 2 29 74 45 2 71 2 2 2 2 2 2 2 70 54 2 2 2 7 54 69 72 72 11 69 65 35 54 72 35 61 73 72 73 56 39 65 22 15 15 54 45 33 15 65 35 7 2 70 11 45 2 45 11 70 2 70 56 65 36 66 5 50 2 65 45 62 54 2 2 7 73 21 2 45 73 7 73 69 72 2 2 73 2 33 15 15 15 15 2 2 15 70 54 39 11 54 2 2 2 15 74 2 2 71 2 2 71 2 33 74 2 2 2 2 2 65 45 45 11 39 70 72 65 69 15 15 7 56 53 72 49 62 45 7 72 56 39 65 10 2 56 56 
70 2 70 28 2 28 70 2 2 2 54 61 56 2 2 
45 72 73 7 54 7 45 54 15 45 15 71 54 2 74 54 54 15 62 65 45 15 15 15 15 62 7 73 45 15 10 11 15 22 2 2 2 47 74 2 2 2 2 2 2 2 2 2 2 2 70 72 15 15 7 45 52 35 45 39 73 54 2 15 70 52 69 7 35 54 7 72 40 70 2 2 2 2 2 2 2 29 12 12 29 2 2 2 54 54 2 54 62 21 73 7 70 11 
21 72 74 45 2 47 31 36 65 22 74 70 45 54 72 72 54 73 62 45 72 7 7 72 2 2 54 72 22 10 9 12 68 7 54 77 2 2 2 2 74 77 2 2 2 33 78 36 23 10 57 36 10 68 10 48 36 12 48 10 36 2 15 15 15 54 70 11 11 72 15 71 22 45 31 5 23 15 15 54 73 49 62 62 69 54 72 15 15 2 2 
2 2 60 2 2 2 71 2 71 71 74 77 68 10 10 29 22 48 68 10 76 52 54 45 45 35 21 69 45 35 65 45 7 7 15 15 2 15 65 69 70 45 15 54 15 74 58 12 74 2 71 2 2 2 33 50 29 46 48 33 77 68 46 29 74 54 
7 2 2 2 29 12 46 36 2 2 2 2 65 70 70 3 65 72 7 2 2 70 11 2 10 21 65 31 25 2 40 54 54 70 70 65 2 21 21 2 65 2 10 65 70 70 65 10 2 56 21 2 65 70 2 2 2 2 54 2 2 2 74 33 2 2 2 77 46 47 68 68 31 11 23 50 10 29 
57 36 23 39 34 70 2 70 21 15 15 65 45 54 54 2 71 2 15 15 15 45 15 15 65 35 39 70 56 39 7 2 2 2 2 29 25 29 29 23 15 35 7 2 54 54 54 56 45 54 73 54 54 62 54 15 15 15 15 54 54 15 15 35 21 21 35 39 34 56 45 22 23 
15 2 33 74 2 2 2 2 74 33 33 2 77 12 66 46 10 23 50 10 10 68 66 57 36 10 22 7 62 70 70 39 45 33 45 73 7 70 56 21 65 28 65 65 70 54 2 54 54 2 73 45 2 65 
62 2 54 7 54 7 54 62 62 54 7 54 72 45 54 2 22 11 66 66 2 66 2 15 74 71 2 71 33 71 2 2 22 22 78 23 23 22 
22 36 66 48 23 68 2 2 66 77 15 54 7 72 54 54 38 54 45 69 54 54 15 55 71 71 74 36 10 75 45 22 71 2 45 45 7 62 39 39 
62 35 7 54 70 2 78 11 2 10 2 41 22 28 65 15 74 65 7 7 21 45 40 7 2 70 28 54 74 54 62 15 2 2 2 2 2 2 2 2 2 2 54 15 15 71 71 2 74 77 2 2 29 25 57 12 23 65 2 36 57 12 12 
77 54 70 2 70 56 65 36 3 39 39 7 7 56 65 39 54 15 11 73 35 7 15 45 7 45 7 62 73 61 72 45 72 2 2 70 2 54 15 2 2 71 71 74 74 68 22 10 31 25 57 12 2 2 2 2 
2 2 2 2 29 9 10 65 45 2 45 65 10 2 21 15 54 2 10 65 70 29 22 72 73 21 10 2 11 65 11 70 2 2 2 2 2 39 62 15 45 15 15 21 15 74 22 72 7 2 2 2 2 2 2 2 2 7 15 71 2 71 2 54 78 68 7 21 10 2 56 56 70 2 70 11 45 2 45 45 11 72 2 54 54 2 
2 2 54 45 45 15 54 21 65 65 70 2 2 2 2 2 2 15 54 2 33 29 2 15 54 77 33 2 2 77 75 68 50 78 78 68 2 2 74 74 2 74 74 2 50 12 48 2 29 5 50 71 74 71 74 33 71 33 33 54 10 45 62 7 12 2 45 62 45 54 15 15 48 66 71 71 2 74 36 48 10 56 
65 45 15 54 45 54 15 15 58 74 71 33 10 50 48 78 68 15 45 2 15 65 7 15 76 74 77 10 47 10 50 45 45 15 2 15 15 54 77 2 62 7 2 2 7 39 21 21 7 2 2 7 
21 2 2 45 11 36 45 2 47 47 2 45 36 65 45 22 65 70 2 2 70 65 45 28 2 15 62 70 2 2 2 2 54 72 15 15 65 2 11 22 2 65 2 65 70 2 2 2 2 2 2 70 28 31 68 2 2 2 2 2 2 2 2 2 2 2 2 2 2 2 2 71 71 2 54 2 2 2 2 2 2 2 2 68 74 33 36 23 29 2 2 74 74 2 33 77 2 22 48 48 50 50 10 22 68 48 74 78 74 71 22 33 74 22 15 33 10 10 2 2 2 39 21 54 21 70 70 28 36 65 21 2 2 45 62 54 2 2 2 54 72 54 45 45 45 21 15 
54 2 77 54 39 45 50 2 11 54 45 2 11 22 2 21 15 45 7 2 2 2 2 2 7 72 45 2 2 21 21 10 2 11 70 2 2 2 2 2 2 2 2 2 2 2 2 2 2 2 2 68 47 22 2 36 33 33 33 2 33 33 15 2 12 10 36 57 12 47 68 2 2 2 2 2 2 33 33 15 2 12 11 29 22 68 77 54 2 47 12 29 2 2 2 2 2 70 11 65 45 36 28 70 2 70 28 2 28 70 29 10 65 2 19 36 74 33 45 73 7 2 2 2 39 11 73 7 2 2 54 62 45 65 45 2 45 11 2 10 2 2 70 15 74 74 2 54 
2 71 33 68 2 2 68 12 22 22 36 2 54 78 68 2 2 2 68 75 48 10 29 57 22 33 36 10 12 22 2 
10 29 50 50 15 61 2 23 77 7 49 15 2 2 63 2 2 74 12 50 23 10 69 54 45 15 54 
62 45 2 30 71 71 77 10 50 48 78 68 2 2 2 2 2 2 29 25 57 23 45 7 7 2 7 11 45 45 45 21 70 2 70 11 65 21 15 54 2 66 2 2 2 2 65 65 65 10 65 73 72 52 39 15 15 72 72 54 74 15 65 45 65 22 15 45 2 2 2 54 45 2 71 74 15 15 78 77 2 48 75 68 2 15 33 10 68 29 47 78 22 10 12 29 68 23 75 33 78 50 22 77 45 73 45 
2 35 45 2 2 45 7 15 2 54 54 54 45 62 73 2 15 35 7 2 2 70 11 65 11 70 2 2 2 29 19 12 10 45 11 78 22 56 7 2 2 70 39 62 54 2 62 54 2 7 7 45 65 2 2 65 15 33 22 11 15 54 54 2 2 2 2 2 2 2 2 2 2 21 73 2 71 2 15 2 71 2 15 2 33 68 2 2 29 46 29 2 2 74 33 77 10 48 23 48 48 48 22 75 50 78 10 77 62 53 45 45 11 39 11 45 45 11 70 2 2 70 11 45 2 45 21 15 
54 70 2 2 7 72 45 15 15 65 7 45 54 2 71 15 73 54 45 15 7 65 35 2 50 45 39 54 78 68 77 50 68 2 22 47 74 77 77 2 2 2 2 29 50 33 50 12 74 78 68 2 2 2 57 12 50 68 57 12 50 75 29 22 29 45 45 54 54 2 50 37 68 33 33 15 72 72 7 7 65 54 45 28 
21 2 22 45 65 23 46 47 10 15 62 35 72 35 35 69 62 15 54 35 2 15 21 36 36 9 48 2 15 74 2 2 71 10 33 77 36 33 74 68 50 50 75 50 75 10 68 7 11 54 2 15 15 54 45 45 45 62 15 22 45 11 39 11 65 21 15 54 70 29 25 31 45 45 2 45 65 21 49 73 56 54 54 54 2 15 54 7 15 15 65 
65 15 54 7 2 2 2 2 7 39 18 73 15 2 77 2 54 71 33 74 2 2 2 29 22 50 48 68 77 74 50 23 48 48 10 48 29 10 50 70 40 2 15 7 54 54 7 54 72 56 72 49 11 70 15 15 69 54 54 45 15 15 54 54 54 2 54 62 45 45 69 54 15 15 54 69 54 15 
45 45 2 45 25 47 68 54 15 33 2 15 71 68 2 68 29 77 68 22 71 2 74 68 75 48 78 75 10 48 10 68 29 2 2 2 7 73 65 66 25 57 50 2 62 73 45 45 65 54 2 7 70 53 65 11 70 29 77 54 2 9 22 28 2 74 33 2 11 70 70 11 65 53 15 15 69 
7 15 15 45 7 15 25 19 68 2 2 54 72 78 68 2 2 29 10 48 10 15 74 77 74 57 36 12 10 22 5 48 36 22 70 61 45 15 2 54 45 54 69 52 45 35 72 72 7 45 21 36 2 2 28 72 15 72 72 54 73 39 69 35 7 54 2 2 15 54 45 15 71 74 2 25 
78 22 71 71 2 2 2 2 33 33 33 50 22 22 10 22 50 36 22 68 12 29 22 2 54 70 35 7 7 2 7 56 45 45 56 56 62 45 45 
15 2 15 45 54 45 45 7 15 15 54 45 15 54 72 15 61 21 74 33 2 66 55 33 71 2 2 77 74 2 68 36 68 33 22 33 77 57 50 48 25 50 68 29 68 78 54 70 29 25 5 77 15 62 54 2 2 7 39 56 39 62 62 21 36 11 22 9 10 22 45 21 45 15 
62 39 11 65 62 72 54 54 15 15 72 2 74 2 11 31 47 47 68 2 2 54 15 74 68 77 22 10 2 10 36 77 74 77 22 10 77 55 48 29 50 23 75 62 2 77 7 62 15 15 72 72 65 45 62 72 54 7 73 21 65 23 12 29 68 78 2 2 45 73 39 39 7 72 54 54 62 15 54 62 2 
2 15 2 2 54 54 54 21 14 73 15 2 2 2 71 2 2 74 22 2 68 48 22 68 33 22 31 78 78 10 50 12 36 68 62 65 73 54 71 62 35 2 45 7 65 11 39 62 7 11 7 2 2 2 45 15 15 62 54 54 54 15 15 45 45 7 45 45 15 15 69 54 15 54 
7 22 2 10 57 30 74 2 2 74 74 33 10 2 22 33 77 22 33 22 22 36 48 10 10 29 46 68 68 2 54 45 74 59 48 22 33 54 54 62 65 35 51 65 2 74 65 2 25 25 70 65 54 45 21 49 72 54 54 54 15 15 15 10 79 74 71 71 2 15 74 48 50 50 77 33 74 78 23 50 50 23 75 2 2 72 35 7 15 15 62 49 45 45 65 73 70 11 45 45 65 2 10 9 
22 45 21 15 45 73 70 53 39 54 45 62 15 54 15 2 15 7 54 2 2 2 2 2 2 2 15 15 2 2 15 2 15 23 29 68 10 68 10 68 77 31 68 77 12 66 75 66 56 11 15 45 7 7 56 45 45 11 39 11 65 45 54 15 45 73 15 45 45 2 15 45 15 15 54 45 54 45 45 71 35 45 54 62 15 22 45 65 2 36 
74 2 2 74 77 2 74 77 48 33 33 10 50 68 10 48 48 10 75 10 12 68 68 2 2 75 23 74 2 7 39 45 15 54 29 48 68 54 54 70 35 45 54 15 2 57 50 71 71 71 71 78 68 74 77 10 50 
36 48 50 10 35 54 54 45 54 7 62 7 54 54 54 33 75 47 71 2 45 49 73 69 15 15 45 15 2 15 2 2 15 7 7 2 2 2 2 2 74 71 77 48 74 33 68 75 23 75 75 12 10 56 45 15 54 7 72 21 73 45 45 54 15 
15 54 54 54 15 54 69 15 45 54 15 45 77 29 12 77 2 2 77 33 74 33 10 10 33 77 22 10 36 10 48 10 54 15 33 80 50 2 15 45 72 61 54 45 15 22 19 77 7 7 45 35 72 15 45 15 33 17 74 2 2 74 77 77 50 22 33 10 
29 29 23 10 2 49 69 54 15 54 35 45 62 56 65 54 23 31 68 2 65 70 35 54 54 54 7 54 2 2 71 2 18 2 2 2 2 2 2 77 22 68 77 22 12 48 36 10 2 2 49 56 56 72 65 62 54 15 54 72 45 54 15 15 54 2 12 5 77 2 2 71 33 48 78 33 78 10 23 75 77 2 15 
73 15 2 10 5 46 68 2 33 33 54 69 72 65 21 35 62 53 45 15 2 45 2 55 36 35 72 71 54 65 49 65 7 72 72 54 15 15 71 77 27 68 2 15 2 2 74 74 50 10 68 10 33 74 50 29 10 23 22 36 68 45 54 15 45 35 45 7 
65 15 22 76 45 54 15 7 70 65 54 2 15 2 2 33 79 74 2 2 2 2 74 77 74 22 78 50 36 50 68 36 2 56 72 15 35 56 7 62 62 72 7 15 54 15 15 54 72 45 15 15 10 
46 77 71 2 2 77 10 33 77 10 50 10 46 50 54 2 2 2 2 2 29 25 29 77 71 15 54 72 45 7 21 49 54 45 11 23 31 68 54 45 15 62 35 35 54 54 45 7 15 2 22 31 12 2 2 2 
74 2 2 75 10 22 77 71 33 5 10 10 10 29 21 49 62 54 45 45 15 54 69 45 7 35 11 7 10 45 65 25 12 22 15 54 65 69 35 70 35 15 15 15 2 2 2 15 77 63 71 2 2 2 2 2 71 74 77 
78 77 75 74 74 48 36 78 10 50 48 10 39 56 69 72 7 7 62 7 35 7 69 69 65 45 15 15 15 15 54 15 15 45 54 45 15 15 65 54 15 2 33 5 48 2 2 2 2 2 74 74 77 75 33 22 77 
77 10 48 10 10 57 22 22 2 29 2 39 10 77 73 22 23 60 2 29 31 65 21 2 65 33 50 28 54 15 15 2 2 2 54 69 21 45 39 54 2 54 51 7 71 15 15 77 
27 10 2 35 54 2 62 11 54 15 7 11 45 45 15 2 54 15 15 45 73 54 77 54 54 74 54 2 2 2 2 2 2 2 15 12 48 77 75 10 23 12 68 10 22 10 21 35 52 72 15 
15 45 15 7 45 45 11 35 45 15 7 21 31 57 47 74 62 45 54 49 53 35 15 15 72 15 15 54 2 2 15 2 37 48 74 74 71 2 2 74 74 33 22 78 74 74 22 68 10 75 48 47 50 
77 2 2 54 65 45 45 28 39 7 45 15 15 72 54 7 15 15 54 7 15 15 7 72 15 15 45 5 5 77 2 2 2 2 68 78 33 22 71 33 57 78 22 5 36 75 2 2 2 2 29 19 36 74 15 54 72 18 
45 65 70 2 2 2 54 45 2 29 70 2 57 23 66 11 70 7 2 2 7 11 70 2 45 7 7 70 15 15 72 2 15 74 10 2 36 10 41 70 15 
74 77 77 74 2 2 2 2 2 77 22 68 15 77 5 48 77 50 68 50 78 50 55 29 77 50 68 33 22 2 2 2 2 
2 60 45 2 15 54 73 2 15 49 45 7 72 54 53 72 69 73 70 35 65 62 45 15 45 62 21 54 15 54 15 54 7 54 2 2 2 2 2 2 2 2 15 2 74 68 68 22 23 75 10 50 77 12 2 2 15 49 67 54 45 65 72 35 35 35 54 15 45 15 15 
54 54 15 54 54 45 70 15 15 54 54 2 15 11 70 2 15 2 2 2 71 33 50 68 10 23 10 50 50 50 23 77 2 15 7 36 75 74 15 33 2 15 2 28 28 3 50 33 22 77 78 68 48 36 2 11 69 72 35 54 11 72 73 35 15 74 45 15 33 22 10 31 23 74 33 68 23 10 68 10 68 47 55 65 54 54 54 15 54 54 2 7 56 65 
11 39 65 10 57 25 2 39 45 54 61 15 15 53 45 45 65 2 2 2 65 70 7 72 2 54 54 62 15 15 15 15 66 2 10 55 77 2 54 74 22 71 74 74 74 22 77 50 22 74 50 22 2 50 75 23 22 33 10 
5 46 68 2 77 36 2 54 65 65 65 70 2 39 21 54 21 70 70 39 35 72 54 2 54 54 54 54 54 45 54 15 54 73 73 11 15 68 22 65 45 15 22 45 2 15 73 54 77 77 29 10 50 22 77 48 15 2 33 2 77 22 77 36 50 23 50 2 50 10 68 36 74 50 37 68 
2 77 29 68 71 2 2 15 15 2 2 2 2 29 42 33 2 2 45 56 7 2 2 2 2 2 70 65 2 65 45 45 65 2 21 2 50 45 70 2 2 2 2 2 70 65 2 2 2 21 11 15 54 70 2 70 65 45 11 2 2 2 28 70 2 2 70 
65 2 21 21 2 2 65 45 54 2 2 7 15 15 21 33 2 72 15 21 69 54 2 7 70 54 45 7 15 2 15 72 2 22 15 70 2 2 2 2 2 15 2 71 2 71 33 15 2 71 2 72 22 57 9 2 45 54 7 49 11 15 45 15 15 74 73 62 45 11 70 54 54 70 65 15 2 7 15 
2 2 7 74 2 15 15 11 70 15 2 15 69 72 69 69 54 54 45 7 45 54 54 45 2 22 50 68 2 2 2 2 15 15 2 74 71 71 74 50 22 22 75 68 48 48 68 36 10 68 15 39 72 45 35 69 56 56 62 7 15 45 21 15 54 45 15 15 65 45 62 35 54 15 15 2 45 15 36 19 2 45 77 33 33 
22 50 68 50 22 48 66 23 2 31 47 2 2 2 2 2 2 2 2 2 2 2 2 29 25 29 29 36 2 65 2 65 70 29 10 65 70 2 2 2 70 11 2 22 28 45 65 70 2 70 11 65 11 70 2 2 2 2 2 2 2 2 2 2 2 2 2 2 21 11 15 54 70 2 70 
3 10 10 3 70 2 2 2 2 2 2 2 70 28 66 29 70 65 2 2 2 2 45 11 36 22 45 11 36 22 2 21 65 31 29 2 70 3 45 65 70 2 2 2 2 2 2 2 2 2 70 65 23 68 7 45 
78 68 2 2 68 78 77 31 45 2 36 57 12 36 74 78 68 2 2 2 2 29 31 22 10 57 25 2 2 2 39 11 35 39 65 22 62 45 33 74 65 15 2 54 45 2 54 70 2 2 
2 2 2 70 11 2 22 28 45 65 70 29 66 40 72 15 45 45 28 22 2 45 36 28 2 66 28 39 40 40 70 2 2 2 70 3 45 2 45 62 54 2 7 54 69 72 15 15 15 15 15 72 72 54 15 15 72 15 2 2 15 72 69 15 2 2 54 72 78 2 56 45 45 11 70 28 62 62 54 77 54 
15 54 15 15 15 74 2 54 77 71 2 2 77 2 54 77 42 2 45 54 54 54 35 62 62 61 56 72 69 35 45 69 62 7 7 2 2 7 35 65 73 72 54 54 72 73 70 45 45 45 15 54 54 2 71 72 54 15 7 54 2 54 7 15 15 7 15 15 54 15 7 
15 2 2 15 15 15 45 15 33 2 7 15 2 54 62 71 2 2 33 7 73 54 54 7 2 15 10 37 77 54 15 71 2 2 15 33 77 68 47 66 48 15 7 15 2 49 62 54 54 72 45 21 35 15 65 69 2 54 72 54 74 41 2 2 54 67 62 15 15 45 70 54 72 69 73 72 54 
45 45 33 16 71 2 2 74 12 75 68 10 57 77 36 11 45 2 2 65 70 29 10 65 70 2 2 2 2 2 2 2 2 2 2 70 65 2 65 45 45 65 2 11 39 65 11 2 10 65 70 2 2 2 2 2 70 56 2 33 3 70 2 2 2 2 70 3 
22 2 65 2 65 70 2 2 2 2 2 7 72 45 45 33 74 28 36 65 21 2 65 2 10 65 70 2 2 70 65 10 2 28 66 29 2 2 2 70 56 33 22 74 2 2 74 71 71 74 33 77 78 77 10 23 47 47 77 77 77 68 19 29 29 66 28 11 35 70 70 65 45 28 45 65 39 65 45 28 45 65 70 
2 2 2 2 2 70 65 2 65 65 11 2 10 65 70 2 2 2 2 2 7 73 45 22 28 45 65 70 2 2 2 2 70 28 36 22 2 2 2 2 45 11 31 12 10 36 29 2 70 65 36 77 2 2 2 2 2 2 77 50 45 2 23 2 23 12 29 29 12 12 29 2 2 2 2 68 25 22 36 46 12 19 77 2 
45 72 73 45 54 31 15 54 65 69 69 54 33 6 2 2 71 59 7 45 7 35 62 7 54 65 35 45 59 15 45 65 65 54 7 45 15 2 2 2 2 2 2 71 33 48 48 10 36 50 62 56 69 54 54 45 54 72 54 15 45 54 19 
