82 82 67 76 75 75 87 37 73 36 36 36 36 36 36 36 5 16 5 5 50 86 36 58 24 36 36 36 24 7 24 36 36 36 24 1 90 52 50 50 36 90 1 36 1 36 31 1 24 36 36 36 36 36 36 
36 36 36 55 34 1 48 86 86 24 55 55 88 51 57 67 65 42 86 42 47 55 86 24 1 90 33 32 7 24 24 42 67 36 86 81 81 36 36 36 75 13 31 13 37 65 9 76 9 9 13 10 31 37 37 81 81 81 13 9 90 17 90 17 77 57 88 47 22 82 90 56 24 86 47 90 
77 47 42 47 8 42 36 36 82 67 6 86 17 34 34 88 34 88 1 89 24 36 24 25 1 1 36 1 24 36 36 36 24 1 90 52 90 1 59 1 1 51 34 50 9 1 67 36 57 36 65 58 86 55 86 58 86 17 36 30 77 55 17 90 24 86 47 86 54 55 36 65 47 56 47 58 58 90 90 57 86 47 51 54 50 1 24 5 16 10 36 83 31 36 58 82 67 42 65 65 82 28 
23 75 37 23 73 9 23 31 75 50 16 23 75 37 67 67 50 65 9 31 36 81 67 50 1 24 36 36 36 36 36 36 36 25 31 87 51 1 10 1 1 83 25 90 1 24 36 36 36 36 
36 24 57 88 25 36 1 24 36 36 36 24 1 36 51 33 24 36 36 24 11 25 59 1 1 51 54 50 1 24 24 1 36 51 1 83 1 89 36 83 33 86 36 36 36 36 36 36 36 36 55 51 31 5 24 57 47 50 36 36 31 10 41 5 5 50 34 55 36 36 36 36 36 36 36 5 81 81 16 5 36 5 83 50 31 37 75 5 13 41 37 23 83 90 36 41 
36 51 36 90 30 55 55 86 34 73 9 34 36 86 55 36 36 24 25 1 1 36 1 24 36 24 25 90 90 90 83 52 36 31 36 36 24 52 83 1 33 24 36 36 24 1 36 1 1 33 55 75 31 57 86 55 54 58 90 36 36 36 1 90 90 1 90 34 55 36 36 36 36 
24 1 90 48 7 24 36 36 36 55 58 30 30 65 67 42 67 67 81 36 
36 36 36 75 31 76 13 50 73 9 81 81 50 31 50 23 63 76 87 31 23 65 67 50 73 30 9 31 31 31 10 87 36 24 25 90 90 25 59 33 33 24 24 57 88 25 31 36 1 36 1 24 36 36 36 36 24 25 36 31 1 1 55 86 90 58 67 90 55 86 56 86 90 25 31 1 88 86 5 81 86 24 36 36 36 24 52 10 36 33 1 83 36 36 36 36 36 36 36 36 36 36 36 36 36 75 87 75 9 25 16 28 76 31 67 75 83 10 37 37 50 65 50 50 50 24 86 36 36 36 36 36 5 4 41 9 47 17 30 
36 47 54 25 25 34 67 1 55 55 33 90 36 90 25 36 10 36 
52 24 36 36 55 62 1 86 17 34 55 55 57 58 47 90 54 30 36 55 54 47 31 63 4 75 36 86 42 67 65 36 81 13 81 87 23 31 87 76 41 10 87 81 83 28 23 75 23 81 90 31 20 86 67 36 34 57 24 36 85 57 34 56 86 34 47 50 56 56 57 59 7 24 24 48 90 1 24 85 89 54 56 36 34 54 17 1 88 34 86 36 59 88 77 25 58 67 50 1 24 36 36 36 36 36 24 52 10 5 36 
36 36 34 42 82 23 36 36 36 75 50 9 31 31 31 28 37 23 13 41 87 5 31 75 31 37 73 75 89 25 24 31 1 24 36 36 24 7 24 24 25 90 90 25 36 50 34 36 50 86 24 36 5 81 86 24 24 56 86 77 1 54 42 42 56 56 86 55 89 42 30 86 86 30 82 36 1 31 36 52 36 36 36 
36 36 36 36 36 36 75 66 23 75 13 76 81 41 13 23 23 31 75 75 75 90 51 36 47 30 42 42 42 42 9 75 36 5 39 50 36 90 58 67 36 57 34 70 62 59 1 36 1 90 36 90 1 36 36 83 72 83 33 57 36 57 77 57 25 
47 86 24 47 36 24 33 77 88 59 36 36 5 41 71 37 47 65 65 42 42 82 82 36 82 65 42 67 81 37 5 50 5 28 23 50 50 31 50 31 41 37 37 50 54 55 36 5 31 85 70 47 42 58 30 42 86 86 86 34 89 33 86 55 68 34 55 47 30 54 36 54 
55 36 55 57 47 90 1 90 17 88 86 17 70 34 17 58 58 58 34 90 58 57 17 42 36 58 17 86 36 36 36 24 1 90 48 7 24 36 36 36 86 42 65 82 42 30 82 9 81 37 75 31 83 5 37 31 50 76 29 37 23 37 76 9 9 31 90 51 56 
56 1 1 55 77 34 89 56 56 86 17 70 88 90 77 86 55 24 62 47 86 58 47 56 47 24 47 47 47 58 47 86 57 54 30 58 17 30 30 47 55 58 47 86 30 17 90 42 86 
30 23 5 5 29 37 82 82 65 36 42 9 65 82 67 9 75 28 13 76 75 81 9 76 31 31 31 31 76 75 65 1 65 58 47 36 36 36 36 36 36 24 56 54 
90 17 30 86 47 86 89 57 34 77 77 34 90 90 86 90 54 67 31 14 4 75 55 89 1 88 17 34 57 17 17 55 86 55 90 77 34 90 58 
86 55 36 36 36 86 30 67 67 36 36 36 9 81 81 5 81 23 31 31 28 5 76 31 37 81 23 36 36 55 30 47 24 58 30 17 77 89 90 77 51 89 88 1 47 81 19 36 25 51 57 42 86 34 77 89 34 
58 77 34 55 47 17 86 58 90 9 67 65 1 24 5 10 52 24 36 55 36 73 36 58 82 42 36 65 36 36 36 82 75 9 82 28 87 50 31 50 67 76 31 50 87 63 36 81 76 90 36 24 20 90 30 51 59 25 1 
55 89 56 55 51 34 47 47 86 30 30 17 86 86 86 47 86 88 34 58 58 86 30 58 54 47 47 1 1 87 40 9 36 82 82 65 82 82 36 9 67 73 5 31 23 23 31 84 37 75 76 9 65 87 37 75 36 36 
36 36 36 86 34 86 12 50 47 42 47 54 17 86 86 89 89 90 47 55 55 86 89 55 36 86 54 36 24 57 55 51 89 42 58 34 1 57 54 77 47 47 77 34 58 30 55 17 36 67 72 36 47 42 82 67 36 36 36 65 73 73 5 50 81 75 23 76 83 87 75 81 50 81 37 
36 86 88 88 47 30 30 58 86 34 88 89 56 34 89 57 30 36 90 14 16 5 24 57 55 90 1 25 57 34 1 47 58 47 86 54 86 54 58 42 42 86 86 36 47 35 33 
88 34 42 82 42 36 82 82 82 65 9 67 50 76 31 23 31 13 5 23 76 9 31 50 82 55 68 89 34 56 86 25 24 1 33 57 17 58 30 77 55 55 47 47 88 47 17 55 86 77 47 42 42 34 86 90 90 25 14 29 36 30 36 36 9 82 67 37 81 50 67 73 76 50 31 13 31 37 81 81 23 67 81 75 36 36 36 36 36 36 36 36 36 5 16 63 87 86 47 42 82 30 77 77 34 17 88 56 34 89 55 17 34 55 36 47 55 36 36 86 34 1 77 86 90 34 34 51 86 30 34 17 86 17 47 86 30 
90 36 36 36 36 86 42 82 50 9 50 73 73 81 50 31 23 41 13 28 81 50 50 30 55 17 30 17 86 86 58 86 34 57 1 89 24 89 57 50 36 31 19 75 55 57 90 57 34 90 77 89 54 47 30 86 77 34 47 30 47 17 58 42 47 34 90 33 74 86 58 42 36 42 36 36 67 82 36 67 67 73 50 23 23 42 87 83 75 37 75 87 76 81 75 5 55 86 56 86 36 24 25 51 68 68 51 90 17 34 77 77 47 86 17 86 47 86 34 77 
55 55 47 58 17 47 90 55 30 36 90 83 83 12 23 58 67 9 36 82 50 76 9 9 50 9 
9 50 50 28 83 5 37 50 23 65 9 58 42 42 76 28 58 58 30 88 54 86 34 68 47 81 22 23 90 54 86 89 55 
47 77 17 58 36 83 82 9 9 50 81 50 73 67 83 63 67 36 77 88 17 86 47 30 58 86 34 34 17 89 77 36 55 33 1 25 24 36 36 24 25 51 24 86 36 77 57 89 77 58 47 90 58 30 17 86 42 58 58 58 55 62 85 70 68 34 77 42 82 82 82 73 36 82 9 67 50 31 50 81 75 37 76 16 75 67 65 73 50 57 79 47 77 56 24 74 55 34 54 47 86 47 30 58 55 55 30 47 86 42 9 40 50 9 67 82 81 50 67 67 75 66 23 
65 9 36 36 36 36 36 63 14 76 82 47 30 36 17 77 47 88 56 56 34 34 51 90 86 54 54 56 32 32 55 55 57 90 89 17 42 30 77 70 86 58 17 47 30 86 57 90 47 65 65 90 36 24 36 82 82 36 36 81 73 73 81 67 31 50 81 83 75 31 5 75 50 81 84 65 55 86 58 88 55 17 89 68 34 78 70 
34 86 57 88 54 55 90 47 47 30 36 30 86 71 50 82 65 82 36 67 73 73 87 5 28 31 9 50 55 68 89 47 58 88 68 56 68 68 56 90 17 47 17 47 86 34 77 30 58 77 77 88 30 30 54 58 47 34 90 77 56 59 36 36 36 36 36 36 82 67 75 75 81 73 9 76 37 23 41 31 50 76 76 67 36 67 58 86 36 
36 36 36 5 3 75 65 55 30 58 77 47 47 77 34 55 86 55 88 34 56 86 47 56 36 86 55 36 36 36 36 55 89 34 77 86 55 34 34 1 56 86 47 86 77 54 54 34 36 30 34 24 36 36 55 36 82 36 47 50 9 9 81 81 31 75 28 28 87 87 37 87 82 65 37 50 47 58 86 17 77 
1 1 89 77 89 1 55 36 36 36 47 34 88 88 57 56 57 47 47 47 77 90 86 42 42 47 86 36 36 47 30 36 36 36 82 82 65 81 50 23 73 50 41 87 76 75 37 50 23 62 55 24 24 57 70 55 86 24 51 25 59 51 90 57 88 42 17 47 30 77 88 77 
17 58 30 77 55 55 17 58 47 17 58 42 58 54 51 77 55 56 36 36 24 7 48 25 17 86 47 67 67 36 36 65 5 73 81 81 73 31 50 87 71 76 75 73 50 31 23 36 36 36 36 86 47 82 5 36 25 90 30 25 55 55 7 90 36 36 1 24 24 25 90 36 50 
50 52 50 12 1 90 30 25 55 36 36 85 89 54 68 25 90 55 57 87 87 72 29 36 47 82 82 65 42 42 82 82 42 36 63 66 76 23 5 13 37 75 31 36 13 63 36 36 36 86 56 54 47 47 47 58 47 89 54 86 57 89 17 55 36 45 37 58 79 54 47 89 
24 55 86 77 77 47 17 47 58 42 42 47 86 36 42 55 36 36 81 81 65 36 36 36 36 65 82 82 9 73 81 50 50 23 45 5 28 76 76 
50 67 37 75 86 58 47 34 62 33 59 20 89 55 55 36 55 25 30 1 57 17 56 70 55 47 86 58 47 47 17 57 77 1 47 55 17 42 89 1 36 36 50 12 50 57 86 36 42 42 42 17 9 75 
81 5 31 75 37 5 29 63 76 75 31 83 36 75 36 51 31 63 13 29 83 36 31 50 36 36 36 36 36 36 36 90 1 31 90 56 55 36 55 24 33 90 58 36 24 17 58 34 55 90 36 90 90 10 1 51 36 36 1 24 24 25 1 55 86 90 54 
47 86 58 42 34 30 47 90 90 54 47 89 47 36 47 56 47 90 1 90 65 31 36 10 16 5 24 82 82 36 42 42 65 36 82 23 5 83 83 81 75 41 23 28 31 76 41 75 87 36 36 17 54 68 89 55 70 55 24 25 90 36 36 90 25 36 31 1 24 36 36 24 25 90 90 55 89 55 36 55 34 
33 34 89 24 30 17 86 86 17 30 47 86 55 36 36 36 36 36 24 20 69 56 42 88 17 36 36 42 82 36 36 73 31 76 9 87 36 29 76 30 31 13 5 5 40 9 65 67 81 25 59 7 48 1 56 68 51 1 36 1 24 24 25 1 33 55 55 70 55 30 47 47 42 65 55 86 
36 58 55 25 30 47 17 47 55 86 86 42 42 17 86 77 77 77 55 86 47 55 47 36 88 17 42 81 36 90 14 4 75 47 42 65 36 82 65 9 73 37 5 5 75 81 10 13 5 75 50 5 86 50 75 36 5 31 50 14 63 31 31 87 23 54 55 90 36 36 47 88 59 24 48 1 34 55 
36 55 89 36 50 58 50 36 25 60 52 90 1 24 24 48 1 58 86 86 86 34 58 47 47 47 1 25 47 47 34 24 1 90 47 55 56 36 5 16 16 67 67 65 86 23 36 47 73 9 36 81 13 
50 75 83 66 50 65 29 13 37 28 76 30 30 47 58 58 90 90 88 1 89 55 36 24 1 1 90 36 36 36 36 83 1 25 86 17 86 86 17 86 1 25 90 34 55 56 77 17 47 77 17 36 30 58 58 17 47 81 16 36 10 16 67 42 9 65 36 36 82 
65 82 67 9 9 23 31 23 23 23 50 66 31 87 31 67 23 76 5 36 36 36 36 59 25 70 62 1 89 34 34 34 77 47 1 17 17 47 47 88 88 90 36 90 47 47 34 42 30 77 47 42 17 57 58 
42 56 17 25 30 30 56 36 30 90 65 23 45 13 76 58 36 50 82 36 36 82 81 36 67 13 50 87 87 75 31 81 87 63 31 5 73 36 36 77 90 65 3 83 81 42 47 58 47 33 89 89 34 47 55 55 
56 1 86 87 12 5 24 33 62 86 30 47 24 24 17 55 77 42 86 90 50 10 4 76 36 42 36 36 65 76 29 37 23 5 87 83 83 23 77 30 82 58 47 42 47 47 82 47 34 70 47 42 51 56 55 36 68 
34 47 36 47 30 90 36 24 1 90 48 67 36 56 86 36 56 55 47 25 57 47 34 86 47 17 77 58 58 89 36 58 42 58 36 83 12 83 9 65 47 82 65 67 82 65 37 81 31 37 81 13 76 50 72 28 
75 76 50 55 32 86 57 52 33 85 88 55 57 86 34 17 30 58 17 42 58 57 88 86 17 54 86 54 86 90 57 47 17 55 55 36 75 27 81 81 82 42 42 82 82 81 23 23 14 5 50 31 31 4 13 75 36 
24 1 87 22 87 81 9 47 86 17 57 55 86 33 89 86 77 89 90 47 50 31 51 51 36 36 24 25 90 1 70 47 47 54 51 55 47 77 89 54 30 47 34 86 72 47 30 67 36 30 73 50 
50 29 31 23 13 37 13 31 31 37 9 56 30 30 47 30 34 34 34 89 55 57 90 90 16 41 50 51 70 47 47 57 33 77 30 34 17 86 77 65 36 90 86 54 55 36 36 36 58 
42 36 65 82 36 82 50 72 23 50 31 37 41 31 23 26 20 90 86 68 55 57 51 86 33 20 1 33 55 86 1 57 55 42 42 17 86 77 77 86 90 34 86 30 47 54 17 17 90 30 
42 54 30 42 34 1 77 90 90 36 36 36 36 36 36 36 36 36 36 36 9 67 81 10 28 31 67 81 41 83 76 13 75 30 42 47 81 75 75 4 63 81 67 65 30 57 55 86 25 70 58 77 34 90 90 1 1 
36 36 31 12 31 36 1 90 1 68 86 47 57 51 88 89 58 86 89 58 86 88 23 38 36 86 82 82 36 82 73 82 73 84 76 23 23 28 28 28 66 75 81 81 25 55 47 58 58 30 42 17 77 77 34 56 17 47 
24 57 54 57 67 31 16 13 36 1 50 47 89 55 58 88 25 54 58 88 34 42 30 90 47 30 77 47 58 55 36 36 75 
4 40 81 47 30 82 82 65 36 82 31 75 31 28 75 76 13 45 87 23 23 31 5 83 39 25 24 36 24 33 33 59 20 88 70 25 34 17 
47 86 77 47 86 55 77 47 30 90 47 58 54 86 86 55 90 47 1 36 19 75 36 36 36 82 81 76 9 50 23 28 37 13 16 76 75 36 36 36 36 36 36 36 36 36 36 36 1 36 36 1 90 65 9 36 25 24 24 33 20 55 36 36 56 89 36 31 52 50 31 12 5 36 24 48 1 57 86 55 25 
86 51 34 36 34 89 90 30 90 1 1 36 87 40 23 36 58 42 82 36 9 9 75 4 10 75 58 56 59 33 20 55 56 24 88 89 24 1 34 47 17 77 47 86 25 24 34 86 55 33 36 31 36 83 13 65 86 56 86 86 24 51 88 89 89 68 47 30 42 30 47 67 67 31 10 12 31 9 82 82 82 82 82 81 73 81 87 63 76 75 71 5 37 28 47 89 51 86 77 80 20 89 90 
55 34 90 17 88 34 47 77 54 47 90 88 17 87 61 67 36 86 82 29 5 36 89 70 89 70 57 70 51 36 36 36 36 5 16 63 87 47 54 36 57 79 88 89 55 86 24 1 36 90 25 24 36 24 57 
89 77 55 56 55 70 89 34 42 77 34 1 86 86 50 36 1 36 36 36 47 30 82 36 30 9 75 29 87 50 23 5 9 36 75 28 28 83 13 37 5 50 34 54 33 59 51 55 86 30 30 56 25 1 57 90 34 47 10 76 34 56 34 56 55 88 1 47 47 17 47 82 36 24 55 47 9 75 36 86 36 36 36 36 42 9 84 10 10 
34 25 68 77 24 56 68 51 58 24 7 85 24 1 34 86 25 25 34 1 1 47 47 47 86 77 90 89 56 86 86 67 75 5 22 36 36 9 82 82 82 9 83 83 14 31 9 9 31 66 36 36 36 37 41 37 36 81 75 36 54 56 32 24 36 86 
24 90 75 76 63 31 36 90 24 30 58 74 88 70 24 90 55 30 31 41 29 13 81 82 82 82 82 65 75 28 31 83 31 50 28 5 66 59 89 47 58 47 86 17 57 56 33 56 86 36 24 1 31 5 5 50 34 55 36 36 86 25 56 70 68 47 58 77 55 36 9 86 54 36 36 31 73 82 42 65 
82 82 67 67 75 87 23 45 31 23 23 66 76 81 59 33 34 55 24 7 24 36 34 56 89 68 33 51 70 47 47 86 54 34 86 55 58 47 25 51 88 56 47 65 36 17 50 40 9 50 65 65 73 36 73 50 37 10 75 75 37 81 87 10 86 86 82 36 73 22 10 81 36 30 36 30 24 68 25 34 89 
24 17 30 31 66 36 51 86 17 86 86 89 89 89 88 86 30 36 65 87 84 5 23 82 82 67 9 65 9 83 83 5 31 87 31 63 83 81 36 55 56 57 42 42 17 34 34 17 56 1 89 25 1 1 90 14 63 10 25 1 86 90 34 54 20 56 47 34 34 30 42 58 90 
65 37 16 31 9 36 36 36 82 65 73 65 50 5 13 76 87 23 31 37 23 5 89 85 33 89 33 55 89 68 56 25 25 88 55 55 58 58 47 47 57 57 55 77 54 67 5 5 66 31 67 65 82 82 81 75 83 71 82 82 
81 75 3 36 36 36 36 36 5 16 10 75 82 36 36 65 47 25 48 55 34 34 58 55 51 14 63 14 90 90 90 51 34 17 34 56 24 54 17 34 36 36 86 10 10 5 42 
82 82 82 65 82 81 83 31 13 5 81 76 5 76 83 36 34 89 47 47 57 55 34 25 34 55 24 50 5 36 5 87 90 34 42 30 70 34 34 24 88 55 55 30 36 30 77 36 83 36 36 36 36 36 36 36 36 36 36 65 65 65 37 31 41 5 23 76 37 83 63 14 34 56 52 70 34 1 88 
89 89 56 34 86 77 58 86 1 55 90 30 58 89 56 86 36 58 30 73 84 73 50 81 81 67 65 37 13 5 75 76 28 37 13 87 36 36 36 36 63 45 76 75 36 86 89 56 33 1 33 55 56 55 42 50 25 14 13 50 90 33 36 9 54 20 1 55 33 
77 47 58 42 36 40 5 81 42 65 65 82 82 73 9 76 63 84 9 67 37 83 83 75 77 47 90 17 55 34 36 34 68 56 58 55 68 36 76 5 5 87 90 34 86 36 86 25 79 54 58 30 42 58 30 50 83 83 10 50 65 42 36 82 82 65 9 75 28 87 84 50 81 
87 76 75 81 47 90 56 56 33 56 55 55 88 89 56 57 77 1 86 47 77 86 17 47 54 57 58 47 67 50 50 23 81 36 65 75 76 28 31 23 76 9 76 41 87 42 50 13 29 5 75 42 30 30 55 34 25 24 55 56 54 36 81 63 50 81 90 90 47 
24 56 77 77 30 30 65 75 87 84 65 67 36 82 75 75 5 37 9 23 28 41 28 36 57 55 47 47 90 55 1 56 55 1 89 88 36 31 36 83 83 90 36 42 17 59 62 25 56 54 42 42 47 30 67 5 10 23 9 36 65 82 65 67 81 84 28 75 31 87 45 31 23 59 33 20 56 56 
34 34 68 68 17 55 54 86 90 58 47 70 89 77 34 86 65 23 5 87 67 42 65 65 81 73 75 72 76 50 31 72 36 36 36 5 4 75 36 36 36 86 25 68 34 86 17 58 36 76 29 90 57 42 86 86 86 89 25 89 57 58 30 47 31 63 5 66 23 36 82 9 65 73 23 73 37 71 37 31 31 28 28 57 88 86 47 47 47 86 56 
57 89 68 55 90 87 63 67 17 86 58 54 20 34 77 17 58 58 17 42 36 57 13 71 5 36 82 82 36 82 65 65 81 75 23 84 23 75 28 87 5 5 59 52 24 56 88 89 89 89 1 89 54 17 77 86 42 58 68 56 89 34 55 17 90 36 83 16 
