78 74 33 33 74 22 47 12 36 68 48 50 36 12 22 2 2 2 2 29 19 36 54 54 54 72 72 70 49 73 35 7 65 22 66 23 10 65 70 54 2 73 11 73 70 54 45 15 15 
10 58 36 2 2 2 2 71 74 23 36 12 36 10 33 33 50 36 48 62 72 54 15 15 72 35 69 21 54 70 70 15 22 47 47 45 61 15 15 54 72 39 72 52 45 2 15 54 54 15 2 54 2 31 2 2 70 
74 74 2 2 2 2 71 22 22 50 36 23 68 77 48 75 36 48 77 34 7 73 61 62 73 2 35 65 7 62 62 69 65 15 15 62 7 15 15 45 15 54 65 54 15 72 45 2 2 50 66 78 71 33 74 2 2 71 22 46 29 10 12 22 50 76 75 10 68 15 15 2 77 23 46 57 12 15 15 15 35 11 11 70 54 45 45 45 45 22 36 57 36 10 
2 21 70 15 45 35 62 11 35 54 15 15 15 10 46 29 74 2 2 71 71 77 74 77 50 48 12 22 23 50 23 47 50 35 45 15 45 45 54 72 52 69 
72 35 49 15 50 57 2 29 66 45 7 73 72 45 62 49 72 65 15 15 54 45 54 2 25 2 66 31 23 22 2 15 22 71 2 2 2 2 71 10 75 29 10 29 68 48 10 29 5 28 11 7 52 52 7 54 45 15 15 72 54 7 2 75 22 74 74 33 78 12 48 78 46 
74 78 23 46 78 2 15 73 51 21 72 54 15 10 57 10 15 54 15 54 11 7 69 15 71 33 17 77 71 71 71 71 22 75 29 22 29 12 75 29 68 45 54 15 45 21 45 7 2 50 68 2 
45 7 70 70 54 15 15 2 15 30 23 71 71 2 71 10 75 
23 68 10 57 50 56 72 39 73 62 52 35 73 45 54 45 15 15 62 62 54 71 50 58 22 33 71 71 50 47 12 33 48 23 68 68 71 36 29 2 15 45 39 54 7 54 77 75 12 45 54 54 73 62 54 54 15 10 66 74 71 71 71 33 36 75 78 48 36 70 70 54 54 7 7 65 54 54 52 45 46 10 7 62 72 62 56 69 45 15 15 15 71 31 77 2 2 71 71 74 50 10 57 77 77 46 29 70 56 56 70 2 70 53 
49 45 7 54 54 45 54 72 54 54 54 15 54 54 15 54 73 
15 2 15 54 54 15 71 15 73 74 30 77 2 15 2 71 2 62 45 2 7 35 72 72 61 7 72 54 69 65 7 21 69 69 69 62 7 2 2 7 21 10 29 2 2 36 45 45 45 21 54 54 7 70 11 65 21 54 54 7 7 73 21 7 62 70 70 3 18 45 11 45 54 35 7 54 35 21 62 39 54 54 28 66 5 47 
77 2 54 15 71 34 40 40 70 7 73 11 7 7 73 39 49 73 65 22 22 72 65 45 45 7 7 73 21 54 45 35 7 7 62 70 70 2 2 29 19 47 10 3 74 2 11 54 2 73 53 45 72 53 72 45 62 15 15 2 2 2 2 2 2 7 72 22 29 2 2 7 
15 71 2 2 2 2 2 15 15 33 10 29 2 28 70 2 73 11 15 15 54 7 72 11 11 7 7 73 21 45 11 70 2 2 70 56 56 70 2 70 28 2 28 2 10 21 7 2 2 2 70 11 2 22 3 2 10 2 2 21 
7 2 70 45 50 2 56 2 10 21 21 2 65 70 2 2 70 11 45 45 45 36 11 22 9 29 2 2 2 7 54 77 2 54 33 68 2 7 21 10 57 25 29 2 2 2 2 2 2 2 2 2 70 28 2 28 70 2 70 11 65 11 39 54 15 21 65 62 45 
2 2 2 2 2 29 10 65 70 2 2 2 2 65 65 11 2 10 65 70 70 56 56 70 70 56 65 36 11 45 22 31 66 2 22 45 56 70 70 11 2 45 39 7 2 70 28 2 11 45 65 2 36 9 29 2 2 2 2 2 2 2 2 2 2 
2 2 2 2 29 25 57 10 65 70 2 70 56 56 70 2 70 11 65 11 70 2 70 56 65 36 11 45 65 2 2 70 28 36 65 21 2 65 70 2 2 2 70 56 
56 70 2 70 11 45 22 36 29 29 66 28 70 70 11 65 11 70 70 28 2 11 45 2 2 65 70 2 2 2 2 2 2 
2 2 2 2 2 2 70 54 74 71 2 15 78 68 2 2 2 2 2 2 2 29 25 29 2 2 29 10 65 70 70 11 65 11 70 
2 2 70 11 45 45 11 70 70 11 45 45 11 2 77 54 2 10 65 70 7 70 56 56 39 39 35 72 70 45 54 49 73 45 15 54 2 15 45 54 7 72 49 72 2 15 45 74 74 2 2 2 2 
2 74 2 2 33 77 29 59 29 33 22 78 48 25 10 78 15 2 2 2 2 2 2 72 15 15 72 54 54 11 53 61 45 54 65 22 66 36 72 7 2 15 45 45 7 
49 45 45 70 45 54 45 71 54 38 28 15 2 2 15 2 71 74 78 29 75 68 48 68 77 10 80 48 36 10 70 72 15 54 54 7 62 62 65 11 72 45 45 45 2 65 32 53 
73 15 35 11 54 72 39 54 72 7 54 54 15 2 15 15 2 2 2 2 2 2 2 71 74 74 12 47 48 10 22 77 47 57 50 22 68 10 65 70 2 2 70 3 45 65 70 70 40 45 54 7 2 7 73 65 45 65 2 65 70 2 54 69 65 71 2 65 15 2 2 15 45 
54 73 73 15 15 45 74 2 72 7 15 74 72 72 54 45 45 45 45 65 10 9 23 77 74 74 2 2 74 74 77 77 10 12 10 12 10 33 74 22 48 68 75 29 50 74 
54 2 77 54 54 2 68 23 10 9 22 2 2 2 45 7 54 2 73 73 65 28 45 21 73 73 65 45 65 2 22 31 31 22 2 65 45 45 65 45 72 7 39 45 45 65 15 62 73 45 15 15 45 11 2 2 2 15 15 33 2 71 74 77 75 22 50 48 25 2 23 12 10 29 57 11 45 22 15 45 54 15 15 2 15 54 2 54 54 2 7 21 45 3 39 11 65 
15 15 2 2 2 65 2 25 31 22 2 21 21 2 65 70 70 35 21 65 45 45 15 72 62 71 71 53 15 71 45 45 45 70 2 29 9 36 2 65 23 74 2 54 71 77 74 2 2 2 2 50 23 50 12 66 50 74 33 78 48 10 68 23 48 48 78 54 45 70 73 7 49 39 69 54 72 7 62 62 15 61 73 45 15 15 2 15 54 54 65 65 73 45 2 2 54 21 
41 23 50 74 2 33 2 15 74 10 10 68 29 50 78 78 75 10 50 10 48 29 
2 2 2 2 2 29 9 10 74 15 72 73 2 7 72 61 56 15 54 65 72 45 45 7 7 2 2 70 45 2 15 35 73 52 56 54 7 72 2 15 70 7 45 66 5 46 68 54 2 71 2 2 71 77 77 75 10 10 50 22 10 23 68 48 23 75 54 54 54 45 15 2 69 35 62 56 45 54 69 7 65 73 2 70 40 64 54 15 7 69 11 72 7 69 45 45 72 45 15 54 45 54 54 15 
2 2 15 15 2 60 2 2 2 2 2 2 2 71 33 77 33 50 10 68 10 48 10 33 68 36 50 50 2 7 39 21 45 15 62 56 2 21 56 70 2 7 35 65 7 2 7 72 72 54 54 62 15 2 15 54 15 54 35 15 15 15 71 54 62 7 45 54 7 52 15 15 39 2 19 66 33 2 2 2 2 15 15 2 48 46 57 29 22 72 49 35 45 
65 7 56 35 35 49 15 54 54 2 2 2 2 15 45 78 37 48 78 2 2 45 73 45 54 40 54 54 70 54 35 35 15 15 62 2 12 9 29 70 65 2 65 65 7 15 54 72 7 61 52 62 2 54 49 45 54 2 22 31 23 2 71 33 2 15 74 2 21 41 57 74 54 15 2 2 72 39 
35 39 39 52 69 45 15 15 35 2 70 11 2 15 72 54 2 15 7 7 7 7 73 65 72 54 72 11 65 65 45 15 72 2 9 10 2 2 65 45 45 11 15 45 39 2 11 62 61 54 15 69 54 15 54 69 2 15 2 36 2 2 70 2 2 71 2 2 71 2 2 57 25 29 2 2 2 45 65 72 52 70 70 67 
15 15 72 45 45 2 70 56 56 15 7 73 15 39 70 7 70 11 11 54 54 73 7 45 7 15 15 73 15 2 15 62 7 62 7 15 54 65 45 7 62 36 2 31 12 77 71 2 71 2 2 77 22 36 46 2 2 54 45 45 7 39 35 7 
49 61 7 49 72 54 15 2 2 15 2 77 68 70 45 41 29 29 77 45 73 45 2 72 65 2 65 73 73 35 65 73 72 54 2 2 2 2 2 2 2 7 73 45 33 52 54 2 61 54 2 39 62 54 45 15 15 15 15 
45 54 23 37 68 54 2 71 2 2 2 62 10 37 77 2 74 74 15 11 7 21 39 7 3 45 54 45 2 2 15 39 70 62 15 15 15 15 15 2 45 45 72 54 7 11 7 7 73 21 62 54 71 74 2 78 42 36 2 62 15 
22 21 21 65 45 54 70 11 56 7 15 45 15 15 45 54 15 2 62 45 54 2 29 25 10 68 15 2 2 2 71 74 2 62 23 31 
2 54 54 54 54 7 11 45 11 21 7 54 15 72 45 2 70 56 56 15 15 7 70 56 56 39 39 72 54 7 54 2 15 7 73 45 15 54 45 15 69 54 54 35 69 45 15 2 45 15 15 54 68 5 5 10 
74 2 2 2 2 2 2 29 46 36 10 15 15 15 45 56 7 15 60 11 56 15 15 54 54 15 2 2 2 2 2 2 68 5 75 10 74 45 54 7 11 65 45 39 72 45 70 52 2 74 45 70 2 2 2 7 7 65 45 54 15 54 35 49 62 69 72 15 15 45 
54 45 35 44 70 15 2 2 2 2 2 77 66 5 23 2 2 7 35 69 11 7 62 60 21 7 54 15 15 35 65 54 54 15 2 15 7 45 69 65 72 61 7 73 62 54 15 22 45 11 2 25 31 22 2 65 45 15 54 70 7 7 
53 21 45 45 54 54 15 15 15 15 62 15 2 7 39 1 45 2 71 74 2 2 2 71 68 29 30 22 15 7 15 54 7 35 70 49 21 45 45 15 15 39 62 62 49 7 11 56 56 52 54 45 54 7 7 54 54 54 7 7 54 65 45 15 15 65 22 37 68 2 2 2 2 2 68 55 47 2 7 
62 21 21 49 21 62 35 62 45 2 2 2 2 2 68 37 10 2 15 62 73 7 7 21 73 7 45 2 15 2 7 73 65 65 7 45 72 72 21 35 15 7 45 54 15 43 2 2 71 71 2 2 2 48 66 15 45 69 49 7 49 49 62 69 15 54 54 73 15 15 45 54 69 52 
7 35 69 45 62 45 7 7 2 2 2 7 61 72 45 65 54 72 56 45 7 45 15 15 54 15 54 54 54 60 2 2 2 2 2 2 2 71 59 2 54 54 62 62 72 11 11 72 54 45 73 62 
67 15 54 11 21 51 73 45 7 72 54 45 45 54 15 45 35 54 45 45 15 45 15 2 15 47 31 74 2 2 2 2 2 2 2 2 68 42 2 72 54 56 39 11 72 21 49 54 7 72 2 2 2 77 66 57 2 2 2 70 73 73 62 56 72 45 73 2 
2 7 35 65 35 7 65 62 73 7 15 15 15 2 24 33 2 2 2 2 22 19 33 45 62 70 61 49 52 70 7 62 2 15 45 45 70 45 73 70 35 15 10 58 47 70 65 54 65 70 73 11 45 
15 54 54 2 54 35 28 40 2 2 2 2 2 22 66 66 33 2 45 21 7 11 65 54 7 45 70 70 11 65 56 7 2 70 56 21 2 65 
39 56 21 2 15 7 7 7 45 15 54 54 62 15 15 45 54 15 2 7 7 61 54 15 11 45 15 15 74 45 10 5 47 33 77 74 2 2 2 2 2 
68 9 22 10 45 45 62 39 69 69 28 39 72 35 15 2 2 2 2 2 2 68 55 23 23 15 62 72 54 70 11 73 7 7 73 21 65 2 2 2 65 2 25 25 2 65 22 54 54 54 
72 65 15 15 54 73 72 62 52 15 15 69 72 54 15 45 62 28 18 7 2 15 2 71 2 15 71 74 2 68 42 10 65 21 70 54 7 67 7 73 11 
72 21 52 45 54 73 70 54 2 15 54 15 71 7 49 54 45 11 45 70 52 62 65 54 71 54 2 12 9 2 65 22 74 15 56 45 54 35 7 70 11 65 62 
69 72 15 15 45 54 15 54 15 74 15 7 70 32 39 54 15 2 71 2 2 2 15 71 48 42 22 45 62 7 2 54 49 35 56 39 69 54 15 15 54 7 
7 2 70 40 70 39 21 15 15 45 45 45 72 7 62 54 15 15 54 72 15 54 21 54 54 15 35 7 2 10 2 28 66 25 50 77 2 
2 71 33 2 2 29 9 2 65 45 62 54 7 53 62 35 73 67 73 2 15 72 15 15 54 54 33 68 2 29 9 74 15 62 7 7 49 73 62 70 2 
7 67 45 15 7 54 2 2 2 23 2 73 65 45 54 45 35 11 70 72 72 45 2 2 2 2 11 2 71 74 74 15 15 74 33 29 41 22 45 62 54 15 73 73 72 49 70 67 54 54 
15 15 65 71 74 72 69 2 15 73 54 72 65 72 65 11 7 7 35 45 2 54 70 2 
2 2 2 2 11 45 15 54 62 56 73 72 69 72 15 15 7 15 15 72 2 10 23 55 50 2 2 71 2 2 68 
77 12 12 33 45 54 69 70 15 61 61 45 72 7 15 7 56 11 74 2 62 73 72 45 21 56 70 28 62 54 62 54 54 7 45 54 54 15 7 54 54 62 7 62 52 15 2 54 54 15 2 77 57 25 78 22 33 2 2 2 
2 2 2 2 57 31 77 15 54 73 2 49 35 45 70 53 62 54 54 15 54 7 7 15 15 74 68 2 2 29 25 5 33 15 35 72 45 11 21 73 73 62 7 45 45 73 2 23 2 2 2 65 39 21 15 15 45 65 7 7 56 72 7 72 45 7 15 15 7 65 45 31 19 68 2 2 2 2 2 2 2 57 36 9 65 15 15 7 35 56 7 61 56 65 54 45 72 54 39 
11 15 71 54 7 15 7 35 52 69 45 70 73 11 72 74 45 2 10 25 29 70 54 15 21 65 7 54 21 35 70 56 62 35 15 15 7 15 54 65 15 2 2 2 2 60 2 71 74 
2 2 15 15 15 77 57 25 57 10 15 45 54 11 69 65 70 61 49 2 54 72 54 70 53 54 45 39 2 7 39 56 39 11 65 15 45 54 54 72 7 7 62 2 2 45 45 72 54 54 54 65 54 15 69 54 15 65 36 10 9 10 71 2 74 2 2 2 68 2 29 41 77 71 15 73 70 56 45 70 11 
11 69 45 54 15 74 15 45 15 74 68 29 55 10 74 54 7 73 21 45 11 70 7 7 62 65 7 73 2 22 10 2 2 2 7 73 45 45 7 62 7 7 11 62 72 15 45 54 15 15 23 57 
19 2 2 71 71 2 68 47 66 10 2 54 45 62 21 35 35 56 45 45 45 15 15 54 15 54 54 2 54 56 65 54 73 39 72 7 2 74 72 2 36 9 2 2 2 61 73 54 2 70 73 69 73 45 45 72 2 15 54 2 15 35 7 68 46 47 33 77 71 2 15 2 74 
77 68 19 57 23 73 54 15 7 7 56 70 11 72 15 54 45 70 39 35 72 54 2 2 70 11 21 60 65 65 62 2 54 54 2 54 35 35 54 45 15 15 45 72 7 35 45 54 54 54 73 54 54 45 62 70 25 25 29 2 2 2 2 2 
2 2 2 29 41 22 10 45 45 45 28 21 62 35 49 35 7 7 15 7 65 2 2 2 2 2 2 2 2 2 29 41 2 74 15 7 7 7 70 56 2 65 70 7 73 21 54 45 73 2 2 2 70 32 11 70 7 73 45 15 62 69 2 54 35 62 
65 52 54 54 52 15 15 35 15 15 15 31 54 2 2 2 71 2 45 77 48 19 57 10 15 7 54 54 53 56 70 7 3 72 54 69 45 45 51 73 45 7 15 54 15 71 15 
72 72 15 15 56 69 35 73 21 7 45 2 10 45 70 2 2 70 21 15 15 45 45 56 15 54 67 21 62 2 52 54 54 54 15 54 15 45 15 2 54 35 28 40 56 15 71 71 2 2 2 
2 15 2 57 24 77 54 45 54 15 45 49 61 39 56 54 54 54 2 2 70 56 11 15 45 7 7 40 45 21 73 7 70 73 54 7 54 15 7 45 45 15 15 45 54 2 69 54 54 45 15 15 15 73 54 54 35 54 33 22 45 11 2 2 2 2 77 71 
2 54 2 2 29 25 66 65 72 15 7 67 65 45 72 35 21 73 35 35 11 15 15 7 2 2 2 2 2 2 2 68 19 5 10 21 45 15 39 54 54 3 45 45 15 54 39 62 65 7 2 54 45 2 2 2 70 11 2 2 
11 54 45 49 54 54 21 45 15 45 54 15 7 2 2 21 28 40 3 21 7 15 2 2 2 2 2 2 2 29 19 36 74 77 2 70 11 2 2 40 28 21 62 45 2 65 7 39 70 2 70 11 2 15 45 54 7 54 2 15 72 73 15 22 56 
54 45 39 2 7 53 45 33 2 11 2 10 2 2 2 2 70 11 2 10 21 11 15 45 73 70 39 54 54 73 54 15 15 2 54 54 15 72 15 15 7 54 2 2 68 71 2 54 15 71 71 2 2 48 46 57 68 77 2 15 72 56 62 
69 69 56 21 15 7 65 54 45 7 11 28 39 15 15 73 56 21 73 39 69 54 7 45 15 15 54 69 45 54 54 54 21 45 54 45 2 15 2 33 2 45 9 2 15 33 2 2 15 33 42 2 15 2 15 7 7 11 73 49 11 45 15 15 54 73 2 2 
2 2 2 2 2 68 31 29 2 11 15 62 15 15 56 61 72 70 72 15 21 2 2 2 70 45 74 61 72 45 35 45 69 21 54 15 54 65 22 30 77 2 2 2 2 71 74 2 29 66 11 72 2 70 53 70 49 39 72 73 73 2 54 15 15 2 15 72 2 7 28 54 62 
56 45 54 15 54 54 36 47 19 29 70 65 45 72 72 65 72 73 56 7 54 62 15 15 54 15 15 15 2 2 2 70 2 2 2 2 2 2 71 2 15 2 57 46 48 74 15 49 45 69 21 11 72 54 15 15 
28 70 29 25 29 70 56 56 70 70 11 21 62 62 49 62 7 54 45 49 45 54 45 45 15 54 73 54 15 54 35 45 54 45 33 42 68 2 2 2 2 2 77 75 58 22 72 15 7 70 52 62 56 52 62 54 54 
