56 56 89 94 83 35 95 108 1 116 116 116 116 116 116 116 50 5 50 50 83 38 116 48 118 116 116 116 118 4 118 116 116 116 118 39 59 30 83 83 116 59 39 116 39 116 17 39 118 116 116 116 116 116 116 
116 116 116 100 111 39 72 38 38 118 100 100 6 36 109 89 102 68 38 68 14 100 38 81 39 59 8 43 4 118 118 68 89 116 38 21 21 24 24 24 35 74 17 74 63 102 1 94 1 1 74 107 108 63 63 21 21 21 74 1 59 71 59 71 92 6 106 14 3 56 59 96 81 62 62 59 
92 14 68 14 42 68 116 24 56 89 25 38 71 23 23 106 101 106 39 79 118 116 118 117 39 39 116 39 118 116 116 116 118 39 59 30 59 39 112 39 39 36 111 83 1 39 89 116 109 116 102 48 38 100 38 48 38 71 116 86 92 115 71 59 118 38 14 38 58 115 116 56 62 96 14 48 48 59 59 109 38 14 36 58 83 39 118 50 5 10 116 76 17 116 48 56 89 68 102 102 56 99 
67 84 63 67 21 1 80 17 35 77 78 67 83 63 89 89 83 102 1 17 116 21 89 83 39 118 116 116 116 116 116 116 116 117 17 114 36 39 10 39 39 76 117 59 39 118 116 116 116 116 
116 118 109 6 117 116 39 118 116 116 116 118 39 116 36 8 118 116 116 118 32 117 112 39 39 36 58 83 39 118 118 39 116 36 39 76 39 79 116 76 8 38 116 116 116 116 116 116 116 116 100 36 17 50 118 109 14 83 116 116 17 107 45 50 50 83 111 100 116 116 116 116 116 116 116 50 21 21 5 50 24 50 76 83 17 63 35 50 74 45 63 80 76 59 116 45 
116 36 116 59 86 115 115 38 111 21 1 111 116 38 100 116 116 118 117 39 39 116 39 118 116 118 117 59 59 59 76 30 116 17 116 116 118 30 76 39 8 118 116 116 118 39 116 39 39 8 100 35 17 109 38 100 58 48 59 116 116 116 39 59 59 39 59 111 100 116 116 116 116 
118 39 59 72 4 118 116 116 116 100 48 86 86 102 89 68 89 89 21 24 
24 24 24 35 108 94 74 83 21 1 21 21 83 108 83 80 82 94 95 108 80 102 89 83 1 86 1 17 17 17 107 114 116 118 117 59 59 117 112 8 8 118 118 109 6 117 17 116 39 116 39 118 116 116 116 116 118 117 116 17 39 39 115 38 59 48 89 59 100 38 96 38 59 117 17 39 106 38 50 21 38 118 116 116 116 118 30 10 116 8 39 76 116 116 116 116 116 116 24 24 24 24 24 24 24 35 95 84 1 117 5 12 94 108 89 84 76 10 63 63 83 102 77 77 83 81 38 116 116 116 116 116 50 28 45 1 14 38 86 
116 14 58 70 117 111 89 39 100 100 8 59 116 59 117 116 10 116 
30 118 116 116 100 51 39 62 71 111 100 100 109 48 14 59 58 86 24 100 58 14 17 82 28 35 24 38 68 89 102 24 21 74 21 114 80 108 95 94 45 107 114 21 76 99 67 84 80 21 59 17 53 38 89 116 101 109 118 116 104 109 101 96 38 101 14 83 96 96 109 112 4 118 118 72 59 39 118 104 19 58 96 116 111 58 71 39 6 101 38 24 112 6 92 117 48 89 83 39 118 116 116 116 116 116 118 30 10 50 116 
116 116 111 68 56 80 24 24 24 35 77 1 108 17 108 99 63 80 74 45 114 50 108 35 108 63 21 35 79 117 118 17 39 118 116 116 118 4 118 118 117 59 59 117 116 83 111 116 83 38 118 116 50 21 38 118 118 96 38 92 39 58 68 68 96 96 38 100 120 68 86 38 38 86 56 116 39 17 116 30 116 116 116 
116 116 116 116 24 24 35 57 67 35 74 94 77 45 74 80 84 108 35 35 35 59 36 116 14 86 68 68 68 68 1 35 116 50 37 83 116 59 48 89 116 109 111 105 51 112 39 116 39 59 116 59 39 116 116 76 46 76 8 109 116 109 92 109 117 
14 38 81 14 24 118 8 92 6 112 24 116 50 45 55 63 14 102 102 68 68 56 56 116 56 102 68 89 21 63 50 83 50 99 67 77 83 108 77 108 45 63 63 83 58 100 24 50 17 104 110 14 68 48 86 68 38 38 38 101 19 8 38 100 29 101 23 14 86 58 116 58 
100 116 100 109 14 59 39 59 71 106 62 71 110 101 38 48 48 48 23 59 48 109 71 68 24 48 71 38 116 116 116 118 39 59 72 4 118 116 116 116 38 68 102 56 68 86 56 1 21 63 35 17 76 50 63 17 83 94 103 63 80 63 94 1 1 17 59 36 96 
96 39 39 100 92 111 79 60 96 62 71 110 6 59 92 38 100 81 51 14 62 48 14 96 14 81 14 14 62 48 62 62 109 58 86 48 71 86 86 62 100 48 62 62 86 71 59 68 62 
86 80 50 50 97 63 56 56 102 24 68 89 102 56 89 1 35 12 74 94 35 21 1 67 108 17 17 108 94 84 102 39 102 48 14 116 116 116 116 24 24 118 96 58 
59 71 86 62 14 62 120 109 101 92 92 101 59 59 38 59 58 89 17 15 28 35 100 79 39 6 71 101 109 71 71 23 62 100 59 92 101 59 48 
62 100 24 24 24 38 86 89 89 24 24 24 1 21 21 63 21 67 108 108 12 50 94 108 63 21 80 116 116 100 86 14 60 48 86 71 92 19 59 92 36 79 6 39 14 21 27 116 117 36 109 68 62 111 92 79 111 
14 92 101 100 14 71 62 48 59 1 89 102 39 118 50 10 30 118 116 100 116 1 116 48 56 68 116 102 24 24 24 56 35 1 56 54 95 77 108 83 89 67 108 83 95 82 24 21 94 59 24 118 53 59 86 36 112 117 39 
115 79 96 100 105 101 14 14 38 86 86 71 62 62 38 14 62 106 101 48 48 62 86 48 115 14 14 39 39 114 26 1 24 56 56 102 56 56 24 1 89 21 63 17 67 84 108 64 63 35 94 1 102 114 63 84 116 116 
116 116 116 38 101 38 13 83 14 68 14 58 71 38 38 79 19 59 14 100 100 62 19 115 116 38 58 116 118 109 115 36 79 68 48 111 39 6 58 92 14 14 92 111 48 86 100 71 24 89 46 24 14 68 56 89 24 24 24 102 1 1 63 83 21 35 67 94 76 114 35 21 83 21 63 
116 38 106 6 62 86 86 14 62 101 106 19 96 111 79 109 86 116 59 15 5 50 118 109 115 59 39 41 109 101 39 14 48 14 62 58 38 58 48 68 68 38 38 116 14 18 8 
106 111 68 56 68 24 56 56 56 102 1 89 83 94 108 80 17 22 50 67 94 1 108 77 56 100 41 19 101 96 38 41 81 39 87 109 71 48 86 92 100 115 14 14 106 14 71 100 38 92 62 68 68 101 38 59 59 117 15 97 24 86 24 24 1 56 89 63 21 83 89 1 94 77 17 74 108 63 21 21 67 89 21 35 116 116 116 116 116 116 116 116 116 50 5 82 114 38 14 68 56 86 92 92 101 71 6 96 101 79 100 71 101 100 116 14 100 116 116 38 101 39 92 62 59 101 23 36 38 86 101 71 62 71 14 38 86 
59 24 24 24 24 38 68 56 77 1 77 21 21 77 77 108 67 45 74 12 21 83 77 86 100 71 86 38 38 62 48 62 101 109 39 79 118 19 109 83 116 17 27 35 100 109 59 109 101 59 92 79 58 62 86 62 92 23 14 86 14 71 48 68 14 101 59 8 88 38 48 68 24 116 116 24 89 56 24 89 89 1 83 67 84 68 95 99 84 63 84 95 94 21 35 50 115 38 96 38 116 118 117 36 29 29 36 59 71 101 92 92 62 62 71 38 14 62 23 92 
115 115 14 48 71 14 59 23 86 24 59 76 76 13 80 48 102 1 24 56 77 94 1 89 77 1 
1 77 83 54 76 50 63 77 84 102 1 48 68 68 94 12 48 48 86 106 115 62 111 41 14 21 3 80 59 58 38 79 23 
14 92 71 48 24 76 56 1 1 83 77 83 1 102 76 82 89 116 92 106 71 62 14 86 48 62 101 23 71 120 92 116 100 8 39 117 118 116 116 118 117 36 81 38 116 92 6 19 92 48 14 58 48 86 38 62 68 48 48 48 100 51 104 105 29 111 92 116 56 56 56 1 24 56 1 89 77 17 83 21 35 63 94 78 35 89 102 1 77 109 61 14 92 60 81 88 23 101 58 14 38 14 86 48 23 100 86 14 38 68 1 26 83 1 89 56 21 77 89 89 35 57 67 
102 1 116 116 116 116 116 82 15 94 56 14 86 116 71 92 14 106 96 96 101 111 36 59 38 58 58 96 43 43 100 100 109 59 19 71 68 86 92 110 62 48 71 14 86 38 109 59 14 102 102 59 24 118 24 56 56 24 116 21 1 21 21 89 17 83 21 76 35 108 50 35 83 21 64 102 23 62 48 106 115 71 120 29 101 93 105 
23 62 109 6 115 23 59 14 62 86 116 86 38 85 83 56 102 56 24 89 21 21 114 50 12 108 1 83 100 29 19 14 48 106 29 96 29 41 96 59 71 14 71 14 38 111 92 86 48 92 92 6 86 86 58 48 14 101 59 92 96 112 24 24 24 24 24 24 56 89 35 35 77 1 1 94 63 80 45 108 77 94 67 89 116 89 48 38 116 
116 116 116 50 16 35 102 115 86 48 92 14 14 92 101 23 38 115 106 23 96 62 14 96 116 38 100 116 116 116 116 100 79 101 92 38 115 101 111 39 96 62 14 62 92 58 58 101 24 86 111 118 24 24 100 116 56 24 14 83 1 1 21 21 108 35 12 12 95 95 63 95 56 102 63 83 62 48 62 38 92 
39 39 79 92 19 39 100 116 116 116 14 23 106 106 109 60 109 62 14 62 92 59 38 68 68 14 38 116 116 14 86 116 24 24 56 56 102 77 83 67 1 77 45 114 94 84 63 83 84 51 100 118 81 109 105 100 38 81 36 117 112 36 59 109 106 68 71 14 86 92 106 92 
71 48 86 92 100 23 38 48 14 71 48 68 48 58 105 92 100 96 24 24 118 4 72 117 71 62 14 89 89 24 24 102 50 21 21 21 21 108 77 95 55 94 84 21 77 108 67 116 116 116 116 38 14 56 50 116 117 59 86 117 100 100 4 59 116 116 39 118 118 117 59 116 83 
83 30 83 13 39 59 86 117 100 116 116 104 19 58 41 117 59 23 109 114 114 46 97 116 14 56 56 102 68 68 56 56 68 24 82 57 94 80 50 74 63 35 17 24 74 82 24 24 24 38 96 58 14 14 14 48 14 120 58 62 109 79 71 115 24 73 63 48 61 58 62 79 
118 100 62 92 92 62 71 14 48 68 68 14 38 116 116 100 116 116 21 21 102 24 24 24 24 102 56 56 1 1 21 83 77 80 73 50 12 94 17 
83 89 63 35 38 48 14 111 51 8 112 53 19 100 100 116 100 117 86 39 109 71 96 105 23 62 62 48 14 14 71 109 92 39 14 100 71 68 79 39 24 116 83 13 83 109 38 24 68 68 68 71 1 35 
21 50 108 83 63 50 97 82 94 35 17 76 116 83 116 36 17 82 74 97 76 116 17 83 116 116 116 116 116 116 116 59 39 17 59 96 100 116 100 81 8 59 48 116 81 71 48 111 115 59 116 59 59 10 39 36 116 116 39 118 118 117 39 115 38 59 58 
14 38 48 68 111 86 14 59 59 115 62 79 14 24 14 96 14 59 39 59 102 17 24 10 5 50 118 56 56 24 68 68 102 24 56 80 50 76 76 21 83 45 80 99 108 94 45 35 114 116 24 71 58 41 19 23 105 100 118 117 59 116 116 59 117 116 17 39 118 116 116 118 117 59 59 115 79 100 116 100 101 
8 111 79 81 86 71 62 62 71 86 14 38 100 116 116 116 116 116 118 53 75 96 68 106 71 116 116 68 56 24 24 1 17 94 1 114 24 97 94 86 17 74 50 50 26 1 102 89 21 117 112 4 72 39 96 29 36 39 116 39 118 118 117 39 8 100 100 105 23 86 14 14 68 102 100 38 
116 48 115 117 86 14 71 14 100 38 38 68 68 38 38 92 92 92 115 38 14 100 62 116 6 71 68 21 24 59 15 28 35 14 68 102 24 24 102 1 21 63 63 50 84 21 10 74 63 84 83 50 38 83 35 116 50 17 83 15 82 17 17 114 80 58 115 59 116 116 14 6 112 118 72 39 111 100 
116 100 79 116 83 48 83 116 117 90 30 59 39 118 118 72 39 48 38 38 62 101 48 14 14 14 39 117 14 14 111 81 39 59 62 100 96 116 50 5 5 89 102 102 38 80 24 14 21 1 24 21 74 
77 84 76 57 77 102 97 74 63 99 94 86 86 62 48 48 59 59 6 39 79 100 116 118 39 39 59 116 116 116 116 76 39 117 38 71 38 38 71 62 39 117 59 111 100 96 92 38 14 92 71 24 86 48 48 71 14 21 5 116 10 5 89 68 1 102 116 24 56 
102 56 89 1 1 67 108 67 84 67 83 57 108 54 17 89 80 94 50 116 116 116 116 112 117 105 51 39 19 101 23 101 92 14 39 71 71 14 14 106 6 59 116 59 14 62 101 68 86 92 14 68 71 109 48 
68 96 71 87 86 86 96 24 86 59 102 80 73 74 94 48 24 77 56 24 116 56 21 24 89 74 83 114 114 35 108 77 95 22 108 50 21 116 116 92 59 102 16 76 21 68 62 48 14 8 19 19 101 14 100 100 
96 39 38 114 13 50 118 8 51 38 86 62 118 118 38 23 92 68 38 59 83 10 28 94 24 68 116 116 102 94 97 63 84 50 95 76 76 80 92 86 56 48 14 68 14 14 56 14 111 105 14 68 36 96 100 116 41 
101 14 116 14 86 59 116 118 39 59 72 89 116 96 38 116 96 100 62 117 109 14 111 62 14 71 92 48 48 79 116 48 68 48 116 76 13 76 1 102 14 56 102 89 56 102 63 21 17 63 21 74 94 77 46 12 
84 94 77 100 43 38 109 30 8 104 6 23 109 62 111 71 86 48 71 68 48 6 106 38 71 115 38 58 62 59 109 14 71 23 115 116 35 2 21 21 56 68 68 56 56 21 67 80 15 50 77 108 108 28 74 35 116 
118 39 114 3 95 21 1 14 62 71 109 100 38 8 120 62 92 79 59 14 83 17 36 36 116 116 118 117 59 39 105 14 14 115 36 100 14 92 79 58 86 14 101 38 46 14 86 102 24 86 1 77 
77 97 108 67 74 63 74 108 108 63 1 96 86 86 14 86 101 101 23 120 100 109 59 59 5 45 83 36 105 14 14 109 8 92 86 23 71 62 92 102 116 59 38 58 100 116 116 116 48 
68 116 102 56 24 56 77 46 80 83 108 63 40 17 84 33 53 59 38 29 100 109 36 38 8 53 39 8 100 38 39 6 23 68 68 71 62 92 92 38 59 23 62 86 14 115 38 71 59 86 
68 115 86 68 101 39 92 59 59 24 24 24 24 24 24 24 24 24 24 24 1 89 21 10 12 108 89 21 45 76 94 74 35 86 68 14 21 35 35 28 82 21 89 102 86 109 100 38 70 105 48 92 23 59 59 39 39 
116 116 17 13 17 116 39 59 39 29 62 14 109 36 6 79 48 62 120 48 38 106 80 44 24 62 56 56 116 56 21 56 21 64 94 84 80 54 12 99 57 35 21 21 41 23 62 48 48 86 68 71 92 92 101 60 71 14 
118 6 58 109 89 17 5 74 116 39 83 14 79 100 48 106 41 58 48 106 23 68 86 59 14 86 92 14 48 100 116 116 35 
28 26 21 14 86 24 56 102 24 56 17 35 108 99 35 94 74 73 95 80 80 17 50 76 37 117 118 24 118 8 8 112 53 6 105 41 101 71 
14 38 92 14 62 115 92 62 86 59 14 48 58 38 62 100 59 14 39 24 27 35 24 24 24 56 21 94 1 77 67 99 63 74 113 94 35 116 116 116 116 116 116 116 116 116 116 116 39 116 116 39 59 102 1 116 117 118 118 8 53 100 116 116 96 19 116 17 30 83 17 13 50 116 118 72 39 109 38 100 117 
38 36 111 116 111 79 59 86 59 39 39 116 114 26 80 116 48 68 56 24 1 1 35 28 107 35 48 96 112 8 53 100 96 81 106 79 118 39 101 62 71 92 14 38 41 81 101 38 100 8 116 17 116 76 74 102 38 96 38 38 81 36 6 79 79 29 62 86 68 86 14 89 89 17 10 13 108 1 56 56 56 56 56 21 21 21 95 82 94 35 55 50 63 12 14 120 36 38 92 119 53 19 59 
115 101 59 71 106 101 14 92 58 62 59 106 71 114 47 89 116 62 56 103 50 116 79 110 120 110 109 105 36 116 116 116 116 50 5 82 114 14 58 116 109 61 6 79 100 38 81 39 116 59 117 118 116 118 109 
19 92 100 96 100 105 19 101 68 92 23 39 62 62 83 116 39 116 116 116 14 86 24 24 86 1 35 97 95 77 80 63 1 24 35 12 12 76 74 63 50 77 111 58 8 112 36 100 62 86 86 60 117 39 109 59 111 14 10 94 101 96 23 96 115 106 39 14 14 71 14 56 116 118 100 14 1 35 116 38 116 116 116 116 68 1 64 10 10 
101 41 29 92 60 96 29 36 48 118 4 104 81 39 111 38 70 70 111 39 39 62 14 62 38 92 59 19 96 62 38 89 35 50 3 24 24 1 56 56 56 1 76 76 15 17 1 1 17 57 116 116 116 63 45 63 116 21 84 116 58 96 43 118 116 38 
81 59 35 94 82 17 116 59 81 86 48 88 6 105 81 59 23 86 17 45 97 74 21 56 56 56 24 102 35 12 17 76 17 77 99 50 57 112 79 14 48 14 38 71 109 96 8 96 38 116 118 39 17 50 50 83 111 100 116 116 38 41 96 105 29 14 48 92 115 116 1 38 58 116 116 17 21 56 68 102 
56 56 89 89 84 114 67 73 108 80 80 57 94 21 112 8 101 100 118 4 118 116 111 96 120 41 8 36 105 14 14 62 58 23 62 100 48 14 41 36 6 96 14 102 24 71 83 26 1 77 102 102 1 24 21 83 63 10 35 35 63 21 95 10 38 62 56 116 21 3 107 21 116 86 116 86 81 29 117 111 79 
81 71 86 17 57 116 36 38 71 38 38 79 19 120 106 62 86 24 102 95 64 50 67 56 56 89 1 102 1 76 76 50 17 95 17 22 76 21 24 100 60 109 68 68 71 23 101 71 96 39 79 117 39 39 59 15 82 10 117 39 38 59 23 115 53 96 14 23 23 86 68 48 59 
102 63 113 17 1 24 24 24 24 102 21 102 83 50 74 94 95 67 108 63 67 50 79 104 8 79 87 23 19 41 96 117 70 106 23 115 48 48 14 14 109 109 100 92 58 89 50 50 57 108 89 102 56 56 21 35 76 85 56 56 
21 35 16 116 116 116 116 116 50 5 107 35 56 116 116 102 14 41 72 100 23 101 48 115 36 15 82 15 59 59 59 36 111 71 23 60 81 58 38 101 116 116 38 10 10 50 68 
56 56 56 102 56 77 76 17 74 63 21 94 50 17 76 116 111 120 14 14 109 23 111 117 111 100 81 83 50 116 50 114 59 101 68 86 105 23 23 118 106 23 100 86 116 86 92 116 76 116 116 116 116 116 116 24 24 24 24 102 102 102 63 108 45 63 84 94 63 76 82 15 111 96 30 105 111 39 106 
120 79 60 101 38 92 48 62 39 23 59 86 48 120 96 38 24 48 86 21 64 1 77 21 21 89 102 63 74 50 84 94 99 63 74 95 116 116 116 116 82 73 94 35 116 38 79 96 8 39 8 100 96 100 68 83 117 15 74 83 59 8 116 1 58 53 39 115 8 
92 14 48 68 116 26 50 21 68 102 102 24 56 21 1 94 82 64 1 89 63 76 76 35 92 14 59 71 100 111 116 111 29 96 48 100 29 116 94 50 50 114 59 101 38 24 38 70 61 58 48 86 68 48 86 83 76 76 10 77 102 68 24 56 56 102 1 84 54 114 64 83 21 
95 94 35 21 14 59 96 96 8 96 100 100 106 79 60 109 92 39 38 14 92 62 38 14 58 109 48 62 89 83 77 67 21 24 102 35 94 12 17 84 94 1 94 40 114 68 83 74 97 50 35 68 86 86 100 111 41 81 100 96 58 116 21 82 83 21 59 59 14 
118 96 92 92 86 86 102 35 95 64 102 89 24 56 35 35 63 63 1 80 12 45 99 24 109 100 14 14 59 115 39 60 100 39 79 6 116 17 24 76 76 59 24 68 71 112 51 70 96 115 68 68 14 86 89 63 10 67 1 24 102 56 102 89 77 64 54 84 17 95 73 108 80 112 8 53 96 96 
101 101 29 29 71 100 115 38 59 14 14 105 19 92 23 62 102 80 50 54 89 68 56 102 21 1 35 46 94 83 108 46 116 116 116 50 28 35 116 116 116 38 41 29 111 38 71 48 116 94 97 59 109 68 62 38 38 120 70 79 109 48 86 14 17 82 50 57 80 24 56 1 102 1 84 1 63 55 63 108 108 54 99 109 106 62 14 14 62 62 96 
109 19 41 100 59 114 82 89 71 38 48 58 53 23 92 71 48 48 38 68 116 109 74 55 50 116 56 56 24 56 102 102 21 35 67 64 67 84 99 95 63 50 112 30 118 120 106 79 79 19 39 120 58 71 92 62 68 48 29 60 79 111 100 71 59 116 76 78 
