94 79 4 94 116 121 120 129 102 37 137 105 113 19 23 36 113 113 113 87 141 115 68 61 102 23 149 145 140 113 113 58 83 90 94 31 93 125 72 25 39 134 134 137 134 134 27 48 93 70 76 57 21 11 80 135 135 101 14 57 94 
58 145 105 31 94 143 75 12 58 58 58 72 25 150 150 81 21 141 83 36 124 55 103 113 55 58 90 79 90 134 116 79 76 55 9 126 94 79 116 134 48 48 137 93 115 135 100 114 144 123 93 115 74 14 59 113 102 31 113 106 12 124 108 1 141 79 125 94 95 141 79 37 12 58 103 79 94 113 55 55 37 93 31 71 25 70 59 93 48 134 76 137 27 115 
80 76 135 56 80 57 99 25 129 117 19 102 102 102 102 102 102 102 102 102 102 150 8 62 107 55 72 102 102 55 79 31 19 102 102 92 12 103 83 113 31 126 72 102 94 83 92 102 102 102 102 102 102 102 113 28 48 115 129 12 28 19 102 102 113 105 32 12 103 31 134 58 106 79 125 134 125 55 72 72 107 7 150 102 134 134 94 4 48 115 134 76 135 76 109 59 59 11 129 123 120 66 98 80 102 92 111 4 
37 143 90 116 94 103 113 23 106 36 58 72 28 113 102 102 102 102 25 102 83 46 46 36 58 103 113 111 55 37 31 31 55 141 85 55 111 134 134 134 12 21 134 12 19 102 150 107 72 19 102 102 102 134 134 134 134 134 134 134 76 25 114 16 74 144 144 81 54 16 14 80 132 28 23 113 102 113 32 12 23 113 19 53 72 37 79 31 
103 103 55 103 95 141 95 79 72 72 90 143 55 95 85 93 137 21 11 25 25 66 102 85 134 134 4 27 137 70 68 66 66 144 101 144 120 68 133 70 38 93 137 48 125 58 102 102 102 102 19 72 102 111 94 94 145 31 102 32 113 102 31 58 31 1 83 103 113 31 102 31 58 31 37 72 1 31 21 72 19 102 102 102 
19 72 102 72 72 1 105 102 105 113 113 36 145 141 145 105 105 113 94 141 113 94 125 
37 31 90 95 79 79 113 102 102 150 137 55 102 48 116 102 116 85 102 134 134 19 31 134 134 134 113 103 106 108 145 12 106 46 142 143 140 142 87 58 32 58 28 92 72 21 79 125 103 141 115 37 46 36 113 102 19 12 55 102 55 12 19 102 19 28 72 81 25 62 70 102 72 55 83 31 102 102 113 58 111 102 55 58 113 58 106 108 102 102 58 85 93 37 79 79 94 102 102 79 126 103 23 127 31 102 102 85 94 27 116 116 27 4 85 48 102 93 137 102 102 102 102 102 72 55 55 12 92 126 108 46 106 94 94 105 28 35 32 75 83 141 1 32 28 92 72 107 102 28 28 
19 102 19 91 102 91 19 102 102 102 31 87 28 102 102 
55 32 58 105 103 1 141 31 37 55 37 48 143 102 137 143 31 37 83 72 55 37 37 125 125 83 113 58 141 94 107 12 37 21 102 102 102 68 137 102 102 134 134 134 134 134 134 134 134 134 19 32 125 125 1 141 149 36 55 23 58 90 85 94 126 149 106 108 36 103 1 108 6 19 102 102 102 102 102 102 102 150 109 109 150 102 102 102 31 143 102 103 83 111 58 113 19 12 
111 32 137 55 102 68 49 81 72 21 137 126 55 103 140 145 103 58 83 95 32 113 113 108 134 134 31 32 21 107 7 109 80 113 31 135 134 85 116 4 137 76 134 134 134 115 129 81 71 16 11 81 107 80 16 66 81 33 66 107 81 134 79 37 125 103 126 12 12 108 125 48 21 55 17 62 71 37 37 143 58 75 83 83 106 143 145 94 79 85 4 
102 102 77 4 116 102 48 134 134 48 27 57 70 144 107 101 21 66 80 107 148 149 103 95 141 142 111 106 141 36 72 55 113 105 94 94 85 79 46 145 19 55 37 103 79 27 121 128 137 102 48 134 116 85 115 70 99 96 100 57 57 80 54 150 137 143 
113 102 102 102 150 109 54 81 102 102 102 102 72 19 19 42 72 32 113 102 102 19 12 102 107 111 72 17 8 102 6 31 31 19 19 72 102 111 111 102 72 102 107 72 19 19 72 107 102 28 111 102 72 19 102 102 102 102 31 4 85 4 27 115 134 134 134 76 54 68 80 80 17 12 71 59 59 99 
11 81 60 23 45 19 134 19 111 125 37 72 55 103 103 4 48 102 37 94 94 141 37 79 46 36 92 19 28 23 113 102 102 102 102 150 8 150 150 71 37 36 113 134 31 103 31 28 55 31 58 31 31 46 143 79 125 79 37 103 103 94 94 36 111 111 36 92 45 28 55 21 71 
125 85 93 27 134 134 134 134 137 93 115 134 76 109 25 54 59 60 133 144 144 80 25 11 81 107 21 1 83 19 19 23 55 93 55 58 113 19 28 111 72 132 72 72 126 31 102 31 143 85 58 141 102 72 
83 102 31 113 31 113 103 83 83 103 113 31 32 105 103 134 21 12 25 25 134 25 134 79 137 48 134 48 115 48 134 134 117 117 129 71 60 117 
21 120 130 100 60 80 134 116 130 76 90 103 113 140 90 90 52 103 141 106 143 143 37 104 27 48 137 81 16 123 55 21 48 85 55 55 1 83 92 23 
83 36 113 31 126 102 129 12 134 107 134 67 21 91 72 79 137 72 113 113 111 55 6 113 134 19 53 103 27 31 83 79 134 134 134 134 102 102 102 102 102 102 31 94 125 48 48 116 27 57 134 134 99 8 11 109 71 72 134 81 11 109 109 
76 31 19 102 19 28 72 81 42 23 23 113 113 28 72 23 31 94 127 58 36 113 79 55 1 55 113 83 58 87 108 55 145 102 85 19 102 31 79 134 134 48 48 27 137 70 117 59 49 8 11 109 102 102 102 102 
102 102 102 102 150 7 107 72 55 102 55 72 107 102 111 79 31 102 107 72 19 150 21 32 58 111 107 102 12 72 12 19 102 102 102 102 102 92 83 94 55 37 125 111 79 137 21 32 113 102 102 102 102 102 102 102 102 113 37 48 102 48 102 31 129 80 113 111 107 102 28 28 19 102 19 12 55 102 55 55 12 32 102 31 31 102 
102 102 31 55 55 79 103 111 72 72 19 102 102 102 102 102 102 94 103 102 93 150 102 94 103 135 115 134 134 76 14 70 70 129 129 80 134 134 137 137 116 27 137 134 70 33 66 134 150 98 70 27 27 48 27 115 48 115 93 31 16 141 83 105 128 85 95 46 55 143 37 79 100 25 48 134 134 27 74 100 59 28 
46 105 37 143 105 31 94 125 41 27 48 115 107 70 100 80 70 79 105 102 79 72 105 125 148 137 57 16 96 144 133 55 55 37 102 37 37 31 76 102 83 113 102 102 113 23 111 111 113 102 102 113 
111 102 102 55 12 81 55 102 68 68 102 55 81 72 105 21 72 19 102 102 19 72 55 91 102 37 83 19 102 102 102 102 31 145 37 79 72 102 12 21 102 72 102 72 19 102 102 102 102 102 102 19 91 17 80 102 102 102 102 102 102 102 102 102 102 102 102 102 102 102 102 48 48 116 31 102 102 102 134 134 134 134 134 80 137 93 81 71 38 134 4 27 27 134 115 57 134 114 139 139 70 70 144 21 70 66 137 129 137 134 21 57 137 117 94 93 144 59 102 102 102 92 111 31 111 19 19 91 81 72 111 102 102 55 83 31 102 102 102 31 32 31 55 141 55 111 79 
31 102 76 31 92 55 70 102 12 31 55 102 12 21 102 111 79 105 113 102 102 102 102 102 113 32 55 102 102 111 111 107 102 12 19 102 102 102 102 102 102 102 102 102 102 102 102 102 102 102 102 80 68 21 102 81 93 93 115 102 115 93 79 102 109 107 81 11 109 68 80 102 102 102 102 102 102 115 93 37 102 109 12 150 114 80 76 143 102 68 109 150 102 102 102 102 102 19 12 72 55 81 91 19 102 19 91 102 91 19 150 107 72 102 61 81 27 93 55 58 113 102 102 102 92 12 58 113 134 134 31 83 55 72 55 134 55 12 134 107 102 102 19 79 27 137 134 103 
134 48 93 80 134 134 80 109 21 21 81 134 31 129 80 134 134 134 80 14 139 59 99 11 114 93 81 16 128 117 134 
107 38 70 70 37 75 85 60 76 113 88 94 85 102 73 134 134 27 109 70 123 59 145 103 141 90 143 
83 95 4 5 48 48 135 107 133 139 129 80 102 102 102 102 102 102 150 8 11 71 55 113 113 102 113 12 55 141 55 111 19 102 19 12 72 111 79 31 102 25 102 102 102 102 72 72 72 107 72 58 140 149 23 37 94 32 145 31 27 37 72 55 72 21 37 105 102 102 102 31 55 102 48 137 79 125 129 76 134 66 123 80 134 125 93 16 70 101 68 129 117 16 109 101 70 71 123 93 129 70 114 76 105 58 105 
102 36 141 102 102 141 113 37 102 103 31 31 95 83 58 102 125 36 113 102 102 19 12 72 12 19 102 102 102 150 61 109 107 55 12 129 21 28 113 134 134 19 23 83 31 134 83 31 134 113 105 55 72 134 134 72 37 93 21 12 79 143 31 102 102 102 102 102 102 102 102 102 102 111 58 116 48 102 125 4 27 85 79 134 93 80 134 134 99 54 38 134 4 27 115 76 16 100 60 66 66 139 117 14 133 129 16 76 83 35 55 55 12 92 12 55 55 12 19 102 102 19 12 55 102 55 111 79 
31 19 102 102 113 32 55 37 90 72 1 105 31 85 48 79 58 103 55 37 1 46 36 102 70 55 92 31 129 80 76 70 80 134 114 68 137 57 76 134 134 134 134 99 70 93 70 109 137 129 80 134 134 134 11 33 70 80 11 33 70 120 38 21 38 55 141 143 31 102 70 39 80 115 93 37 32 145 1 1 46 31 55 132 
111 102 21 55 72 71 54 68 107 125 83 36 32 36 142 106 83 37 143 142 134 125 111 81 81 7 66 134 125 137 134 4 27 144 115 76 81 93 137 70 133 133 123 59 120 16 80 113 127 31 4 94 90 103 141 95 55 83 125 21 55 12 92 12 72 111 79 31 19 150 8 17 55 55 102 55 72 111 112 58 28 31 103 31 102 79 31 113 125 94 72 
46 94 143 113 102 102 102 102 113 23 20 58 125 4 57 102 31 48 115 137 134 134 134 150 114 133 139 80 76 137 70 71 100 100 144 66 101 107 133 19 6 102 125 113 31 31 113 103 145 28 32 112 12 126 79 94 106 31 90 95 79 125 103 103 31 102 31 83 95 55 106 143 37 90 103 106 31 79 
141 55 134 55 8 68 80 31 79 115 134 79 48 80 134 80 38 76 70 21 48 134 137 80 120 100 129 120 107 66 100 80 99 102 102 102 113 58 72 25 8 11 70 102 83 58 105 105 46 31 102 1 126 35 72 12 19 150 76 31 102 7 21 91 102 27 93 102 12 19 19 12 72 35 94 79 106 
113 94 125 55 1 79 8 61 80 102 102 31 32 129 80 134 134 150 59 139 16 125 27 57 137 11 81 33 16 114 98 139 120 21 19 87 141 37 4 31 55 143 106 149 55 36 32 145 1 55 111 81 102 102 132 108 79 145 145 31 58 23 106 36 108 31 4 102 37 31 95 79 48 137 102 8 
129 114 27 48 102 102 102 134 115 93 115 133 21 117 144 117 133 74 114 80 128 101 21 102 31 126 142 105 113 102 113 28 55 55 28 28 83 141 55 
90 85 94 95 31 55 95 1 37 125 143 55 79 143 140 94 87 111 27 115 134 25 15 93 48 85 4 135 27 134 80 81 80 57 117 93 57 147 133 100 82 59 80 101 80 129 31 19 150 8 62 135 125 83 31 102 102 113 23 28 92 83 83 111 81 12 21 7 107 21 105 111 55 37 
83 92 12 72 83 145 31 31 37 90 145 102 27 102 12 17 68 68 80 134 134 31 79 27 80 76 114 107 134 107 81 135 137 57 117 59 76 15 66 101 133 71 14 83 102 76 1 83 125 37 145 140 72 141 83 140 31 113 58 111 72 71 109 150 80 129 102 134 105 58 23 23 113 32 143 90 83 125 31 83 4 
4 94 102 102 31 103 31 111 9 58 125 4 116 102 48 134 85 27 117 134 80 100 21 80 93 114 146 129 129 16 70 128 74 80 83 46 58 103 48 83 36 102 105 1 72 12 92 83 1 12 105 4 4 102 55 94 37 83 103 31 103 125 125 141 141 113 55 55 37 37 106 143 79 31 
1 21 134 107 11 5 137 134 134 137 137 93 144 134 114 93 135 117 93 117 21 81 100 16 59 101 138 80 80 102 143 55 27 63 100 114 115 143 103 83 72 142 65 46 85 27 72 102 8 8 19 46 103 95 111 75 140 31 31 90 79 79 125 107 69 27 27 48 85 125 137 139 133 133 76 93 137 129 60 70 70 71 123 102 102 32 142 113 37 37 83 75 55 55 72 58 19 12 55 55 72 102 107 7 
21 55 111 79 105 58 126 35 92 103 95 83 125 103 125 134 125 113 31 102 102 102 102 102 102 102 125 125 102 134 37 134 37 71 38 80 107 80 16 80 76 49 80 135 128 25 120 25 28 12 79 105 113 113 28 55 55 12 92 12 72 55 103 94 105 58 79 55 55 85 125 141 94 37 103 55 103 95 95 48 36 141 90 83 125 21 55 72 134 81 
137 4 116 137 76 134 137 135 139 115 93 16 133 70 107 100 100 59 14 144 109 80 70 85 4 14 71 137 85 105 97 141 125 143 38 66 70 143 90 19 142 55 103 125 116 147 70 134 48 48 48 129 80 137 76 16 133 
81 139 70 107 36 143 90 55 103 113 83 113 103 95 103 115 14 68 48 102 55 88 58 106 94 125 141 90 85 79 4 116 125 113 105 4 116 116 116 134 27 48 57 66 137 93 80 14 71 123 14 128 144 28 55 79 103 1 140 111 58 105 105 143 37 
37 103 103 31 79 143 106 79 55 31 37 95 135 38 109 135 4 4 57 115 27 115 59 16 115 57 117 16 81 16 100 16 143 125 115 64 70 102 79 55 145 87 95 55 37 117 61 57 113 1 141 36 140 90 55 37 93 50 137 134 134 27 76 57 133 114 57 144 
101 38 71 16 102 112 106 143 94 31 142 141 83 28 46 31 71 49 80 102 46 19 142 95 143 143 1 103 85 85 48 102 89 4 116 85 116 116 134 76 114 80 76 21 128 139 74 144 116 85 112 28 124 140 72 83 143 79 143 32 55 143 37 94 90 134 109 56 57 134 134 27 57 139 21 115 129 16 60 120 76 102 94 
58 125 102 107 62 54 80 102 115 115 103 106 32 46 87 36 83 35 55 79 102 105 102 15 81 36 145 48 31 46 75 72 1 140 32 31 94 37 48 57 26 80 102 79 85 116 27 27 70 59 70 144 115 137 133 38 144 60 21 81 70 141 103 94 95 142 55 113 
46 79 114 84 55 90 79 1 19 46 90 85 125 85 116 115 69 137 102 116 134 134 27 135 137 117 129 70 81 70 80 81 102 28 140 37 142 119 113 83 83 140 105 79 90 37 94 95 32 105 94 90 59 
96 76 134 134 134 76 59 93 135 144 59 16 96 133 31 102 102 102 102 102 150 8 150 76 27 79 143 140 55 113 111 75 31 55 12 71 146 70 103 55 90 83 142 142 95 90 141 1 79 116 114 49 128 102 116 134 
137 134 134 120 16 117 57 48 115 62 59 100 16 99 111 112 83 103 141 141 37 31 106 141 1 36 12 1 107 55 72 8 109 21 94 143 72 106 142 19 142 37 79 94 4 116 116 94 135 122 48 102 102 102 116 4 134 27 135 
129 135 123 137 27 100 74 129 144 133 100 16 92 28 106 32 113 113 83 113 36 1 106 145 36 95 79 79 125 94 143 79 79 105 103 105 79 79 46 143 125 134 115 98 66 134 134 134 134 134 137 137 76 123 93 117 76 
76 144 100 144 16 147 117 117 102 150 102 92 59 57 58 21 71 77 102 150 17 72 111 102 72 93 70 91 103 79 94 102 102 102 31 106 111 55 23 31 102 31 65 113 48 79 79 76 
26 16 102 36 31 102 83 12 31 79 1 12 141 55 79 4 31 94 79 55 58 103 76 31 143 27 31 102 102 102 102 4 85 4 94 128 100 135 14 107 71 33 80 16 117 144 111 142 149 145 79 
125 141 37 1 55 105 112 36 141 79 1 111 17 11 68 27 83 55 31 112 35 142 90 94 140 79 125 143 85 4 125 102 39 66 27 27 48 102 102 137 27 115 21 129 137 137 21 80 59 14 100 68 133 
76 102 102 31 46 55 141 53 92 113 141 94 94 32 31 105 79 125 103 1 37 37 105 140 37 94 55 98 98 76 134 134 134 134 80 129 57 117 27 115 11 129 117 62 120 120 102 102 102 102 150 61 81 27 37 103 145 20 
55 72 19 102 102 102 31 55 102 150 19 102 11 71 25 12 126 113 102 102 113 12 126 102 105 113 113 126 94 90 145 102 37 27 107 102 81 107 67 19 125 
137 57 57 137 102 134 134 134 134 76 114 80 125 135 98 66 135 133 70 70 129 70 15 99 76 70 80 93 21 102 102 102 102 
102 77 55 85 125 103 58 102 94 75 141 113 32 31 35 108 106 58 19 36 72 83 55 79 141 83 111 31 94 90 79 143 105 31 102 102 102 102 102 102 102 102 125 85 137 80 70 117 71 120 144 133 76 109 102 102 94 75 10 31 141 46 140 36 36 142 143 79 95 90 125 
103 143 79 90 90 141 19 37 79 31 90 85 94 12 19 134 125 116 134 134 48 115 133 70 59 71 144 70 70 70 60 76 102 125 113 81 14 27 79 93 85 79 85 132 132 42 70 57 21 76 129 80 66 81 102 12 106 32 36 103 12 32 58 36 125 27 105 79 93 21 107 49 60 137 93 80 71 144 70 107 70 68 15 72 103 90 90 94 31 31 102 113 28 72 
12 92 72 107 11 8 102 23 55 31 87 79 94 35 55 55 72 134 134 134 72 19 113 32 134 31 31 83 37 125 37 79 25 134 107 15 76 134 31 27 114 48 137 137 137 114 57 59 117 137 70 114 4 70 14 71 21 93 59 
62 54 80 134 76 81 102 31 72 72 72 19 102 92 111 31 111 19 19 23 36 145 31 102 31 90 90 103 143 55 103 37 31 58 58 12 79 80 21 72 55 79 21 105 4 79 58 31 135 76 150 59 70 117 76 66 125 134 93 4 76 117 76 81 70 60 70 134 70 59 70 81 137 70 39 80 
134 76 150 80 48 134 102 79 94 102 102 102 102 150 3 115 102 102 55 28 113 102 102 102 102 102 19 72 102 72 55 55 72 102 111 102 70 55 19 102 102 102 102 102 19 72 102 102 102 111 12 79 31 19 102 19 72 55 12 102 102 102 91 19 102 102 19 
72 102 111 111 102 102 72 55 31 102 102 113 37 79 111 93 134 145 94 111 106 31 134 113 126 31 141 1 37 134 125 145 102 114 79 19 102 102 102 102 102 79 85 134 116 48 115 94 85 48 134 32 21 11 7 134 55 103 105 112 12 37 55 37 79 137 58 83 55 12 126 31 31 19 36 79 116 108 94 
134 134 113 137 102 79 90 127 126 37 4 79 106 145 106 106 103 31 55 113 141 31 143 55 102 21 70 80 102 102 102 102 125 125 102 137 48 48 137 70 21 21 123 80 100 66 80 81 144 70 94 97 145 95 142 106 28 28 83 113 125 95 111 90 143 55 94 94 46 55 83 142 143 79 94 134 105 37 81 61 134 55 76 93 115 
21 70 70 133 21 66 130 71 134 17 68 102 102 102 102 102 102 102 102 102 102 102 102 150 8 150 150 81 102 72 102 72 19 150 107 72 19 102 102 102 19 12 102 21 91 55 72 19 102 19 12 72 12 19 102 102 102 102 102 102 102 102 102 102 102 102 102 102 111 12 79 31 19 102 19 
42 107 107 42 19 102 102 102 102 102 102 102 19 91 25 150 19 72 102 102 102 102 55 12 81 21 55 12 81 21 102 111 72 17 150 102 19 42 55 72 19 102 102 102 102 102 102 102 102 102 19 72 71 80 113 105 
129 80 134 134 80 129 76 17 55 134 81 11 109 81 137 129 80 134 134 134 102 150 17 21 107 11 8 102 102 102 92 12 36 92 72 21 83 141 115 27 72 37 102 31 105 102 31 19 102 102 
102 102 102 19 12 102 21 91 55 72 19 150 25 6 32 79 55 55 91 21 102 55 81 91 102 25 91 92 6 6 19 102 102 102 19 42 55 102 55 83 31 102 113 103 106 108 79 37 79 94 79 32 32 103 37 37 145 37 4 134 79 145 106 94 102 102 31 32 129 102 28 55 55 12 19 132 83 83 31 57 103 
94 31 79 94 79 137 4 103 135 48 116 134 135 134 143 76 3 134 55 31 143 103 36 83 83 87 28 32 106 36 141 106 83 1 113 102 102 113 36 46 58 145 31 31 145 58 126 55 141 95 37 103 31 102 48 108 103 37 113 31 102 31 113 37 37 1 79 94 90 125 113 
94 102 102 94 79 79 55 37 93 102 1 94 85 31 83 48 85 4 93 113 58 90 103 1 102 37 107 39 76 31 125 27 134 116 94 93 76 80 68 25 66 37 105 125 134 112 83 31 103 145 141 111 142 79 72 106 85 103 108 31 27 67 102 116 143 10 46 37 94 55 19 90 140 106 58 108 103 
55 95 115 29 48 134 134 27 33 14 80 16 11 135 81 12 55 102 102 72 19 150 107 72 19 102 102 102 102 102 102 102 102 102 102 19 72 102 72 55 55 72 102 12 23 72 12 102 107 72 19 102 102 102 102 102 19 28 102 93 42 19 102 102 102 102 19 42 
21 102 72 102 72 19 102 102 102 102 102 113 32 55 55 93 137 91 81 72 111 102 72 102 107 72 19 102 102 19 72 107 102 91 25 150 102 102 102 19 28 115 21 137 102 102 137 27 48 27 115 76 129 76 59 71 68 68 135 135 76 80 61 150 150 25 132 12 36 19 19 72 55 91 55 72 92 72 55 91 55 72 19 
102 102 102 102 102 19 72 102 72 72 12 102 107 72 19 102 102 102 102 102 113 58 55 21 91 55 72 19 102 102 102 102 19 91 81 21 102 102 102 102 55 12 17 109 107 81 150 102 19 72 81 76 134 134 134 134 134 134 76 70 105 134 71 134 71 109 99 99 109 109 99 134 134 134 134 80 8 21 81 54 109 61 57 85 
95 145 58 55 90 49 94 95 46 145 106 143 115 18 102 102 134 63 113 55 1 142 83 113 95 72 142 55 63 37 105 72 72 31 1 95 79 85 102 102 4 116 102 134 115 66 66 59 81 133 83 28 106 143 95 55 103 32 103 90 141 31 30 
