197 129 76 54 129 48 64 191 88 59 114 1 42 53 48 68 68 68 68 161 15 88 16 67 104 165 159 81 99 117 147 107 18 122 62 25 92 18 81 175 68 117 102 45 93 16 63 168 132 
92 72 42 68 144 166 149 149 129 25 101 191 88 194 199 199 1 101 97 86 159 171 41 105 159 140 100 40 67 81 81 143 122 64 64 63 169 143 143 173 159 21 165 80 63 115 192 127 127 41 68 67 68 8 68 68 93 
54 129 144 142 166 149 13 146 146 176 88 25 188 131 114 157 101 179 131 47 27 117 103 86 117 68 151 140 107 138 86 34 140 190 190 138 182 168 105 63 143 16 18 127 143 148 63 166 166 1 62 59 181 76 129 166 166 181 48 9 71 60 53 122 1 66 123 95 188 190 143 68 131 25 9 26 108 143 105 143 140 10 102 81 175 163 167 145 63 122 88 26 88 92 
68 58 81 190 200 106 138 10 151 67 192 132 90 136 9 49 54 144 180 149 13 186 54 77 176 179 152 122 25 1 25 64 1 139 145 90 63 167 104 165 80 100 
159 151 99 143 176 26 166 161 62 63 107 117 165 4 86 99 159 164 190 90 158 163 67 166 20 166 62 8 155 146 166 90 122 13 166 166 166 166 181 60 70 71 60 49 188 114 60 49 74 196 84 107 80 61 182 4 145 132 168 130 175 27 166 177 122 129 129 54 197 12 179 197 172 
54 197 184 9 59 180 168 45 51 40 159 67 105 95 26 95 192 16 105 171 121 182 34 105 149 76 11 131 149 149 149 181 146 70 49 186 49 191 70 161 188 167 104 90 63 40 120 130 68 1 188 166 
167 27 61 93 16 105 192 180 90 83 155 181 149 149 13 136 177 
25 188 31 198 126 174 159 141 178 86 80 139 117 145 173 163 190 190 86 86 127 181 1 72 122 199 181 181 1 64 152 76 179 155 59 188 181 101 49 142 132 120 141 158 107 67 77 157 108 163 175 175 45 138 158 16 143 92 134 54 13 13 13 199 88 70 197 49 185 93 93 16 104 182 200 18 171 16 80 120 9 92 107 86 148 86 110 34 63 143 105 192 149 183 187 166 166 13 181 54 176 95 26 187 77 9 49 93 35 35 93 166 93 57 
99 163 107 171 16 63 104 148 67 171 158 90 67 171 105 127 45 
90 115 90 104 16 168 181 105 117 54 83 131 166 143 144 13 166 86 63 166 27 147 159 130 169 27 165 175 100 109 107 58 34 34 100 86 27 68 68 27 58 170 161 68 68 88 63 63 63 58 16 67 27 93 102 18 58 16 67 27 27 117 58 107 86 93 93 28 29 63 102 120 16 147 27 175 139 40 86 118 175 175 196 62 74 64 
131 149 173 132 181 47 7 7 93 27 117 102 27 182 45 21 124 117 18 122 122 159 109 145 145 27 27 117 58 158 145 151 182 27 86 81 93 166 166 161 15 64 170 28 54 166 10 171 115 117 57 120 165 57 130 63 86 168 143 166 166 166 166 166 166 27 50 122 161 68 68 27 
41 149 144 115 144 149 142 132 168 199 95 161 166 196 93 166 117 102 90 90 104 182 165 84 10 27 27 117 58 120 102 93 68 68 93 35 35 93 68 93 33 68 33 68 170 58 27 68 68 68 93 102 68 122 28 68 170 68 68 58 
27 68 93 63 1 68 35 166 170 58 58 166 18 93 166 166 93 102 63 63 63 88 102 122 2 161 166 166 166 27 175 77 166 67 199 188 166 27 58 170 26 20 161 166 166 166 166 166 166 166 166 166 93 33 166 33 93 166 93 102 18 102 118 175 105 58 18 138 120 
68 68 68 68 68 161 170 18 93 166 166 166 166 18 18 102 68 170 18 93 93 35 35 93 93 35 18 88 102 63 122 8 62 166 122 63 35 93 93 102 166 63 21 27 166 93 33 166 102 63 18 166 88 2 161 166 166 166 166 166 166 166 166 166 166 
166 166 166 166 161 20 26 170 18 93 166 93 35 35 93 166 93 102 18 102 93 166 93 35 18 88 102 63 18 166 166 93 33 88 18 58 68 18 93 68 68 68 93 35 
35 93 68 93 102 63 122 88 161 161 62 33 93 93 102 18 102 93 93 33 166 102 63 166 166 18 93 166 166 166 166 166 166 
68 68 68 68 68 68 93 16 54 181 115 105 197 188 166 166 166 166 166 166 166 161 20 161 166 166 161 170 18 93 93 102 18 102 93 
166 166 93 102 63 63 102 93 93 102 63 63 102 166 131 175 166 170 18 93 27 93 35 35 118 21 106 159 93 163 173 99 178 120 190 67 115 192 63 67 200 159 99 148 144 192 4 54 54 166 166 166 166 
166 129 149 149 76 52 71 56 71 199 186 197 114 125 95 197 192 115 68 68 68 68 68 50 192 105 130 16 16 10 57 169 63 171 18 122 62 88 159 27 144 90 120 120 200 
99 163 167 93 163 104 4 149 67 36 195 143 166 144 41 144 13 54 59 161 157 79 97 79 187 60 160 97 42 170 81 130 190 158 171 27 193 193 18 10 159 167 120 63 68 18 5 57 
117 90 106 10 175 165 118 158 148 27 171 173 41 144 132 143 68 68 68 68 68 68 166 149 129 54 53 64 114 136 122 52 64 198 126 122 79 170 18 93 68 68 93 28 63 18 93 93 7 145 67 27 68 27 117 18 63 18 68 18 93 68 175 34 18 181 115 18 90 68 68 90 63 
104 117 117 192 105 167 129 149 130 27 90 54 50 165 158 145 63 167 63 18 170 2 155 131 54 54 144 166 54 129 131 77 95 191 60 191 136 199 54 146 114 188 70 71 1 54 
158 68 131 67 175 68 188 155 170 2 122 68 68 68 63 107 16 68 117 117 18 33 63 58 117 117 18 63 18 68 122 8 8 122 68 18 63 63 18 63 50 27 118 63 163 109 90 86 117 120 105 132 63 102 166 166 166 143 168 76 149 13 129 52 70 48 1 114 20 166 155 191 95 71 26 102 63 122 132 167 16 90 132 68 90 67 68 67 175 68 27 58 63 28 118 102 18 
190 90 68 68 68 18 68 20 8 122 68 58 58 68 18 93 93 147 58 18 63 145 190 165 86 13 181 57 143 181 63 63 120 93 68 161 2 88 68 18 155 54 180 67 181 52 54 166 166 166 166 1 184 1 108 62 1 129 199 59 114 136 59 155 114 114 59 175 120 81 45 182 124 21 34 175 165 27 138 138 90 169 45 63 143 90 115 105 171 67 18 109 117 163 166 166 175 58 
17 155 126 54 142 199 166 190 54 60 194 59 71 126 59 197 177 95 176 92 114 161 
68 68 68 68 68 161 2 92 129 105 130 117 115 182 159 169 121 143 175 109 148 63 63 200 27 68 68 93 145 142 41 106 45 80 189 67 27 165 68 143 81 107 63 62 74 9 188 175 115 181 166 192 181 131 131 177 95 95 1 48 31 25 79 97 184 177 67 104 173 63 190 115 100 106 86 174 163 67 100 27 18 117 68 93 7 55 67 105 27 100 102 159 27 100 167 163 165 145 190 16 63 171 67 190 
115 68 192 168 115 112 68 68 68 68 180 180 149 181 199 77 199 126 170 79 95 179 170 76 79 185 176 1 68 27 21 58 63 105 86 35 68 58 35 93 68 27 147 109 107 68 107 159 165 127 158 138 143 68 143 16 168 67 151 105 105 90 13 67 86 107 145 171 107 80 132 132 21 68 15 62 76 166 166 166 166 192 192 166 114 9 26 161 122 50 124 106 167 
109 182 174 106 139 99 190 104 175 68 68 68 68 143 120 197 38 114 197 68 68 145 117 145 16 7 16 16 93 175 140 106 143 90 86 68 108 2 161 93 18 68 18 18 107 105 67 165 27 169 80 138 115 67 99 167 16 166 146 154 25 142 13 76 166 190 54 166 58 17 26 54 158 143 166 166 165 21 
147 118 21 80 100 4 105 143 106 68 93 102 68 132 130 104 68 90 200 27 27 182 45 109 50 158 165 102 18 18 120 90 50 68 2 170 68 68 18 63 63 102 41 120 21 68 102 138 169 67 190 100 158 143 171 34 115 168 68 88 68 68 93 115 149 13 144 180 181 180 166 26 20 161 166 166 166 163 18 130 80 93 81 37 
143 41 148 163 167 68 93 35 35 41 200 117 105 21 81 27 93 102 102 158 171 117 200 63 107 105 90 45 143 68 192 86 27 86 27 190 173 109 145 27 138 88 68 8 108 131 181 149 149 142 192 131 48 42 9 166 166 104 120 163 200 21 106 182 
124 103 27 99 148 175 143 115 68 143 144 131 188 93 63 17 161 161 131 145 117 145 68 50 18 68 18 117 117 147 109 45 159 175 68 68 68 68 68 68 68 27 117 63 199 80 158 142 169 171 115 118 138 67 4 132 192 105 105 
120 16 155 38 188 175 180 149 166 115 115 86 170 38 131 166 54 129 190 10 107 58 118 27 96 163 67 167 144 144 190 118 81 86 190 192 192 105 105 68 120 63 50 104 107 84 27 27 117 58 138 158 181 54 68 197 22 88 68 86 90 
122 58 58 18 120 175 93 102 174 107 41 163 168 41 120 67 41 68 138 120 175 68 161 20 95 188 143 115 144 142 13 129 166 86 155 43 
166 158 127 175 67 200 102 145 84 40 200 104 190 159 120 68 93 35 35 90 105 27 93 35 35 118 21 159 104 182 175 68 192 107 45 167 132 67 167 168 100 16 127 106 100 120 143 166 163 90 168 16 59 74 24 60 
54 166 166 166 166 166 166 161 9 101 136 105 41 190 163 110 27 90 112 102 121 168 192 158 16 143 68 68 68 68 68 68 188 24 157 95 54 63 67 200 10 18 63 21 165 120 81 80 115 129 63 93 166 166 166 27 182 109 167 158 143 67 151 99 86 100 148 105 41 167 
104 163 106 19 81 143 166 166 166 166 166 131 62 74 155 166 115 27 151 34 102 107 86 112 40 200 67 132 105 147 109 104 104 105 68 192 182 163 34 109 130 169 27 117 86 104 90 122 63 102 68 20 8 122 68 18 63 143 16 81 27 27 
57 40 145 120 16 127 41 143 105 41 138 143 68 27 21 78 4 68 13 129 166 180 144 13 188 161 83 122 143 182 143 175 182 106 61 99 58 120 163 192 105 118 86 138 124 27 10 174 121 80 158 63 171 27 182 127 171 127 27 182 173 18 200 41 132 18 122 38 188 166 166 166 166 166 188 3 64 166 27 
138 58 40 99 58 193 106 138 145 68 68 68 68 68 188 38 136 68 105 86 45 130 130 58 117 27 167 142 105 68 27 117 18 18 27 120 148 148 40 151 190 182 63 104 90 44 68 180 149 149 166 166 166 114 62 143 167 34 99 107 99 99 193 34 105 67 104 45 143 143 167 171 100 80 
27 140 100 163 138 63 200 27 68 68 68 27 169 130 63 109 175 165 110 167 27 63 132 190 67 90 67 173 67 112 68 68 142 180 166 144 115 13 56 149 171 104 138 86 159 84 121 159 175 63 178 86 
37 90 104 84 58 51 117 120 27 165 67 120 163 175 190 163 106 158 145 145 190 145 90 68 132 64 183 129 68 166 166 166 166 166 166 166 188 22 166 159 16 174 21 102 165 58 99 171 107 165 68 68 68 131 62 26 68 68 68 93 45 117 86 174 159 120 117 68 
68 27 147 109 106 200 109 193 45 200 190 105 168 68 75 76 166 166 166 166 48 119 199 63 138 61 103 124 80 93 27 86 142 105 145 163 81 63 45 61 106 90 194 72 64 93 109 104 18 93 117 102 63 
41 67 67 192 171 151 195 150 115 68 166 180 149 48 62 62 76 166 120 58 200 102 164 171 27 63 93 93 102 18 35 27 68 93 35 58 68 18 
118 35 58 68 90 200 27 27 145 105 158 16 138 90 132 63 175 41 68 27 182 103 171 192 10 63 105 132 54 63 170 74 64 199 131 129 166 166 166 166 166 
188 2 122 170 63 63 86 118 100 34 111 21 159 140 90 68 68 68 68 68 68 188 3 155 155 143 86 165 175 81 102 117 27 27 117 58 18 68 68 68 18 68 20 20 68 18 122 16 16 16 
130 18 190 192 175 117 159 86 80 192 143 100 148 16 143 145 86 195 98 27 166 192 180 13 166 41 13 54 166 188 22 170 18 58 81 175 27 37 27 45 10 
159 58 80 145 158 117 81 158 115 41 16 105 181 200 99 16 120 102 63 81 80 86 109 158 181 16 68 108 2 68 18 122 54 105 35 120 16 147 27 93 102 18 138 
34 148 41 192 163 104 143 158 41 129 105 27 93 5 21 175 41 180 149 166 142 142 132 181 114 22 122 63 138 200 142 158 99 139 174 21 34 175 41 41 158 182 
27 68 93 7 93 118 58 90 90 63 120 163 159 27 86 104 132 90 104 165 105 67 40 67 127 90 140 182 180 136 166 33 62 20 1 131 166 
142 149 76 166 166 161 2 166 18 63 86 175 27 57 138 147 117 37 117 166 143 159 105 143 175 67 199 188 68 161 2 129 132 86 27 27 99 45 86 93 68 
27 37 63 105 200 175 68 68 68 155 68 117 18 63 158 145 151 10 81 159 165 120 115 144 166 166 102 166 149 129 129 192 105 129 76 161 17 122 63 86 175 143 45 45 159 124 81 37 175 67 
190 90 18 181 129 130 34 68 41 117 67 50 109 159 18 84 182 107 106 145 68 16 93 68 
68 68 68 68 102 120 90 104 86 174 45 50 34 148 132 41 200 190 168 50 68 170 155 3 1 68 144 149 166 166 188 
131 53 191 199 120 67 34 81 132 169 169 163 165 200 90 107 35 102 54 68 86 117 50 63 58 35 93 111 86 104 86 175 175 107 63 104 16 90 27 158 127 86 107 86 80 192 68 175 158 105 68 131 26 20 197 146 76 166 166 166 
166 166 166 166 26 43 131 105 158 117 166 124 106 63 81 57 138 67 173 143 104 182 27 143 190 54 188 68 68 161 20 74 199 90 147 165 120 102 58 117 117 86 27 120 63 117 68 155 68 68 68 18 118 58 132 90 63 18 27 107 174 130 27 148 163 200 132 192 107 18 63 8 15 188 166 166 144 144 142 180 166 26 88 2 18 41 132 182 151 174 107 169 110 164 16 120 159 127 118 
102 132 13 127 182 143 27 147 80 100 120 93 117 10 159 54 145 68 95 20 161 93 16 105 58 18 107 16 58 151 81 35 86 151 105 132 107 41 173 18 143 68 68 68 68 112 68 181 54 
149 180 132 192 105 131 26 20 26 95 132 120 67 10 100 18 61 103 124 166 67 148 158 93 57 158 63 118 68 27 21 35 118 102 18 90 120 158 127 165 182 27 86 68 144 63 4 159 16 104 104 109 158 105 100 127 192 18 88 170 2 136 181 149 129 166 115 149 188 166 161 17 131 149 143 117 93 35 167 81 84 
10 34 120 67 192 129 168 163 190 54 188 161 3 136 129 104 182 45 58 63 102 93 27 182 138 18 107 117 68 146 170 68 68 68 27 117 63 120 27 86 27 27 84 86 148 143 163 175 105 90 155 26 
15 166 166 13 13 166 188 64 62 95 166 175 63 109 40 140 151 110 167 163 120 132 105 104 90 104 175 68 175 174 18 104 117 21 130 27 68 129 50 68 88 2 68 115 142 169 45 16 68 81 45 34 117 163 163 148 115 190 127 144 132 147 27 188 9 64 199 52 149 180 105 166 54 
131 188 15 26 155 45 127 143 200 27 174 81 84 165 41 67 145 93 21 106 159 175 68 68 93 102 58 112 18 18 86 115 67 175 68 175 140 106 104 63 105 192 163 159 27 106 63 104 175 175 117 16 16 167 138 93 20 20 161 68 68 166 166 166 
166 166 166 161 17 122 170 63 63 120 111 58 138 140 99 139 200 27 143 200 18 68 68 68 68 68 68 68 68 68 161 17 68 54 132 200 27 27 81 35 68 18 93 27 117 58 158 120 117 68 68 68 93 5 102 93 27 117 63 132 86 34 142 104 139 138 
18 80 104 67 80 168 90 106 90 105 41 43 175 115 144 180 13 149 120 131 114 15 26 170 90 182 175 175 57 35 93 27 28 148 171 100 163 167 51 45 167 107 132 104 190 149 90 
165 159 90 105 174 34 151 45 58 27 4 166 95 63 93 166 166 93 58 132 90 63 63 35 132 173 37 58 86 115 80 67 127 67 90 127 41 63 143 166 175 147 196 7 174 190 149 149 166 166 180 
192 105 166 26 75 131 127 167 173 41 163 99 103 118 121 67 67 175 68 68 93 35 102 105 145 27 27 7 63 58 117 182 81 117 16 200 67 41 182 63 167 41 132 63 67 68 34 158 16 163 105 90 143 45 104 67 139 67 199 122 63 102 68 68 68 166 131 13 
144 175 166 166 161 20 62 18 50 105 200 37 18 120 159 151 40 45 140 139 102 143 168 27 68 68 68 68 68 68 68 188 15 74 92 58 120 41 118 16 16 28 63 63 105 16 118 86 109 107 68 16 145 68 68 68 93 102 68 68 
102 67 120 124 158 67 40 145 41 163 127 143 107 166 166 58 111 7 28 58 182 41 166 166 166 166 166 166 166 161 15 88 129 131 166 81 10 166 166 7 111 58 138 120 166 109 182 21 93 68 93 102 68 132 167 16 107 158 115 168 165 117 90 122 35 
158 63 118 68 27 57 120 199 68 102 68 170 68 68 68 68 93 102 68 170 58 102 105 145 117 81 21 175 67 117 173 132 192 115 158 104 132 159 41 192 200 175 68 68 188 149 115 67 168 149 149 142 149 114 9 26 188 52 142 90 165 35 138 
100 34 110 40 190 200 164 127 167 107 102 111 21 41 90 117 35 58 117 141 34 127 107 163 105 105 104 100 145 104 171 158 58 4 16 120 115 190 115 199 166 63 2 166 41 76 149 142 105 199 22 166 105 166 190 27 182 102 45 99 102 200 143 90 67 45 68 68 
68 68 68 68 68 188 154 49 68 102 105 86 143 41 121 103 148 81 130 143 58 68 68 68 93 63 54 169 159 145 151 4 100 58 4 168 158 109 122 83 131 166 166 115 142 149 129 166 161 62 102 165 166 93 57 81 124 21 159 117 117 68 67 105 105 192 105 165 68 27 195 158 86 
110 145 16 132 16 16 88 64 15 161 93 18 63 159 159 18 50 117 174 27 158 86 90 168 158 192 90 90 192 142 115 93 68 68 68 68 68 149 149 180 41 166 26 9 114 129 132 124 120 100 58 102 148 171 105 143 
33 93 161 20 161 93 35 35 93 93 102 58 86 86 99 138 27 67 163 99 163 67 163 120 190 104 117 158 143 67 140 4 158 120 199 22 188 166 166 166 166 166 131 177 72 122 159 90 200 93 80 138 174 80 138 171 104 
