78 143 118 142 143 58 160 27 125 55 136 59 162 113 58 1 1 1 1 62 13 91 169 36 81 121 39 33 124 50 12 16 155 140 40 9 41 155 33 169 1 50 100 111 33 169 119 148 74 
41 82 162 1 104 147 147 63 101 9 64 27 125 164 18 18 59 125 45 84 39 163 114 26 39 12 107 133 36 33 33 148 140 30 30 152 133 148 148 36 39 89 121 50 152 85 85 134 134 114 1 36 1 67 1 1 33 
70 143 104 97 158 147 63 58 58 24 91 9 110 93 136 64 64 131 93 14 146 50 94 84 50 1 12 153 16 150 84 120 153 92 92 150 161 26 114 119 148 169 153 134 148 99 119 158 158 59 154 137 165 118 101 158 158 165 58 22 127 135 113 140 59 138 126 24 110 92 148 1 93 9 22 77 27 148 114 148 12 100 100 33 169 129 129 57 152 140 91 77 91 41 
1 56 33 134 130 12 150 100 12 36 74 74 92 135 22 71 168 104 97 147 165 167 142 167 24 131 113 140 9 59 9 30 59 12 57 92 152 98 81 121 50 107 
39 12 124 148 86 77 158 62 154 152 16 50 121 98 84 124 39 102 92 92 157 129 36 158 23 158 154 67 117 140 158 92 140 63 158 158 158 158 165 135 123 127 135 71 110 136 135 71 83 159 106 16 50 151 161 98 57 74 26 99 169 146 147 123 140 143 101 142 78 27 131 137 88 
168 78 117 22 137 97 26 111 25 133 39 36 114 24 77 24 74 169 114 163 15 161 120 114 63 118 10 93 147 147 63 165 58 123 71 167 71 27 123 62 110 98 81 92 152 133 103 161 1 59 110 158 
129 146 151 33 169 26 85 97 92 76 117 165 147 147 63 131 123 
9 110 164 77 59 73 39 141 111 84 151 12 50 57 36 129 134 134 84 84 134 165 59 82 140 18 101 101 59 30 113 118 131 117 55 110 101 125 71 97 74 149 141 157 16 36 167 64 27 129 169 169 111 150 157 169 148 41 115 142 63 165 63 18 91 123 137 71 34 33 33 169 81 161 130 155 163 169 50 149 22 41 16 84 99 84 128 120 119 148 26 74 147 67 167 158 158 63 101 142 24 24 77 93 167 22 71 33 73 73 33 158 33 7 
124 129 16 163 169 152 81 99 36 163 157 92 36 163 114 134 50 
92 104 92 81 169 26 165 114 50 142 76 93 158 148 104 63 158 84 119 158 146 12 39 99 133 146 121 169 107 28 16 56 120 120 107 84 146 1 1 146 56 41 62 1 1 125 119 152 152 56 169 36 146 33 65 155 56 169 36 146 146 50 56 16 84 33 33 35 48 119 65 149 169 12 146 169 12 133 84 42 169 169 159 154 83 30 
112 147 36 74 165 14 4 4 33 146 50 100 146 161 111 89 52 50 102 140 140 39 28 57 57 146 146 50 56 157 57 12 161 146 84 33 33 158 158 62 13 30 41 35 142 158 100 163 85 50 7 149 121 7 99 119 84 26 148 158 158 158 158 158 158 146 39 140 62 1 1 146 
114 63 104 104 104 147 97 74 26 18 24 62 158 159 33 158 50 100 92 92 81 161 121 106 100 146 146 50 56 149 65 33 1 1 33 73 73 33 1 33 159 1 159 1 41 56 146 1 1 1 33 65 1 140 35 1 41 1 1 56 
146 1 33 119 59 1 73 158 41 56 56 158 153 33 158 158 33 65 152 152 119 125 100 140 19 62 158 158 158 146 169 167 158 36 18 110 158 146 56 41 77 23 62 158 158 158 158 158 158 158 158 158 33 159 158 159 33 158 33 65 102 65 42 169 114 56 102 150 149 
1 1 1 1 1 62 41 153 33 1 158 158 158 153 155 65 1 41 153 33 33 73 73 33 33 73 153 125 100 119 140 67 154 158 140 119 73 33 33 65 158 119 89 146 158 33 159 158 100 119 153 158 91 19 62 158 158 158 158 158 158 158 158 158 158 
158 158 158 158 62 23 77 41 153 33 158 33 73 73 33 158 33 65 102 65 33 158 33 73 153 125 100 119 153 158 158 33 159 125 153 56 1 153 33 1 1 1 33 73 
73 33 1 33 65 152 140 91 62 62 154 159 33 33 65 155 65 33 33 159 158 100 119 158 158 153 33 158 158 158 158 158 158 
1 1 1 1 1 1 33 169 70 165 104 114 78 110 158 158 158 158 158 158 158 62 23 62 158 158 62 41 153 33 33 65 102 65 33 
158 158 33 65 152 152 65 33 33 65 152 152 65 158 93 169 158 41 153 33 146 33 73 73 42 89 12 39 33 129 36 124 111 149 134 36 85 85 119 36 130 39 124 99 104 74 98 168 70 158 158 158 158 
158 101 147 147 118 112 127 139 127 18 58 137 136 23 24 137 74 85 1 1 1 1 1 39 74 114 99 169 169 100 7 133 152 163 155 140 40 125 39 146 104 92 149 149 130 
124 129 129 33 129 81 98 63 36 53 47 148 158 104 74 104 63 142 137 62 64 116 45 116 93 135 6 45 162 41 33 99 134 157 163 146 150 84 153 100 39 129 149 119 1 153 46 7 
50 92 12 100 169 121 42 157 99 146 163 36 114 104 74 148 1 1 1 1 1 1 158 147 101 142 113 30 136 135 140 112 30 77 86 140 116 41 153 33 1 1 33 35 119 153 33 33 4 57 36 146 1 146 50 155 152 153 1 153 33 1 169 120 155 165 85 155 92 1 1 92 119 
81 50 50 74 114 129 143 147 99 146 92 70 39 121 157 57 119 129 152 153 41 19 117 93 168 70 104 158 168 101 93 167 24 27 135 27 135 18 142 140 136 110 123 127 59 70 
157 1 112 36 169 1 110 117 41 19 140 1 1 1 152 16 169 1 50 50 153 159 119 56 50 50 155 152 153 1 140 67 67 140 1 153 152 152 153 119 39 146 42 119 129 28 92 84 50 149 114 74 119 100 158 158 158 148 26 118 147 63 101 112 123 58 59 136 23 158 117 27 24 127 77 65 152 140 74 129 169 92 74 1 92 36 1 36 169 1 146 56 119 35 42 65 155 
134 92 1 1 1 153 1 23 67 140 1 56 56 1 153 33 33 12 56 153 119 57 92 121 84 165 165 7 148 165 152 119 149 33 1 62 19 91 1 153 117 70 97 36 165 112 168 158 158 158 158 59 9 59 27 40 59 143 18 137 136 135 55 117 136 136 137 169 103 33 111 161 52 89 120 169 121 146 150 150 92 133 111 152 148 92 85 114 163 36 153 28 50 129 158 158 169 56 
2 117 59 70 97 18 158 92 142 135 164 55 127 86 137 137 123 24 24 41 136 62 
1 1 1 1 1 62 19 41 143 114 99 50 104 161 39 133 15 148 169 28 99 152 119 130 146 1 1 33 57 97 74 12 111 50 144 36 146 121 1 148 33 16 152 154 83 22 110 169 104 101 158 85 165 93 93 123 24 24 59 58 164 9 116 45 9 123 36 81 36 152 92 104 107 12 84 73 129 36 107 146 153 50 1 33 4 60 36 114 146 107 65 39 146 107 129 129 121 57 134 169 152 163 36 92 
85 1 74 26 85 80 1 1 1 1 97 97 147 165 18 167 18 86 41 116 24 131 41 118 116 34 86 59 1 146 89 56 119 114 84 73 1 56 73 33 1 146 12 28 16 1 16 39 121 134 157 150 148 1 148 169 26 36 12 114 26 92 165 36 84 16 57 163 16 151 74 74 89 1 13 40 118 158 158 158 158 74 85 158 136 22 77 62 140 39 52 12 129 
28 161 73 12 111 124 134 81 169 1 1 1 1 148 149 78 31 136 78 1 1 57 50 57 169 4 169 169 33 169 12 12 148 92 84 1 27 19 62 33 153 1 153 155 16 114 36 121 146 133 151 150 85 36 124 129 169 158 140 145 9 97 63 118 158 92 142 158 56 2 77 168 157 148 158 158 121 89 
12 42 89 151 107 98 114 148 12 1 33 65 1 74 99 81 1 92 130 146 146 161 111 28 39 157 121 65 153 155 149 92 39 1 19 41 1 1 153 152 152 65 114 149 89 1 65 150 133 36 92 107 157 148 163 120 104 26 1 91 1 1 33 104 147 63 104 97 165 97 158 77 23 62 158 158 158 129 153 99 151 33 33 79 
148 114 99 129 129 1 33 73 73 114 130 50 114 89 33 146 33 65 100 157 163 50 130 119 16 114 92 111 148 1 74 84 146 84 146 134 36 28 57 146 150 125 1 67 27 112 101 147 147 97 85 112 58 162 22 158 158 81 103 129 130 89 12 161 
52 94 146 124 99 169 148 104 1 148 104 93 110 33 119 2 62 62 93 57 50 57 1 39 155 1 155 50 50 12 28 111 39 169 1 1 1 1 1 1 1 146 50 152 18 151 157 97 133 163 85 42 150 36 98 74 74 114 114 
149 169 117 31 110 169 158 63 158 85 104 84 41 31 93 158 168 143 92 100 16 56 42 146 108 129 36 129 104 104 92 42 33 84 92 74 85 114 114 1 103 119 39 81 16 106 146 146 50 56 150 157 165 70 1 78 11 91 1 84 92 
140 56 56 153 149 169 33 65 73 16 114 129 26 74 149 36 114 1 150 103 169 1 62 23 24 110 148 104 104 97 63 168 158 84 117 43 
158 157 134 169 36 130 65 57 106 56 130 81 134 39 149 1 33 73 73 92 114 146 33 73 73 42 89 39 81 161 169 1 74 16 111 129 74 36 98 26 107 169 134 12 107 103 148 158 129 92 26 169 55 83 17 135 
168 158 158 158 158 158 158 62 22 125 135 114 114 92 129 128 146 92 80 100 15 26 74 157 169 148 1 1 1 1 1 1 110 17 64 24 70 119 36 130 100 155 152 89 121 103 33 151 85 101 119 33 158 158 158 146 161 28 129 157 148 36 12 124 84 107 99 114 114 98 
81 129 12 61 33 148 158 158 158 158 158 93 40 83 117 158 85 146 12 120 100 16 84 80 133 130 36 74 114 12 28 81 81 114 1 85 161 129 120 28 99 133 146 50 84 81 92 140 152 65 1 23 67 140 1 153 152 148 169 33 146 146 
7 133 57 149 169 134 74 148 114 114 150 148 1 146 89 69 98 1 63 143 158 97 104 63 110 62 76 140 148 161 148 169 161 12 151 124 56 149 129 85 114 42 84 150 52 146 100 73 15 151 157 152 163 146 161 134 163 134 146 161 36 153 130 114 74 153 140 31 110 158 158 158 158 158 110 44 30 158 146 
150 56 133 124 56 84 12 150 57 1 1 1 1 1 110 31 135 1 114 84 111 161 161 56 50 146 98 97 114 1 146 50 155 155 146 103 99 99 56 12 92 161 152 81 92 38 1 158 63 63 158 158 158 136 40 148 98 120 124 16 124 124 150 120 114 36 81 111 148 148 129 163 107 151 
146 12 107 129 150 119 130 146 1 1 1 146 133 99 152 28 169 121 128 129 146 152 74 134 36 92 36 36 36 80 1 1 97 97 158 104 104 63 139 147 163 81 150 84 39 106 15 39 169 119 111 84 
79 92 81 106 56 25 50 103 146 121 36 103 129 163 134 103 12 157 57 57 134 57 92 1 74 30 67 101 1 158 158 158 158 158 158 158 110 11 158 39 169 73 89 65 121 56 124 163 16 121 1 1 1 93 40 77 1 1 1 33 111 50 84 73 39 103 50 1 
1 146 12 28 12 130 28 84 50 130 134 114 26 1 75 118 158 158 158 158 58 13 18 119 150 33 94 52 50 33 146 84 97 114 57 103 33 119 111 151 12 92 164 82 30 33 28 81 153 33 50 65 119 
114 36 36 85 163 12 47 4 104 1 147 97 147 58 40 40 118 158 103 56 130 65 102 163 146 119 33 33 65 155 73 146 1 33 73 56 1 153 
42 73 56 1 92 130 146 146 57 114 157 169 150 92 74 119 169 114 1 146 161 94 163 74 100 119 114 74 70 119 41 83 30 18 93 101 158 158 158 158 158 
110 19 140 41 152 119 84 42 107 120 96 89 39 12 92 1 1 1 1 1 1 110 44 117 117 148 84 121 169 33 100 50 146 146 50 56 153 1 1 1 153 1 23 23 1 153 140 169 169 169 
99 153 134 74 169 50 39 84 50 74 148 107 99 169 148 57 84 47 90 146 158 74 97 63 158 114 63 168 158 110 11 41 153 56 33 169 146 79 146 111 132 
39 56 50 57 157 50 33 157 85 74 169 114 165 130 124 169 149 65 119 33 50 84 28 157 165 169 1 27 19 1 153 140 70 114 73 149 169 12 146 33 65 155 150 
120 99 114 74 129 81 148 157 114 143 114 146 33 46 89 169 114 97 147 158 97 97 74 165 136 11 140 152 150 130 97 157 124 111 73 89 120 169 114 74 157 161 
146 1 33 4 33 42 56 92 92 119 103 129 39 146 84 81 74 92 81 121 114 36 56 36 134 92 12 161 97 135 158 159 154 23 59 93 158 
97 63 118 158 158 62 19 158 153 119 84 169 146 7 150 12 50 79 50 158 148 39 114 148 169 36 18 110 1 62 19 143 74 84 146 146 124 111 84 33 1 
146 79 119 114 130 169 1 1 1 117 1 50 155 152 157 57 12 100 33 39 121 103 85 104 158 158 100 158 63 168 101 74 114 143 118 62 2 140 119 84 169 148 111 111 39 52 33 79 169 36 
134 92 155 165 143 99 120 1 114 50 36 39 28 39 153 106 161 16 12 57 1 169 33 1 
1 1 1 1 65 149 92 81 84 73 111 39 120 99 74 114 130 92 26 39 1 41 117 44 59 1 104 147 158 158 110 
93 113 27 18 149 36 120 33 74 133 133 129 121 130 92 16 73 65 70 1 84 50 39 119 56 73 33 96 84 81 84 169 169 16 119 81 169 92 146 157 134 84 16 84 50 74 1 169 157 114 1 93 77 23 78 140 118 158 158 158 
158 158 158 158 77 43 93 114 157 50 158 52 12 119 33 7 150 36 36 148 81 161 146 148 92 168 110 1 1 62 23 83 18 92 12 121 149 65 56 50 50 84 146 149 152 50 1 117 1 1 1 153 42 56 74 92 152 155 146 16 73 99 146 99 129 130 74 74 16 102 119 67 13 110 158 158 104 104 97 97 158 77 91 19 102 74 74 161 12 73 16 133 128 102 169 103 39 134 42 
100 74 63 134 161 148 146 12 151 107 149 33 50 132 39 70 57 1 24 23 62 33 169 114 56 155 16 169 56 12 33 73 84 12 26 74 16 114 36 153 148 1 1 1 1 80 1 165 70 
147 97 74 74 114 93 77 23 77 24 74 103 36 132 107 153 151 94 52 158 36 99 157 33 7 157 119 42 1 146 89 73 42 65 155 92 149 157 134 121 161 146 84 1 104 119 98 39 169 81 81 28 157 114 107 134 74 155 125 41 19 135 101 147 101 158 85 147 110 158 62 2 93 147 148 50 33 73 129 33 106 
132 120 103 36 85 143 26 129 92 168 110 62 44 135 143 81 161 111 56 152 65 33 146 161 150 155 16 50 1 140 41 1 1 1 146 50 152 149 146 84 146 146 106 84 99 148 129 169 114 92 117 77 
13 158 158 165 63 158 110 30 40 24 158 169 119 28 56 12 12 128 129 129 149 74 114 81 92 81 169 1 169 73 153 81 50 89 99 146 1 143 39 1 91 19 1 104 97 133 111 169 1 33 111 120 50 129 129 99 85 92 134 104 74 12 146 110 22 30 18 112 147 158 114 158 168 
93 110 13 77 117 111 134 148 130 146 73 33 106 121 114 36 57 33 89 12 39 169 1 1 33 65 56 80 155 155 84 104 36 169 1 169 12 12 81 119 114 74 129 39 146 12 119 81 169 169 50 169 169 129 150 33 23 23 62 1 1 158 158 158 
158 158 158 62 2 140 41 152 119 149 96 56 150 12 124 111 130 146 148 130 153 1 1 1 1 1 1 1 1 1 62 2 1 70 74 130 146 146 33 73 1 153 33 146 50 56 157 103 50 1 1 1 33 46 65 33 146 50 152 74 84 120 97 81 12 150 
155 151 81 36 50 26 92 12 92 114 114 43 169 85 97 97 63 147 149 93 136 13 77 41 92 161 169 169 7 73 33 146 35 99 163 107 129 129 25 111 129 16 74 81 92 63 92 
121 39 92 114 73 120 12 111 56 146 98 158 24 119 33 158 158 33 56 74 92 152 152 73 74 36 79 56 84 104 50 36 134 36 92 134 114 119 148 158 169 12 159 4 73 92 63 147 158 158 97 
85 114 158 77 75 93 134 129 36 114 129 124 94 42 15 36 36 169 1 1 33 73 65 114 57 146 146 4 119 56 50 161 33 50 169 130 36 114 161 152 129 114 74 119 36 1 120 157 169 129 114 92 148 111 81 36 12 36 18 140 119 100 1 1 1 158 93 63 
104 169 158 158 62 23 154 102 39 114 130 79 153 149 39 12 133 111 12 12 100 148 26 146 1 1 1 1 1 1 1 110 13 83 41 56 149 114 42 169 169 35 119 119 114 169 42 84 28 16 1 169 57 1 1 1 33 65 1 1 
100 36 149 52 157 36 56 57 114 129 134 148 16 158 158 56 96 4 35 56 161 114 158 158 158 158 158 158 158 62 13 91 143 93 158 33 100 158 158 4 96 56 150 149 158 28 161 89 33 1 33 65 1 74 129 169 16 157 104 26 121 50 92 140 73 
157 119 42 1 146 7 149 18 1 65 1 41 1 1 1 1 33 65 1 41 56 65 114 57 50 33 89 169 36 50 36 74 85 85 157 81 74 39 74 85 130 169 1 1 110 147 104 36 26 63 63 97 147 136 22 77 110 112 97 92 121 73 150 
107 120 128 133 134 130 28 134 129 16 100 96 89 114 92 50 73 56 50 141 120 134 16 129 26 26 81 107 57 81 163 157 56 98 169 103 85 92 85 18 158 119 19 158 114 118 147 97 114 18 11 158 114 158 134 146 161 100 111 124 100 130 148 92 36 111 1 1 
1 1 1 1 1 110 145 71 1 65 114 84 148 114 15 94 99 33 99 148 56 1 1 1 33 119 70 133 39 57 12 98 107 56 157 26 157 28 140 76 93 158 158 85 97 147 101 158 62 154 100 121 158 33 7 33 52 89 39 50 50 1 36 114 114 85 26 121 1 146 47 157 84 
128 57 169 74 169 169 91 30 13 62 33 153 119 39 39 153 39 50 73 146 157 84 92 26 157 85 92 92 85 97 104 33 1 1 1 1 1 147 63 158 114 158 77 22 136 143 74 52 103 107 56 100 99 163 114 148 
159 33 62 23 62 33 73 73 33 33 65 56 84 84 124 150 146 36 129 124 129 36 129 103 92 81 50 157 148 36 12 98 157 149 18 11 110 158 158 158 158 158 93 123 82 140 39 92 130 33 151 150 73 151 150 163 81 
