77 77 93 92 115 111 81 136 6 160 160 160 160 160 160 160 41 59 41 41 104 42 160 11 137 160 160 160 137 55 137 160 160 160 137 43 101 14 104 104 160 101 43 160 43 160 47 43 137 160 160 160 160 160 160 
160 160 160 80 1 43 7 42 42 137 80 80 85 38 87 75 151 141 42 110 140 80 42 134 43 101 51 15 55 137 137 110 93 160 42 67 152 36 36 36 111 113 47 113 70 151 6 92 6 99 113 90 33 71 70 152 67 152 113 99 101 149 101 149 24 85 85 140 96 77 101 34 134 57 57 101 
103 88 110 140 35 110 160 36 77 93 16 42 103 158 158 63 63 63 43 58 137 160 137 116 43 43 160 43 137 160 160 160 137 43 101 14 101 43 12 43 43 38 1 115 99 43 93 160 87 160 151 11 42 80 42 138 42 103 160 106 24 80 149 101 137 42 140 42 84 80 160 151 57 153 140 138 11 101 101 87 42 140 38 84 104 43 137 41 59 132 160 150 47 160 11 77 75 141 151 151 77 9 
105 45 70 107 108 99 105 97 111 104 40 105 115 70 93 75 115 151 6 47 160 152 93 104 43 137 160 160 160 160 160 160 160 53 47 123 38 43 132 43 43 150 53 101 43 137 160 160 160 160 
160 137 87 85 116 160 43 137 160 160 160 137 43 160 38 51 137 160 160 137 39 116 12 43 43 38 84 104 43 137 137 43 160 38 43 150 43 58 160 150 51 42 160 160 160 160 160 160 160 160 80 38 47 41 137 87 140 104 160 160 47 90 52 41 41 104 1 80 160 160 160 160 160 160 36 41 152 152 59 41 36 41 100 104 47 70 111 41 113 52 70 105 150 101 36 52 
36 38 160 101 106 80 80 42 1 108 99 1 160 42 80 160 160 137 116 43 43 160 43 137 160 137 116 101 101 101 150 14 160 47 160 160 137 14 150 43 51 137 160 160 137 43 160 43 43 51 80 111 47 87 42 80 84 11 101 160 160 160 43 101 101 43 101 1 80 160 160 160 160 
137 43 101 7 55 137 160 160 160 80 138 106 106 151 93 110 75 75 152 36 
36 36 36 111 33 107 113 115 108 99 152 67 104 136 104 105 27 92 81 136 105 151 75 104 6 106 99 47 47 47 90 123 160 137 116 101 101 116 12 51 51 137 137 87 85 116 47 160 43 160 43 137 160 160 160 160 137 116 160 47 43 43 80 42 101 138 75 101 80 42 34 42 101 116 47 43 85 42 41 152 42 137 160 160 160 137 14 132 160 51 43 150 160 160 160 160 160 36 36 36 36 36 36 36 36 111 81 45 99 53 59 124 92 33 93 111 118 31 70 70 104 151 157 104 104 134 42 160 160 160 160 160 41 29 52 99 140 149 106 
160 140 84 135 53 1 93 43 80 80 51 101 160 101 116 160 132 160 
14 137 160 160 80 50 130 112 149 1 80 80 87 11 122 101 84 106 36 80 84 140 47 27 29 111 36 42 110 75 151 36 152 113 152 123 105 33 81 107 52 90 123 152 100 9 105 45 105 152 101 47 98 42 93 160 1 87 137 160 94 87 63 34 42 1 140 115 34 153 87 12 55 137 137 7 101 43 137 94 74 84 34 160 1 84 103 43 85 1 42 36 12 85 24 116 11 93 104 43 137 160 160 160 160 160 137 14 132 41 160 
160 160 1 110 77 105 36 36 36 111 104 6 33 97 33 9 71 105 113 52 123 143 33 111 136 70 108 111 58 53 137 47 43 137 160 160 137 55 137 137 116 101 101 116 160 104 1 160 115 42 137 160 41 152 42 137 137 34 42 24 130 84 141 110 34 34 42 80 74 141 106 42 42 106 77 160 43 47 160 14 160 160 160 
160 160 160 36 36 36 111 19 105 111 113 92 157 127 113 105 45 136 111 111 111 101 38 160 122 110 141 141 141 110 99 111 160 41 44 104 160 101 11 93 160 87 1 154 50 12 43 160 43 101 160 101 43 160 160 100 128 100 51 87 160 87 24 87 53 
140 42 134 122 36 137 51 24 85 12 36 36 41 52 4 70 140 151 151 110 110 77 77 141 77 151 141 93 152 70 143 104 143 9 105 157 104 33 157 33 52 70 70 115 84 80 36 41 47 94 61 88 110 11 106 110 42 42 42 1 58 51 42 80 37 1 158 140 106 84 160 84 
80 160 80 87 140 101 43 101 149 85 112 149 61 1 149 145 11 138 158 101 11 87 103 141 36 11 103 42 160 160 160 137 43 101 7 55 137 160 160 160 42 141 151 77 110 138 77 99 152 70 111 47 100 41 70 47 104 107 114 70 105 70 92 6 99 47 101 38 34 
34 43 43 80 103 1 58 129 153 112 149 61 85 101 103 42 80 134 50 140 112 138 122 34 140 134 88 122 57 88 57 112 87 84 138 11 149 106 106 57 80 145 57 112 106 103 101 110 112 
106 105 41 41 147 70 77 77 151 36 141 99 151 77 75 99 115 124 113 92 111 152 99 107 33 47 97 33 92 45 151 43 151 138 122 160 160 36 36 36 36 137 34 84 
101 149 138 112 122 112 74 87 63 24 24 1 101 101 42 101 84 93 47 54 29 111 80 58 130 85 149 1 87 103 149 158 112 80 101 103 1 101 11 
112 80 36 36 36 42 106 93 75 36 36 36 99 152 152 71 152 107 33 136 124 71 92 33 70 152 105 160 160 80 138 122 13 138 106 103 103 74 101 103 38 58 85 43 140 152 46 160 116 38 87 110 112 1 103 58 1 
88 24 1 80 88 149 112 11 101 99 93 151 43 137 41 132 14 137 160 80 160 6 160 11 77 141 160 151 36 36 36 77 111 6 77 82 81 157 136 115 75 107 33 115 81 27 36 152 92 101 36 137 98 101 106 38 12 116 43 
80 58 34 80 154 63 57 140 42 106 106 103 112 112 42 122 112 63 63 88 11 112 106 138 84 57 88 43 43 123 20 99 36 77 77 151 77 77 36 99 93 108 71 97 107 45 136 119 70 111 92 99 151 123 70 111 160 160 
160 160 160 42 1 42 18 104 122 110 88 84 149 42 42 58 74 101 140 80 80 112 58 80 160 42 84 160 137 87 80 38 58 110 11 1 130 85 84 24 122 122 24 1 11 106 80 103 36 75 128 36 122 141 77 75 36 36 36 75 6 6 71 104 67 115 107 92 118 123 111 152 104 152 70 
36 42 85 85 57 110 138 88 112 1 63 58 34 1 58 87 106 160 101 54 59 41 137 87 80 101 43 53 87 63 43 88 138 122 112 84 112 84 145 110 110 42 42 160 122 79 51 
85 1 110 77 110 36 77 77 77 151 99 93 115 92 33 105 47 144 41 105 92 99 33 104 77 80 60 74 63 34 42 53 134 130 120 87 103 11 106 24 80 80 140 140 63 57 103 158 112 24 57 141 110 1 42 101 101 53 54 147 36 106 36 36 99 77 93 70 152 104 93 6 92 157 47 113 33 70 152 152 107 75 152 115 160 160 160 160 160 160 160 160 160 41 59 27 123 42 88 141 77 106 103 24 1 149 85 153 1 58 158 149 1 80 160 140 80 36 36 42 1 130 24 112 101 1 158 38 42 138 1 149 112 149 122 42 106 
101 36 36 36 36 42 141 77 157 99 157 108 108 157 157 33 107 52 113 124 67 115 157 106 80 149 106 42 42 112 138 112 63 87 130 58 13 74 87 104 160 47 46 111 80 87 101 87 63 101 24 58 84 57 106 112 24 158 57 138 88 149 11 141 122 1 101 51 68 42 138 110 36 141 160 36 75 77 36 75 75 108 115 105 45 110 81 9 111 70 111 81 92 67 111 41 80 42 34 42 160 137 116 38 37 37 38 101 149 1 24 103 57 112 149 42 140 57 158 24 
80 80 122 145 103 88 101 158 106 36 101 150 150 18 105 138 75 99 36 77 157 97 6 93 104 99 
99 157 148 82 150 41 70 157 45 151 99 138 141 110 92 124 138 138 106 63 84 112 1 60 122 152 28 105 101 84 42 58 158 
122 24 149 11 36 150 77 99 99 104 67 115 6 75 118 27 93 141 24 85 103 112 140 138 145 112 1 158 149 74 24 160 80 51 43 116 137 160 160 137 116 38 134 42 160 24 87 58 24 145 57 101 138 106 149 112 110 11 11 138 80 50 94 154 37 1 24 141 77 77 77 6 36 77 99 75 157 47 104 152 111 70 92 40 111 93 151 6 157 87 83 57 24 129 134 68 158 1 84 88 112 57 106 145 158 80 106 140 42 141 6 126 104 6 75 77 152 157 93 93 111 19 107 
151 99 160 160 160 160 160 27 54 92 77 88 106 160 103 24 122 85 153 153 1 1 38 101 42 84 84 34 15 15 80 80 87 101 74 103 141 106 103 61 112 11 103 57 138 42 87 101 140 151 151 101 36 137 36 77 77 36 141 152 108 108 152 75 33 104 67 100 111 33 71 111 104 67 117 151 158 57 11 85 80 103 74 37 1 21 154 
158 112 87 85 84 158 101 140 57 106 160 138 42 69 115 77 151 77 36 75 108 108 123 71 124 33 6 148 80 37 58 140 11 85 37 153 37 60 153 101 149 122 149 88 42 1 24 106 88 24 24 85 106 106 84 138 122 1 101 24 153 12 36 36 36 36 36 36 77 75 115 111 67 6 99 92 71 105 127 136 157 92 107 93 160 93 11 42 160 
160 160 160 41 3 111 75 80 138 11 103 122 122 24 63 158 42 80 85 158 34 112 122 34 160 42 80 36 36 36 36 80 58 1 24 42 80 1 1 130 34 112 122 112 24 84 84 63 36 106 1 137 36 36 80 141 77 36 140 115 99 6 152 152 33 111 124 124 81 81 70 81 77 151 70 115 57 11 112 42 103 
43 130 58 24 74 130 80 36 160 160 122 158 85 85 87 129 87 57 122 57 24 101 42 110 141 122 42 160 160 122 106 160 36 36 77 77 151 67 104 105 6 104 52 123 92 45 70 104 45 50 80 137 134 87 154 80 42 134 38 116 12 38 101 87 85 110 149 122 138 24 85 24 
103 138 106 24 80 158 42 138 122 103 138 110 138 84 154 24 80 34 36 36 137 55 7 116 149 112 88 93 75 36 36 151 71 108 67 67 108 33 157 81 4 107 45 108 157 33 107 160 160 160 160 42 88 77 41 160 116 101 106 116 80 80 55 101 160 160 43 137 137 116 101 160 104 
104 14 104 18 43 101 106 116 80 160 160 94 74 84 60 116 101 158 87 123 123 128 147 160 140 77 77 151 141 110 77 77 110 36 27 19 92 105 143 113 70 111 47 36 113 27 36 36 36 42 153 84 140 57 122 11 122 74 84 112 130 58 149 80 36 48 70 11 83 84 57 58 
13 80 112 24 103 57 149 140 11 110 141 122 42 160 141 80 36 36 152 67 151 36 36 36 36 151 77 77 99 6 67 148 157 105 48 143 124 92 97 
104 75 70 111 42 138 88 1 50 51 12 98 58 80 80 160 80 116 106 130 87 149 34 154 158 57 112 11 57 122 103 87 24 43 88 80 149 110 58 43 36 36 104 18 104 87 42 36 110 141 141 103 99 111 
152 143 136 115 70 143 147 27 92 111 47 100 160 115 160 38 47 27 113 147 100 160 47 104 160 160 160 160 160 160 160 101 43 47 101 34 80 160 80 134 51 101 11 160 134 149 138 1 80 101 160 101 101 132 43 38 160 160 43 137 137 116 43 80 42 101 84 
122 42 11 110 1 106 140 101 101 84 57 58 122 36 122 34 140 101 43 101 151 47 36 132 59 41 137 77 77 36 110 110 151 36 77 105 143 150 118 67 115 52 105 9 33 92 127 111 123 160 36 149 84 60 58 158 154 80 137 116 101 160 160 101 116 160 47 43 137 160 160 137 116 101 101 80 58 80 36 80 1 
51 1 58 134 106 149 112 112 149 106 140 42 80 160 160 160 160 160 137 98 26 34 110 85 103 160 160 141 77 36 36 6 47 92 99 123 36 147 107 106 47 113 41 41 20 6 151 75 152 116 12 55 7 43 34 37 38 43 160 43 137 137 116 43 51 80 80 154 158 106 122 57 110 151 80 42 
160 138 80 53 106 88 149 140 80 42 42 141 110 42 112 24 24 24 80 42 122 80 57 141 85 103 141 152 36 101 54 29 111 122 110 151 36 36 151 99 108 70 71 71 45 152 31 113 71 111 115 41 42 115 111 160 41 47 104 54 27 47 47 123 105 84 80 101 160 160 122 85 12 137 7 43 1 80 
160 80 58 160 115 11 104 160 116 10 14 101 43 137 137 7 43 11 42 42 112 1 11 140 140 140 43 116 140 88 1 134 43 101 57 80 34 36 41 59 59 93 75 151 42 105 36 88 108 99 36 152 113 
104 45 150 19 104 151 147 113 70 9 92 106 106 57 138 138 101 101 85 130 58 80 160 137 43 43 101 160 160 160 160 150 43 116 42 103 42 42 149 112 130 116 101 1 80 34 24 42 122 24 149 36 106 11 138 103 122 152 59 160 132 59 93 141 99 151 160 36 77 
151 77 75 6 6 105 136 107 45 107 115 19 33 82 47 75 105 92 41 160 160 160 160 12 53 154 50 43 58 1 158 63 24 122 130 103 103 122 122 85 85 101 160 101 122 57 1 110 110 24 88 141 103 87 138 
110 153 103 89 138 106 34 36 110 101 151 105 48 113 92 138 36 104 77 36 36 77 152 36 75 113 104 123 123 111 33 157 81 144 33 41 108 160 160 24 101 151 3 100 152 110 57 11 88 51 58 74 1 122 80 80 
153 130 42 123 18 41 137 51 50 42 106 57 13 13 149 158 103 110 42 101 104 132 29 92 36 141 36 36 151 92 56 70 45 143 81 118 100 105 24 106 77 11 122 141 140 140 77 140 1 154 122 110 38 34 80 160 60 
1 122 160 140 106 101 160 137 43 101 7 93 160 34 42 160 34 80 57 53 87 122 1 112 122 103 24 138 138 58 160 11 110 138 160 100 18 100 99 151 140 77 151 75 77 151 70 67 47 70 152 113 92 104 128 124 
45 92 157 80 15 42 87 146 51 94 85 158 87 112 1 103 106 88 103 141 145 85 63 42 103 84 42 84 112 101 87 122 103 158 80 160 111 30 67 67 77 141 110 77 77 152 105 105 54 143 157 33 33 29 113 111 160 
137 43 123 28 81 152 99 122 112 149 87 80 42 51 74 112 24 58 101 122 104 47 38 38 160 160 137 116 101 43 154 122 122 84 38 158 122 24 58 84 106 122 1 42 128 122 106 75 36 138 6 104 
157 56 33 107 113 70 113 136 136 70 6 153 106 106 140 138 1 63 158 74 80 87 101 101 59 52 104 38 154 122 122 87 51 24 106 158 149 112 103 75 141 101 42 84 80 160 160 160 138 
110 160 151 77 36 77 157 23 105 104 136 70 159 97 45 5 98 101 42 37 80 87 38 42 51 98 43 51 80 42 130 85 158 110 110 149 112 24 24 112 101 158 112 106 122 84 149 149 101 106 
110 84 106 141 1 130 24 101 101 36 36 36 36 36 36 36 36 36 36 36 99 75 67 132 124 136 93 67 127 100 92 72 115 106 141 140 152 111 111 29 27 67 93 151 106 87 80 42 135 154 138 24 158 101 101 43 43 
160 160 47 18 47 160 43 101 43 37 112 140 87 38 85 58 11 112 74 138 42 85 105 25 36 112 151 77 141 77 108 77 108 119 92 45 105 82 124 9 19 111 152 67 53 158 57 11 11 106 110 149 24 24 63 129 103 140 
137 85 84 87 93 47 59 113 36 43 104 140 58 80 138 85 60 84 11 85 158 110 106 101 122 138 103 122 145 80 36 36 111 
29 20 152 122 106 36 77 151 36 77 97 115 136 9 111 92 113 48 81 105 105 97 41 100 44 53 137 36 137 51 51 12 98 85 154 53 1 103 
122 42 24 122 112 80 24 57 138 101 122 145 84 42 112 80 101 140 43 36 46 111 36 36 36 77 67 92 99 157 105 9 70 113 125 92 111 160 160 160 160 160 160 160 160 160 160 160 43 160 160 43 101 151 99 160 116 137 137 51 98 80 160 160 34 58 160 47 14 104 47 18 41 160 137 7 43 87 42 80 116 
42 38 1 160 1 58 101 106 101 43 43 160 123 20 105 160 138 110 77 36 6 99 111 29 90 111 11 34 12 51 98 80 34 134 63 58 13 130 1 57 149 103 122 42 53 134 1 42 80 51 160 47 160 100 113 151 42 34 42 42 134 38 85 58 58 37 57 110 110 106 140 93 93 47 132 18 33 99 77 77 77 77 77 152 108 152 81 27 92 111 4 143 70 124 122 74 38 42 24 102 142 58 101 
80 1 101 103 85 1 140 24 84 57 101 63 103 123 76 75 160 112 77 114 41 160 58 61 74 61 87 154 38 160 160 160 160 41 59 27 123 140 84 160 87 83 85 58 80 42 134 43 160 101 116 137 160 137 87 
58 24 80 34 80 154 74 1 110 24 158 43 112 112 104 160 43 160 160 160 122 106 36 36 106 99 115 56 81 157 105 71 6 36 111 124 124 150 113 70 41 157 1 84 51 12 38 80 112 106 106 34 116 130 87 101 1 140 31 107 1 34 158 34 80 63 43 122 88 103 88 77 160 137 80 140 99 111 160 42 160 160 160 160 110 99 117 31 132 
1 60 37 24 129 34 37 38 88 137 55 94 134 43 1 42 135 135 1 130 130 57 140 57 42 24 101 74 153 112 42 93 111 41 28 36 36 99 77 77 77 6 150 150 54 97 99 99 97 19 160 160 160 70 52 70 160 152 111 160 84 34 15 137 160 42 
134 101 111 92 27 47 160 101 134 106 138 68 85 154 134 101 158 106 47 52 147 113 67 77 77 77 77 151 111 124 47 118 33 157 9 143 19 12 58 140 145 140 42 149 87 34 51 153 42 160 137 43 47 41 41 104 1 80 160 160 42 53 153 154 37 140 11 24 80 160 99 42 84 160 160 47 108 77 110 151 
77 77 75 93 45 123 107 48 33 105 105 19 92 152 12 51 1 80 137 55 137 160 1 34 74 60 51 38 154 122 122 112 84 158 112 158 145 122 53 38 85 153 140 151 36 103 115 20 6 157 75 151 108 36 108 104 70 132 111 111 70 152 81 31 42 112 77 160 108 28 90 67 160 106 160 106 134 37 53 1 58 
134 149 106 97 19 160 38 42 103 42 42 58 74 74 63 112 106 36 151 81 117 143 107 77 77 93 99 151 99 150 150 41 47 81 97 144 118 152 36 80 34 87 110 110 103 158 1 149 153 43 58 116 43 43 101 54 27 132 53 43 42 101 158 84 86 34 122 158 158 106 141 11 101 
151 70 125 97 99 36 36 36 77 75 108 75 104 143 113 92 81 107 136 70 107 41 58 94 51 58 120 158 58 60 34 53 135 63 158 80 138 145 57 122 130 87 80 24 84 93 41 41 19 33 75 151 77 77 152 115 100 69 77 77 
152 111 3 160 160 160 160 160 41 59 90 111 77 160 160 75 122 53 131 80 158 1 11 80 38 54 27 54 101 101 101 38 1 149 158 129 134 84 149 63 160 160 42 132 31 143 141 
77 77 77 151 77 67 150 97 113 71 152 92 41 97 150 160 1 74 140 122 87 158 1 116 1 80 134 104 41 160 41 123 101 1 141 106 154 158 158 13 85 158 80 106 160 106 103 160 100 160 160 160 160 160 36 36 36 36 36 75 151 151 70 136 127 71 45 92 70 118 27 54 1 34 146 154 1 130 85 
74 58 34 63 42 24 11 112 43 158 101 106 11 74 34 42 36 11 106 108 118 6 157 67 67 93 75 70 113 41 45 92 9 70 113 81 160 160 160 160 27 48 92 111 160 42 58 34 51 43 51 80 34 80 110 104 53 54 113 104 101 51 160 99 84 98 43 80 51 
24 140 138 110 160 20 143 152 110 151 151 77 77 108 99 92 27 119 6 75 70 150 150 111 24 122 101 149 158 1 160 1 37 34 11 80 37 160 92 41 41 123 101 1 42 36 42 135 83 84 145 106 110 11 138 115 150 118 132 157 151 141 36 77 77 151 99 45 82 123 119 148 67 
81 92 111 152 140 101 34 34 51 153 80 80 85 58 129 87 24 130 42 57 24 112 42 122 84 87 88 57 75 148 157 107 152 36 151 111 92 124 47 45 92 6 92 159 123 110 104 113 56 41 111 110 106 106 80 1 53 134 80 34 84 36 152 27 104 152 101 101 122 
137 34 24 24 106 106 151 111 81 117 151 75 36 77 111 115 71 70 99 105 124 127 9 36 87 80 122 122 101 80 130 129 80 130 58 85 36 47 36 100 100 101 36 110 103 12 50 135 153 84 110 110 88 138 93 71 132 105 6 36 151 77 75 93 67 119 82 45 47 81 48 33 105 12 51 98 34 153 
63 1 37 37 103 80 84 42 101 88 88 154 58 24 158 112 151 105 143 82 75 110 151 151 152 6 115 128 92 115 33 23 160 160 160 41 29 111 160 160 160 42 53 37 1 42 103 11 160 92 147 101 87 110 112 42 42 74 135 58 130 88 110 122 47 27 41 19 105 36 77 99 151 6 45 6 70 4 71 33 33 82 9 87 63 57 122 140 57 112 153 
87 58 60 80 101 123 27 93 103 42 138 84 142 158 103 149 145 145 42 141 141 87 113 4 143 160 77 77 36 77 151 151 67 111 107 117 105 45 9 81 71 41 12 146 137 153 63 58 58 74 43 74 84 103 24 112 110 138 37 129 58 1 80 149 101 160 100 40 
