6 53 31 6 31 39 95 58 31 6 65 56 34 26 17 16 85 34 34 57 93 102 60 37 31 17 100 78 85 34 34 100 103 107 6 48 102 92 16 89 13 91 91 65 31 91 76 69 102 23 1 50 64 10 58 1 1 12 95 50 6 
100 78 56 48 6 109 105 4 100 100 100 16 89 12 12 40 64 93 103 16 87 56 83 34 56 100 109 53 109 31 31 53 1 56 14 26 6 53 31 91 91 91 65 102 102 1 44 64 71 110 102 102 40 95 18 34 31 48 85 99 4 87 85 34 93 53 92 6 93 93 53 6 4 100 48 53 6 34 56 56 107 102 48 106 41 23 18 102 91 31 1 65 69 102 
58 1 1 63 58 50 12 89 64 64 26 31 31 31 31 31 31 31 31 31 31 12 20 62 71 56 16 31 31 56 53 48 26 31 31 87 4 83 103 34 48 26 16 31 6 43 87 31 31 31 31 31 31 31 34 21 91 65 64 4 21 26 31 31 34 56 78 4 83 48 31 100 43 53 92 31 92 56 16 16 71 3 12 31 31 31 6 92 91 102 31 1 1 1 59 18 18 10 58 110 95 47 63 58 31 87 94 31 
107 109 107 31 6 83 85 17 43 16 75 16 21 34 31 31 31 31 89 31 103 16 16 16 100 83 34 94 56 107 48 48 56 93 92 56 94 31 31 31 4 64 31 4 26 31 12 71 16 26 31 31 31 31 31 31 31 31 31 31 1 41 64 79 40 71 71 40 52 79 95 58 67 21 17 34 31 34 78 4 17 34 26 8 16 107 53 48 
83 83 56 83 83 93 93 53 16 16 107 48 56 93 92 102 65 64 10 89 89 47 31 92 91 91 92 69 65 23 60 47 47 71 47 71 95 60 74 23 12 102 65 91 53 100 31 31 31 31 26 16 31 94 6 6 78 48 31 78 34 31 48 100 48 34 43 83 85 48 31 48 100 48 6 16 34 48 64 16 26 31 31 31 
26 16 31 16 16 34 56 31 56 34 34 16 78 93 78 56 56 34 6 93 34 6 92 
107 48 107 93 53 53 34 31 31 12 65 56 31 91 31 31 31 92 31 31 31 26 48 31 31 31 34 83 99 85 78 51 43 103 75 109 85 75 105 100 78 100 21 87 16 64 53 92 83 93 102 6 16 16 34 31 26 4 56 31 56 4 26 31 26 21 16 40 89 62 23 31 16 56 103 48 31 31 34 100 94 31 56 100 34 100 99 85 31 31 75 92 102 107 53 53 6 31 31 53 26 83 17 4 48 31 31 92 6 76 31 31 69 92 92 69 31 102 65 31 31 31 31 31 16 56 56 4 87 26 85 16 43 6 6 34 21 84 78 105 103 93 34 78 21 87 16 71 31 21 21 
26 31 26 8 31 8 26 31 31 31 48 57 21 31 31 
56 78 100 34 83 34 93 48 6 56 107 91 109 31 65 109 48 6 103 16 56 6 6 92 92 103 34 100 93 6 71 4 6 64 31 31 31 60 65 31 31 31 31 31 31 31 31 31 31 31 26 78 92 92 34 93 100 16 56 17 100 107 92 6 26 100 99 85 16 83 34 85 24 26 31 31 31 31 31 31 31 12 59 59 12 31 31 31 48 109 31 83 43 94 100 34 26 4 
94 78 65 56 31 60 32 40 16 64 65 26 56 83 85 78 83 75 103 93 78 85 34 85 31 31 48 78 64 71 3 59 58 34 48 1 31 92 31 31 65 1 31 31 31 102 58 40 70 79 10 40 71 58 79 47 40 59 47 71 40 31 53 6 92 83 26 4 4 85 92 91 64 56 5 62 70 6 107 109 75 105 103 43 99 109 78 6 53 92 31 
31 31 2 31 31 31 91 91 91 91 76 50 23 71 71 12 64 47 58 71 30 100 83 93 93 75 94 99 93 16 16 56 34 34 6 6 92 53 103 99 26 56 107 83 53 76 39 90 65 31 69 31 31 92 102 23 12 52 44 50 50 58 52 12 65 109 
34 31 31 31 12 59 52 40 31 31 31 31 16 26 26 2 16 78 34 31 31 26 4 31 71 94 16 5 20 31 24 48 48 26 26 16 31 94 94 31 16 31 71 16 26 26 16 71 31 21 94 31 16 26 31 31 31 31 48 92 92 31 76 102 31 31 31 1 52 60 58 58 5 4 106 18 18 12 
10 40 73 17 42 26 31 26 94 92 6 16 56 83 83 31 91 31 107 6 6 93 107 53 16 16 87 26 21 17 34 31 31 31 31 12 20 12 12 106 6 16 34 31 48 83 48 21 56 48 100 48 48 103 109 53 92 53 6 83 83 6 6 16 94 94 16 87 42 21 56 64 106 
53 92 102 76 31 31 31 91 65 50 102 31 1 59 89 52 18 73 74 71 71 58 41 10 40 71 64 34 103 26 26 17 56 102 56 100 34 26 21 94 16 67 16 16 26 48 31 48 109 92 100 93 31 16 
103 31 48 34 48 85 83 43 43 83 85 48 78 56 83 31 64 4 89 89 31 89 31 53 65 91 31 91 102 69 31 31 64 64 64 70 73 64 
64 40 101 44 73 58 31 31 101 1 107 83 34 85 109 107 22 83 93 43 109 109 6 98 76 91 65 40 79 110 56 64 69 92 56 56 34 103 87 17 
43 16 34 48 26 31 64 4 31 71 31 49 64 8 16 53 65 16 34 34 94 56 24 34 31 26 8 83 76 48 103 53 31 31 31 31 31 31 31 31 31 31 48 6 92 91 91 31 76 50 31 31 12 20 10 59 106 16 31 40 10 59 59 
1 48 26 31 26 21 16 40 2 17 17 34 34 21 16 17 48 6 4 75 16 34 53 93 34 56 34 103 100 57 85 56 78 31 92 26 31 48 53 31 31 91 69 76 65 23 64 18 32 20 10 59 31 31 31 31 
31 31 31 31 12 3 71 16 56 31 56 16 71 31 94 53 48 31 71 16 26 12 64 78 100 94 71 31 4 16 4 26 31 31 31 31 31 87 43 6 56 6 92 94 53 65 64 78 34 31 31 31 31 31 31 31 31 34 6 69 31 69 31 48 64 58 34 94 71 31 21 21 26 31 26 4 56 31 56 56 4 78 31 48 48 31 
31 31 48 56 56 53 83 94 16 16 26 31 31 31 31 31 31 6 83 31 102 12 31 6 83 1 102 31 31 1 95 23 23 64 64 58 31 31 65 65 31 76 65 31 23 59 47 31 12 63 23 69 76 69 76 102 69 102 102 48 79 93 103 56 90 92 93 103 56 109 107 53 44 89 69 91 31 76 90 44 18 21 
103 56 107 109 56 48 6 53 97 76 69 102 71 23 44 58 23 53 56 31 53 16 34 92 30 65 50 79 60 71 74 56 56 6 31 6 107 48 1 31 103 34 31 31 34 17 94 94 34 31 31 34 
94 31 31 56 4 40 56 31 60 60 31 56 40 16 56 64 16 26 31 31 26 16 56 8 31 6 103 26 31 31 31 31 48 78 6 53 16 31 4 64 31 16 31 16 26 31 31 31 31 31 31 26 8 5 58 31 31 31 31 31 31 31 31 31 31 31 31 31 31 31 31 69 69 31 48 31 31 31 31 31 31 31 31 58 65 102 40 70 12 31 31 76 76 31 102 50 31 64 47 47 23 23 71 64 23 47 65 64 65 91 64 50 65 64 6 102 71 18 31 31 31 87 94 48 94 26 26 8 40 16 94 31 31 56 103 48 31 31 31 48 78 48 56 93 56 94 53 
48 31 1 48 87 56 23 31 4 48 56 31 4 64 31 94 53 56 34 31 31 31 31 31 34 78 56 31 31 94 94 71 31 4 26 31 31 31 31 31 31 31 31 31 31 31 31 31 31 31 31 58 60 64 31 40 102 102 102 31 102 102 53 31 59 71 40 10 59 60 58 31 31 31 31 31 31 102 102 6 31 59 4 12 64 58 1 109 31 60 59 12 31 31 31 31 31 26 4 16 56 40 8 26 31 26 8 31 8 26 12 71 16 31 37 40 76 102 56 100 34 31 31 31 87 4 100 34 31 31 48 103 56 16 56 31 56 4 31 71 31 31 26 53 76 65 31 83 
31 69 102 58 31 31 58 59 64 64 40 31 48 64 58 31 31 31 58 95 47 18 12 10 64 102 40 79 90 64 31 
71 12 23 23 6 105 92 73 50 85 105 6 92 31 54 31 91 76 59 23 110 18 99 83 93 107 109 
103 93 31 19 69 69 1 71 74 44 58 58 31 31 31 31 31 31 12 20 10 106 56 85 34 31 34 4 56 93 56 94 26 31 26 4 16 94 53 48 31 89 31 31 31 31 16 16 16 71 16 75 85 100 17 6 6 78 78 48 76 107 16 56 16 64 6 56 31 31 31 48 56 31 69 65 53 53 58 1 31 47 110 58 31 92 102 79 23 47 60 58 64 79 59 47 23 106 110 102 58 23 64 1 56 100 56 
31 16 93 31 31 93 34 6 31 83 48 48 93 103 75 31 92 16 34 31 31 26 4 16 4 26 31 31 31 12 37 59 71 56 4 64 64 21 34 31 31 26 17 43 48 31 103 48 31 34 34 56 16 31 31 16 107 102 64 4 53 109 48 31 31 31 31 31 31 31 31 31 31 94 100 31 69 31 53 92 69 92 53 31 102 58 31 31 12 52 12 31 31 76 102 1 79 44 73 47 47 47 64 95 74 58 79 1 103 84 56 56 4 87 4 56 56 4 26 31 31 26 4 56 31 56 94 53 
48 26 31 31 34 78 56 107 107 16 34 56 48 92 69 53 100 83 56 6 34 16 16 31 23 56 87 48 64 58 1 23 58 31 64 60 65 50 1 31 31 31 31 12 23 102 23 59 65 64 58 31 31 31 10 59 23 58 10 59 23 95 12 64 12 56 93 109 48 31 23 13 58 102 102 6 78 78 34 34 16 48 56 67 
94 31 64 56 16 106 52 60 71 92 103 16 78 16 75 99 43 107 109 75 31 92 94 40 40 3 47 31 92 65 31 31 76 71 102 1 40 102 65 23 74 74 110 18 95 79 58 34 4 48 92 6 107 83 93 93 56 103 92 64 56 4 87 4 16 94 53 48 26 12 20 5 56 56 31 56 16 94 51 75 21 48 83 48 31 53 48 34 53 6 16 
16 6 109 34 31 31 31 31 34 17 35 100 53 31 50 31 48 91 102 65 31 31 31 12 64 74 47 58 1 65 23 106 44 44 71 47 12 71 74 26 24 31 92 85 48 48 85 83 78 21 78 51 4 26 53 6 99 48 107 93 53 53 83 83 48 31 48 103 93 56 99 109 6 107 83 99 48 53 
93 56 31 56 20 60 58 48 53 102 31 53 69 58 31 58 12 1 23 64 69 31 65 58 95 44 58 95 71 47 44 58 12 31 31 31 34 100 16 89 20 10 23 31 103 100 56 56 16 48 31 34 26 84 16 4 26 12 1 48 31 3 64 8 31 76 102 31 4 26 26 4 16 84 6 53 43 
34 6 92 56 34 53 20 37 58 31 31 48 78 64 58 31 31 12 18 47 79 92 76 50 65 10 40 59 79 64 63 47 40 64 26 57 93 6 92 48 93 109 99 100 56 16 78 78 34 56 94 40 31 31 67 85 53 78 78 48 100 17 43 16 85 48 31 31 107 48 93 53 69 65 31 20 
64 64 76 69 31 31 31 31 102 50 102 74 64 1 71 64 74 90 64 58 90 12 64 31 48 26 75 34 34 31 34 21 56 56 21 21 103 93 56 
107 92 6 93 48 56 93 34 6 53 109 56 53 109 85 6 57 94 76 102 31 89 15 102 91 92 92 1 76 31 58 40 58 50 64 102 50 81 74 44 20 18 58 47 58 64 48 26 12 20 62 1 53 103 48 31 31 34 17 21 87 103 43 94 40 4 64 3 71 64 56 94 56 6 
103 87 4 16 43 78 48 48 107 107 78 31 76 31 4 5 60 60 58 31 31 48 53 76 58 1 64 71 31 71 40 1 65 50 64 18 1 15 47 47 74 106 95 43 31 1 34 43 92 107 78 85 16 93 103 85 48 34 100 94 16 106 59 12 58 64 31 31 56 100 17 17 34 78 109 107 103 53 48 103 92 
92 6 31 31 48 83 48 94 14 100 92 92 31 31 69 31 92 76 64 31 58 44 64 58 50 64 5 64 64 79 23 90 40 58 103 16 75 83 69 103 16 31 56 34 16 4 87 103 34 4 34 31 31 31 56 6 6 103 48 48 83 53 53 93 93 34 56 56 107 107 43 109 53 48 
34 64 31 71 10 19 65 31 31 65 65 102 71 31 64 102 1 64 50 64 64 40 44 79 18 47 52 58 58 31 109 56 76 61 44 64 102 109 83 103 16 75 55 16 92 76 16 31 20 20 26 16 48 93 94 105 78 48 48 109 53 53 92 71 82 76 69 69 92 92 65 47 74 74 1 50 65 58 73 23 23 106 110 31 31 78 75 34 107 107 103 105 56 56 16 100 26 4 56 56 16 31 71 3 
64 56 94 53 56 100 26 84 87 83 93 103 53 83 92 91 92 85 48 31 31 31 31 31 31 31 92 53 31 91 6 31 6 106 12 58 71 58 79 58 1 32 58 1 90 41 95 89 21 4 53 56 34 34 21 56 56 4 87 4 16 56 83 6 56 100 53 56 56 92 92 93 6 6 83 56 83 93 93 91 16 93 107 103 92 64 56 16 31 40 
65 92 31 65 1 31 65 1 47 102 102 79 74 23 71 44 44 18 95 71 59 58 23 92 31 95 70 65 92 56 17 93 53 109 12 47 23 109 107 26 75 56 83 92 31 81 23 91 69 91 91 64 58 65 1 79 74 
40 44 23 79 16 109 107 56 83 34 103 34 83 83 83 102 95 60 69 31 56 105 100 99 6 53 93 107 92 53 31 31 92 34 56 31 31 31 31 91 76 69 50 47 65 102 58 95 106 110 95 90 71 21 56 53 83 34 85 94 100 56 56 109 6 
107 83 83 48 53 109 99 53 56 48 6 93 1 12 59 1 92 31 50 102 76 65 18 79 102 50 64 79 40 79 44 79 109 53 102 72 23 31 53 56 78 105 83 56 107 64 37 50 34 34 93 16 85 107 56 6 102 7 65 31 31 76 1 50 74 64 50 18 
12 70 70 79 31 51 99 109 6 48 75 93 103 21 16 48 70 32 58 31 16 26 75 83 109 109 34 83 92 92 91 31 35 92 31 92 31 31 91 1 64 23 1 64 90 47 40 18 31 92 51 21 21 78 16 103 109 53 109 78 56 109 6 6 107 31 59 63 50 31 31 69 50 47 64 102 64 79 73 95 1 31 6 
100 92 31 71 62 52 58 31 102 102 83 43 78 16 57 16 103 84 56 53 31 56 31 15 40 16 78 91 48 16 105 16 34 85 78 48 6 107 69 50 9 58 31 53 92 31 76 76 23 18 23 71 102 65 74 12 71 73 64 40 23 93 83 6 93 75 56 85 
103 53 64 30 56 109 53 34 26 16 107 92 92 92 31 65 82 65 31 31 91 91 76 1 65 64 58 23 40 23 58 40 31 21 85 107 75 21 34 103 43 85 56 53 107 107 6 83 78 56 6 107 18 
52 1 91 91 91 1 18 102 1 18 18 79 52 74 48 31 31 31 31 31 12 20 12 1 69 53 109 85 56 34 94 105 48 56 4 106 5 23 48 56 107 103 75 75 83 109 93 34 53 31 64 32 90 31 31 91 
65 31 31 95 79 64 50 69 102 62 18 44 79 12 94 51 103 48 93 93 107 48 99 93 34 16 51 34 71 56 16 20 59 64 6 109 16 99 75 26 75 107 53 6 92 31 31 6 1 54 69 31 31 31 31 31 91 76 1 
64 1 110 76 76 44 90 64 18 74 44 79 87 21 43 78 85 34 103 34 16 34 99 99 16 93 53 53 53 6 109 53 53 56 83 56 53 53 16 109 92 31 102 63 47 31 31 31 31 31 65 65 1 110 102 64 1 
1 18 44 18 79 81 64 64 31 12 31 87 18 50 100 64 106 2 31 12 5 16 94 31 16 102 23 8 83 53 6 31 31 31 48 43 94 56 17 48 31 48 55 34 69 53 53 1 
9 79 31 16 48 31 43 51 48 53 34 4 93 56 53 31 48 6 53 56 100 83 1 48 109 76 48 31 31 31 31 31 92 92 6 90 44 1 95 71 106 59 58 79 64 71 94 75 100 78 53 
92 93 6 34 56 56 51 16 93 53 34 94 5 10 60 76 103 56 48 51 84 75 107 6 85 53 53 109 92 92 92 31 13 47 76 76 69 31 31 65 76 65 64 64 65 65 64 58 18 95 44 60 74 
1 31 31 48 16 56 93 8 87 34 93 6 6 78 48 56 53 92 83 34 107 6 56 85 107 6 56 63 63 1 31 31 31 31 58 64 50 64 69 102 10 64 1 62 40 95 31 31 31 31 12 37 40 76 6 83 78 35 
56 16 26 31 31 31 48 56 31 12 26 31 10 106 89 4 26 34 31 31 34 51 26 31 56 34 34 26 6 107 78 31 6 76 71 31 40 71 49 26 92 
65 50 50 65 31 31 31 31 31 1 64 58 92 1 63 47 1 74 23 23 64 23 15 12 1 23 58 102 64 31 31 31 31 
31 2 56 92 53 83 100 31 6 105 93 34 78 48 84 85 99 100 26 16 16 103 56 53 93 103 94 48 6 109 53 109 56 48 31 31 31 31 31 31 31 31 92 92 65 58 23 64 106 95 18 74 1 59 31 31 6 105 36 48 93 16 85 16 16 75 109 53 93 107 53 
83 109 53 107 107 93 26 6 53 48 109 92 6 51 26 31 92 31 31 31 91 65 74 23 18 70 71 23 23 23 73 1 31 92 85 40 95 76 53 102 92 53 92 67 67 2 23 50 64 1 64 58 47 40 31 4 43 78 16 83 4 78 100 16 92 76 56 53 102 64 71 32 73 65 102 58 106 18 23 71 23 60 15 16 48 107 107 6 48 48 31 34 21 16 
4 87 16 71 10 20 31 17 56 48 57 53 6 84 56 56 16 31 31 31 16 26 34 78 31 48 48 43 107 92 6 53 89 31 71 15 1 31 48 76 64 91 65 65 65 64 50 18 64 65 23 64 31 23 95 70 64 102 18 
62 52 58 31 1 40 31 48 16 16 16 26 31 87 94 48 94 26 26 17 16 78 48 31 48 107 109 83 109 56 83 107 48 100 100 4 53 58 64 16 56 53 64 56 31 53 100 48 1 1 12 18 23 64 1 47 92 31 102 92 1 64 1 40 23 73 23 31 23 18 23 40 65 23 13 58 
31 1 12 58 69 91 31 53 6 31 31 31 31 12 27 102 31 31 56 21 34 31 31 31 31 31 26 16 31 16 56 56 16 31 94 31 23 56 26 31 31 31 31 31 26 16 31 31 31 94 4 53 48 26 31 26 16 56 4 31 31 31 8 26 31 31 26 
16 31 94 94 31 31 16 56 48 31 31 34 6 53 94 102 31 78 6 94 43 48 31 34 26 48 93 34 107 31 92 78 31 64 53 26 31 31 31 31 31 53 92 91 31 91 102 6 92 91 31 78 64 10 3 31 56 83 34 51 4 6 56 107 53 65 100 103 56 4 26 48 48 26 16 53 31 85 6 
31 31 34 65 31 53 107 4 26 6 92 53 99 78 99 99 83 48 56 34 93 48 109 56 31 64 23 58 31 31 31 31 92 53 31 65 69 91 65 23 64 64 110 58 44 47 58 40 18 23 6 17 78 93 75 99 21 21 103 85 53 93 94 107 109 56 6 6 16 56 43 75 109 53 6 31 56 6 40 37 31 56 1 102 102 
64 23 23 74 64 47 101 70 31 5 60 31 31 31 31 31 31 31 31 31 31 31 31 12 20 12 12 40 31 16 31 16 26 12 71 16 26 31 31 31 26 4 31 64 8 56 16 26 31 26 4 16 4 26 31 31 31 31 31 31 31 31 31 31 31 31 31 31 94 4 53 48 26 31 26 
2 71 71 2 26 31 31 31 31 31 31 31 26 8 89 12 26 16 31 31 31 31 56 4 40 64 56 4 40 64 31 94 16 5 12 31 26 2 56 16 26 31 31 31 31 31 31 31 31 31 26 16 106 58 34 56 
64 58 31 31 58 64 1 5 56 31 40 10 59 40 65 64 58 31 31 31 31 12 5 64 71 10 20 31 31 31 87 4 16 87 16 64 103 93 102 76 16 6 31 48 56 31 48 26 31 31 
31 31 31 26 4 31 64 8 56 16 26 12 89 24 78 53 56 56 8 64 31 56 40 8 31 89 8 87 24 24 26 31 31 31 26 2 56 31 56 103 48 31 34 83 99 85 53 6 53 6 53 78 78 83 107 107 78 107 31 31 53 78 43 6 31 31 48 78 64 31 21 56 56 4 26 67 103 103 48 50 83 
6 48 53 6 53 65 31 83 1 69 31 31 1 31 109 1 27 31 56 48 109 83 16 103 103 57 21 78 99 16 93 99 103 34 34 31 31 34 16 16 75 78 48 48 78 75 26 56 93 93 107 83 48 31 91 85 83 107 85 48 31 48 85 107 107 34 53 6 109 92 85 
6 31 31 6 53 53 56 6 102 31 34 6 92 48 103 69 92 92 102 85 75 107 83 34 31 6 71 13 1 48 92 69 91 31 6 102 1 58 60 41 47 107 56 92 31 51 103 48 83 78 93 94 75 53 16 43 92 83 85 48 76 49 31 31 109 36 103 6 6 56 26 109 78 43 100 85 48 
56 93 102 86 69 31 31 76 59 95 58 79 10 1 40 4 56 31 31 16 26 12 71 16 26 31 31 31 31 31 31 31 31 31 31 26 16 31 16 56 56 16 31 4 17 16 4 31 71 16 26 31 31 31 31 31 26 21 31 102 2 26 31 31 31 31 26 2 
64 31 16 31 16 26 31 31 31 31 31 34 78 56 56 102 65 8 40 16 94 31 16 31 71 16 26 31 31 26 16 71 31 8 89 12 31 31 31 26 21 102 64 65 31 31 65 69 91 76 102 1 64 1 18 106 60 60 1 1 1 58 37 12 12 89 67 4 16 26 26 16 56 8 56 16 87 16 56 8 56 16 26 
31 31 31 31 31 26 16 31 16 16 4 31 71 16 26 31 31 31 31 31 34 100 56 64 8 56 16 26 31 31 31 31 26 8 40 64 31 31 31 31 56 4 5 59 71 40 12 31 26 16 40 1 31 31 31 31 31 31 1 23 56 31 106 31 106 59 12 12 59 59 12 31 31 31 31 58 20 64 40 52 59 37 50 92 
93 78 100 56 109 32 6 83 16 99 43 48 102 11 31 31 91 61 34 56 34 75 103 34 83 16 75 56 61 107 56 16 16 48 34 93 53 92 31 31 92 31 31 91 102 47 47 18 40 74 103 21 99 109 83 56 83 78 83 107 93 48 37 
