49 49 4 49 4 7 44 37 4 49 35 31 24 18 14 1 24 24 24 18 31 35 27 12 4 14 18 24 24 24 24 18 1 49 49 31 35 49 1 17 10 4 4 35 4 4 35 4 35 23 38 38 37 27 23 38 38 11 21 38 49 
18 24 31 31 49 49 20 20 18 18 18 1 17 11 11 44 37 31 1 1 45 31 31 24 31 18 49 49 49 4 4 49 38 31 5 18 49 49 4 4 4 4 35 35 35 38 36 37 36 21 35 35 44 21 36 24 4 31 24 24 20 45 24 24 31 49 49 49 31 31 49 49 20 18 31 49 49 24 31 31 49 35 31 11 17 23 36 35 4 4 38 35 35 35 
23 38 38 17 23 38 11 17 37 37 18 4 4 4 4 4 4 4 4 4 4 11 32 17 36 31 1 4 4 31 49 31 18 4 4 14 20 31 1 24 31 18 1 4 49 1 14 4 4 4 4 4 4 4 24 45 4 35 37 20 45 18 4 4 24 31 24 20 31 31 4 18 24 49 49 4 49 31 1 1 36 2 11 4 4 4 49 4 4 35 4 38 38 38 42 36 36 27 37 21 44 11 17 23 4 14 18 4 
49 49 49 4 49 31 24 14 24 1 18 1 45 24 4 4 4 4 17 4 1 1 1 1 18 31 24 18 31 49 31 31 31 31 4 31 18 4 4 4 20 37 4 20 18 4 11 36 1 18 4 4 4 4 4 4 4 4 4 4 38 17 37 36 44 36 36 44 40 36 21 23 34 45 14 24 4 24 24 20 14 24 18 34 1 49 49 31 
31 31 31 31 31 31 31 49 1 1 49 31 31 31 4 38 35 37 27 17 17 11 4 4 4 4 4 35 35 23 27 11 11 36 11 36 44 27 23 23 11 35 35 4 49 18 4 4 4 4 18 1 4 18 49 49 24 31 4 24 24 4 31 18 31 24 1 31 24 31 4 31 18 31 49 1 24 31 37 1 18 4 4 4 
18 1 4 1 1 24 31 4 31 24 24 1 24 31 24 31 31 24 49 31 24 49 49 
49 31 49 31 49 49 24 4 4 11 35 31 4 4 4 4 4 4 4 4 4 18 31 4 4 4 24 31 24 24 24 20 24 1 1 31 24 1 20 18 24 18 45 14 1 37 49 49 31 31 35 49 1 1 24 4 18 20 31 4 31 20 18 4 18 45 1 44 17 17 23 4 1 31 1 31 4 4 24 18 18 4 31 18 24 18 24 24 4 4 18 4 38 49 49 49 49 4 4 49 18 31 14 47 31 4 4 4 49 35 4 4 35 4 4 35 4 38 35 4 4 4 4 4 1 31 31 20 14 18 24 1 24 49 49 24 45 34 24 20 1 31 24 24 45 14 1 36 4 45 45 
18 4 18 34 4 34 18 4 4 4 31 18 45 4 4 
31 24 18 24 31 24 31 31 49 31 49 4 31 4 35 31 31 49 1 1 31 49 49 49 49 1 24 18 31 49 36 20 49 37 4 4 4 27 35 4 4 4 4 4 4 4 4 4 4 4 18 24 49 49 24 31 18 1 31 14 18 49 4 49 18 18 24 24 1 31 24 24 3 18 4 4 4 4 4 4 4 11 42 42 11 4 4 4 31 31 4 31 1 18 18 24 18 20 
18 24 35 31 4 27 33 44 1 37 35 18 31 31 24 24 31 18 1 31 24 24 24 24 4 4 31 24 37 36 2 42 23 24 31 38 4 4 4 4 35 38 4 4 4 35 37 44 11 36 27 44 36 23 36 11 44 42 11 36 44 4 49 49 49 31 18 20 20 24 49 4 37 31 7 17 11 49 49 31 18 20 1 1 24 49 24 49 49 4 4 
4 4 39 4 4 4 4 4 4 4 35 38 23 36 36 11 37 11 23 36 33 18 31 31 31 1 18 24 31 1 1 31 24 24 49 49 4 49 1 24 18 31 49 31 49 35 7 42 35 4 4 4 4 4 35 23 11 40 36 38 38 23 40 11 35 31 
24 4 4 4 11 42 40 44 4 4 4 4 1 18 18 39 1 24 24 4 4 18 20 4 36 18 1 7 32 4 3 31 31 18 18 1 4 18 18 4 1 4 36 1 18 18 1 36 4 45 18 4 1 18 4 4 4 4 31 4 4 4 35 35 4 4 4 38 40 27 23 23 7 20 11 36 36 11 
27 44 21 14 19 18 4 18 18 49 49 1 31 31 31 4 4 4 49 49 49 31 49 49 1 1 14 18 45 14 24 4 4 4 4 11 32 11 11 11 49 1 24 4 31 31 31 45 31 31 18 31 31 1 31 49 49 49 49 31 31 49 49 1 18 18 1 14 19 45 31 37 11 
49 4 38 35 4 4 4 4 35 38 35 4 38 42 17 40 36 21 23 36 36 23 17 27 44 36 37 24 1 18 18 14 31 35 31 18 24 18 45 18 1 34 1 1 18 31 4 31 31 4 18 31 4 1 
1 4 31 24 31 24 31 1 1 31 24 31 24 31 31 4 37 20 17 17 4 17 4 49 35 4 4 4 35 35 4 4 37 37 37 11 21 37 
37 44 40 36 21 23 4 4 40 38 49 31 24 24 49 49 16 31 31 24 31 31 49 15 35 4 35 44 36 21 31 37 35 4 31 31 24 1 14 14 
1 1 24 31 18 4 37 20 4 36 4 29 37 34 1 49 35 1 24 24 18 31 3 24 4 18 34 31 35 31 1 49 4 4 4 4 4 4 4 4 4 4 31 49 49 4 4 4 35 38 4 4 11 32 27 42 11 1 4 44 27 42 42 
38 31 18 4 18 45 1 44 39 14 14 24 24 45 1 14 31 49 47 18 1 24 49 31 24 31 24 1 18 18 24 31 24 4 4 18 4 31 49 4 4 4 4 35 35 23 37 36 33 32 27 42 4 4 4 4 
4 4 4 4 11 2 36 1 31 4 31 1 36 4 18 49 31 4 36 1 18 11 37 24 18 18 36 4 20 1 20 18 4 4 4 4 4 14 1 49 31 49 49 18 49 35 37 24 24 4 4 4 4 4 4 4 4 24 49 35 4 35 4 31 37 23 24 18 36 4 45 45 18 4 18 20 31 4 31 31 20 24 4 31 31 4 
4 4 31 31 31 49 31 18 1 1 18 4 4 4 4 4 4 49 31 4 38 11 4 49 31 38 35 4 4 38 21 23 23 37 37 23 4 4 35 35 4 35 35 4 23 42 11 4 11 17 23 35 35 35 35 35 35 35 38 31 36 31 1 24 42 4 31 1 31 31 49 49 36 17 35 4 4 35 44 36 36 45 
1 31 49 49 31 31 49 49 7 35 35 35 36 23 36 37 23 49 31 4 49 1 24 4 33 35 38 36 40 36 23 31 31 49 4 49 49 31 38 4 1 24 4 4 24 14 18 18 24 4 4 24 
18 4 4 31 20 44 31 4 27 27 4 31 44 1 31 37 1 18 4 4 18 1 31 34 4 49 1 18 4 4 4 4 31 24 49 49 1 4 20 37 4 1 4 1 18 4 4 4 4 4 4 18 34 7 23 4 4 4 4 4 4 4 4 4 4 4 4 4 4 4 4 35 35 4 31 4 4 4 4 4 4 4 4 23 35 35 44 11 11 4 4 35 35 4 35 38 4 37 11 11 23 23 36 37 23 11 35 37 35 4 37 38 35 37 49 35 36 36 4 4 4 14 18 31 18 18 18 34 44 1 18 4 4 31 1 31 4 4 4 31 24 31 31 31 31 18 49 
31 4 38 31 14 31 23 4 20 31 31 4 20 37 4 18 49 31 24 4 4 4 4 4 24 24 31 4 4 18 18 36 4 20 18 4 4 4 4 4 4 4 4 4 4 4 4 4 4 4 4 23 27 37 4 44 35 38 35 4 35 38 49 4 42 36 44 27 42 27 23 4 4 4 4 4 4 35 38 49 4 42 20 11 37 23 38 31 4 27 42 11 4 4 4 4 4 18 20 1 31 44 34 18 4 18 34 4 34 18 11 36 1 4 12 44 35 35 31 18 24 4 4 4 14 20 18 24 4 4 31 1 31 1 31 4 31 20 4 36 4 4 18 49 35 35 4 31 
4 35 35 23 4 4 23 42 37 37 44 4 31 37 23 4 4 4 23 21 11 36 11 27 37 35 44 36 42 37 4 
36 11 23 23 49 20 4 21 38 24 20 49 4 4 2 4 4 35 42 23 21 36 24 31 31 49 49 
1 31 4 29 4 35 38 36 23 36 37 23 4 4 4 4 4 4 11 32 27 11 31 24 24 4 24 20 31 31 31 18 18 4 18 20 1 18 49 31 4 17 4 4 4 4 1 1 1 36 1 18 24 18 14 49 49 24 24 31 35 49 1 31 1 37 49 31 4 4 4 31 31 4 4 35 49 49 37 38 4 11 21 23 4 49 38 36 23 11 27 37 37 36 42 11 23 11 21 38 37 23 37 38 31 18 31 
4 1 31 4 4 31 24 49 4 31 31 31 31 1 18 4 49 1 24 4 4 18 20 1 20 18 4 4 4 11 12 42 36 31 20 37 37 45 24 4 4 18 14 1 31 4 1 31 4 24 24 31 1 4 4 1 49 38 37 20 49 31 31 4 4 4 4 4 4 4 4 4 4 18 18 4 4 4 49 4 35 4 49 4 35 23 4 4 11 40 11 4 4 35 35 38 36 36 21 11 11 11 37 21 23 37 36 38 1 34 31 31 20 14 20 31 31 20 18 4 4 18 20 31 4 31 18 49 
31 18 4 4 24 24 31 49 49 1 24 31 31 4 35 49 18 31 31 49 24 1 1 4 23 31 14 31 37 23 38 23 23 4 37 27 35 38 38 4 4 4 4 11 23 38 23 42 35 37 23 4 4 4 27 42 23 23 27 42 23 44 11 37 11 31 31 49 31 4 23 10 23 35 38 49 24 24 24 24 1 31 31 34 
18 4 37 31 1 11 40 27 36 49 1 1 24 1 1 24 1 49 49 1 4 49 18 44 44 2 11 4 49 35 4 4 35 36 35 38 44 38 35 23 23 23 21 36 44 36 23 24 47 31 4 49 49 31 31 31 31 1 49 37 31 20 14 20 1 18 49 31 18 11 32 7 31 31 4 31 1 18 20 18 45 31 31 31 4 49 31 24 49 49 1 
1 49 49 24 4 4 4 4 24 14 48 18 49 4 38 4 31 4 35 35 4 4 4 11 37 23 11 23 38 35 23 11 36 36 36 11 11 36 23 18 3 4 49 24 31 31 24 31 24 45 24 20 20 18 49 49 24 31 49 31 49 49 31 31 31 4 31 1 31 31 24 31 49 49 31 24 31 49 
31 31 4 31 32 27 23 31 49 35 4 49 35 23 4 23 11 38 23 37 4 4 35 23 44 36 37 44 36 11 36 23 11 4 4 4 24 18 1 17 32 27 23 4 1 18 31 31 1 31 4 24 18 34 1 20 18 11 38 31 4 2 37 34 4 35 35 4 20 18 18 20 1 34 49 49 24 
24 49 49 31 24 49 32 12 23 4 4 31 24 37 23 4 4 11 36 11 36 49 35 38 35 27 44 42 36 37 17 11 44 37 18 18 31 49 4 31 31 49 24 18 31 1 24 24 24 31 18 44 4 4 34 24 49 24 24 31 18 14 24 1 24 31 4 4 49 31 31 49 4 35 4 32 
37 37 35 4 4 4 4 4 35 38 35 23 37 37 36 37 23 44 37 23 42 11 37 4 31 18 1 24 24 4 24 45 31 31 45 45 1 31 31 
49 4 49 31 31 31 31 24 49 49 31 31 49 31 24 49 18 18 35 35 4 17 15 38 4 4 4 38 35 4 23 44 23 38 37 35 38 42 23 36 32 36 23 11 23 37 31 18 11 32 17 38 49 1 31 4 4 24 14 45 14 1 1 18 44 20 37 2 36 37 31 18 31 49 
1 14 20 1 1 24 31 31 49 49 24 4 35 4 20 7 27 27 23 4 4 31 49 35 23 38 37 36 4 36 44 38 35 38 37 36 38 15 11 11 23 11 21 1 4 38 24 1 49 49 24 24 1 31 1 24 31 24 18 18 1 11 42 11 23 37 4 4 31 18 14 14 24 24 49 49 1 49 31 1 4 
4 49 4 4 31 31 31 18 5 18 49 4 4 4 4 4 4 35 37 4 23 36 37 23 38 37 7 37 37 36 23 42 44 23 1 1 18 31 35 1 1 4 31 24 1 20 14 1 24 20 24 4 4 4 31 49 49 1 31 31 31 49 49 31 31 24 31 31 49 49 24 49 49 31 
24 37 4 36 27 29 35 4 4 35 35 38 36 4 37 38 38 37 38 37 37 44 36 36 36 11 40 23 23 4 49 31 35 32 36 37 35 49 31 1 1 1 13 1 4 35 1 4 32 32 18 1 31 31 18 20 24 31 31 49 49 49 49 36 50 35 35 35 4 49 35 11 23 23 38 38 35 37 21 23 23 21 21 4 4 24 1 24 49 49 1 20 31 31 1 18 18 20 31 31 1 4 36 2 
37 31 18 49 31 18 18 34 14 31 31 1 49 31 49 4 49 24 31 4 4 4 4 4 4 4 49 49 4 4 49 4 49 11 11 23 36 23 36 23 38 33 23 38 42 17 44 17 45 20 49 31 24 24 45 31 31 20 14 20 1 31 31 49 24 18 49 31 31 4 49 31 49 49 31 31 31 31 31 4 1 31 49 1 49 37 31 1 4 44 
35 4 4 35 38 4 35 38 11 35 38 36 23 23 36 36 36 36 21 36 42 23 23 4 4 21 11 35 4 24 14 31 49 31 11 11 23 31 49 18 1 31 31 49 4 42 23 4 4 4 4 37 23 35 38 36 23 
44 36 23 36 1 31 49 31 31 24 1 24 31 31 31 35 21 27 35 4 31 20 18 24 49 49 31 49 4 49 4 4 49 24 24 4 4 4 4 4 35 4 38 11 35 35 23 21 11 21 21 42 36 45 31 49 31 24 24 18 18 31 24 31 49 
49 31 31 31 49 31 24 49 31 31 49 31 38 11 42 38 4 4 38 35 35 35 36 36 35 38 37 36 44 36 36 36 49 49 35 7 23 4 49 31 24 20 31 31 49 37 12 38 24 24 31 1 24 49 31 49 38 6 35 4 4 35 38 38 23 37 38 36 
11 11 11 36 4 20 24 49 49 31 1 31 1 45 1 31 11 33 23 4 1 18 1 31 49 49 24 31 4 4 4 4 48 4 4 4 4 4 4 38 37 23 38 37 42 11 44 36 4 4 20 45 45 24 1 1 49 49 49 24 31 31 49 49 49 4 42 17 38 4 4 35 38 11 37 35 37 36 21 44 38 4 49 
18 49 4 36 17 40 23 4 35 35 31 24 24 1 18 1 1 34 31 49 4 31 4 15 44 1 24 4 31 1 20 1 24 24 24 31 49 49 35 38 9 23 4 49 4 4 35 35 23 36 23 36 35 35 23 11 36 21 37 44 23 31 31 49 31 1 31 24 
1 49 37 33 31 49 49 24 18 1 49 4 49 4 4 35 50 35 4 4 4 4 35 38 35 37 37 23 44 23 23 44 4 45 24 49 1 47 24 1 1 24 24 49 49 49 49 31 24 31 49 49 36 
40 38 4 4 4 38 36 35 38 36 36 36 40 23 31 4 4 4 4 4 11 32 11 38 35 49 49 24 31 24 18 20 31 31 20 11 7 23 31 31 49 1 1 1 31 49 31 24 49 4 37 33 42 4 4 4 
35 4 4 44 36 37 38 4 35 17 36 36 36 11 18 20 1 31 31 31 49 31 24 31 24 1 20 24 36 31 1 32 42 37 49 49 1 24 1 18 1 49 49 49 4 4 4 49 38 2 4 4 4 4 4 4 4 35 38 
37 38 21 35 35 36 44 37 36 23 36 36 14 45 24 24 24 24 1 24 1 24 24 24 1 31 49 49 49 49 31 49 49 31 31 31 49 49 1 49 49 4 35 17 11 4 4 4 4 4 35 35 38 21 35 37 38 
38 36 36 36 36 42 37 37 4 11 4 14 36 38 18 37 11 39 4 11 7 1 18 4 1 35 23 34 31 49 49 4 4 4 31 24 18 31 14 31 4 31 13 24 35 49 49 38 
9 36 4 1 31 4 1 20 31 49 24 20 31 31 49 4 31 49 49 31 18 31 38 31 31 35 31 4 4 4 4 4 4 4 49 42 36 38 21 36 11 42 23 36 37 36 18 1 18 24 49 
49 31 49 24 31 31 20 1 31 49 24 18 7 27 27 35 1 31 31 20 34 1 49 49 24 49 49 49 4 4 49 4 10 11 35 35 4 4 4 35 35 35 37 37 35 35 37 23 36 21 36 27 23 
38 4 4 31 1 31 31 34 14 24 31 49 49 24 31 24 49 49 31 24 49 49 24 24 49 49 31 17 17 38 4 4 4 4 23 37 38 37 35 35 27 37 37 17 44 44 4 4 4 4 11 12 44 35 49 31 24 48 
31 1 18 4 4 4 31 31 4 11 18 4 27 11 17 20 18 24 4 4 24 20 18 4 31 24 24 18 49 49 24 4 49 35 36 4 44 36 29 18 49 
35 38 38 35 4 4 4 4 4 38 37 23 49 38 17 11 38 23 23 23 37 23 15 11 38 23 23 35 37 4 4 4 4 
4 39 31 4 49 31 18 4 49 20 31 24 24 31 34 24 24 18 18 1 1 1 31 49 31 1 18 31 49 49 49 49 24 31 4 4 4 4 4 4 4 4 49 4 35 23 23 37 11 44 36 23 38 42 4 4 49 20 13 31 31 1 24 1 1 1 49 49 31 49 49 
31 31 49 49 49 31 18 49 49 31 49 4 49 20 18 4 49 4 4 4 4 35 23 23 36 11 36 23 23 23 21 38 4 49 24 44 21 35 49 35 4 49 4 34 34 39 23 38 37 38 37 23 11 44 4 20 24 24 1 31 20 24 18 1 49 35 31 49 35 37 36 33 21 35 35 23 21 36 23 36 23 27 15 1 31 49 49 49 31 31 4 24 45 1 
20 14 1 36 27 32 4 14 31 31 18 49 49 34 31 31 1 4 4 4 1 18 24 24 4 31 31 1 49 49 49 49 17 4 36 15 38 4 31 35 37 4 35 35 35 37 38 36 37 35 23 37 4 23 21 11 37 35 36 
17 40 23 4 38 44 4 31 1 1 1 18 4 14 18 31 18 18 18 14 1 24 31 4 31 49 49 31 49 31 31 49 31 18 18 20 49 23 37 1 31 49 37 31 4 49 18 31 38 38 11 36 23 37 38 11 49 4 38 4 38 37 38 44 23 21 23 4 23 36 23 44 35 23 10 23 
4 38 11 23 4 4 4 49 49 4 4 4 4 11 26 35 4 4 31 45 24 4 4 4 4 4 18 1 4 1 31 31 1 4 18 4 23 31 18 4 4 4 4 4 18 1 4 4 4 18 20 49 31 18 4 18 1 31 20 4 4 4 34 18 4 4 18 
1 4 18 18 4 4 1 31 31 4 4 24 49 49 18 35 4 24 49 18 24 31 4 24 18 31 31 24 49 4 49 24 4 37 49 18 4 4 4 4 4 49 4 4 4 4 35 49 4 4 4 24 37 27 2 4 31 31 24 20 20 49 31 49 49 35 18 1 31 20 18 31 31 18 1 49 4 24 49 
4 4 24 35 4 49 49 47 18 49 4 49 24 24 24 24 31 31 31 24 31 31 49 31 4 37 23 23 4 4 4 4 49 49 4 35 35 4 35 23 37 37 21 23 36 11 23 44 36 23 49 14 24 31 1 24 45 45 1 24 49 31 18 49 49 31 49 49 1 31 1 1 49 49 49 4 31 49 44 12 4 31 38 38 35 
37 23 23 23 37 11 40 11 4 7 27 4 4 4 4 4 4 4 4 4 4 4 4 11 32 11 11 44 4 1 4 1 18 11 36 1 18 4 4 4 18 20 4 37 34 31 1 18 4 18 20 1 20 18 4 4 4 4 4 4 4 4 4 4 4 4 4 4 18 20 49 31 18 4 18 
39 36 36 39 18 4 4 4 4 4 4 4 18 34 17 11 18 1 4 4 4 4 31 20 44 37 31 20 44 37 4 18 1 7 11 4 18 39 31 1 18 4 4 4 4 4 4 4 4 4 18 1 11 23 24 31 
37 23 4 4 23 37 38 7 31 4 44 27 42 44 35 37 23 4 4 4 4 11 7 37 36 27 32 4 4 4 14 20 1 14 1 37 1 31 35 35 1 49 4 31 31 4 31 18 4 4 
4 4 4 18 20 4 37 34 31 1 18 11 17 3 24 49 31 31 34 37 4 31 44 34 4 17 34 14 3 3 18 4 4 4 18 39 31 4 31 1 31 4 24 31 24 24 49 49 49 49 49 24 24 31 49 49 24 49 4 4 49 24 24 49 4 4 31 24 37 4 45 31 31 20 18 34 1 1 31 38 31 
49 31 49 49 49 35 4 31 38 35 4 4 38 4 31 38 26 4 31 31 31 31 1 1 1 18 45 24 24 1 31 24 1 24 24 4 4 24 1 1 18 24 31 31 24 18 18 31 31 31 49 31 31 4 4 24 31 49 24 31 4 31 24 49 49 24 49 49 49 49 24 
49 4 4 49 49 49 31 49 35 4 24 49 4 31 1 35 4 4 35 24 18 49 31 24 4 49 36 10 38 31 49 35 4 4 49 35 38 23 27 17 11 49 24 49 4 20 1 31 31 24 31 18 1 49 1 1 4 31 24 31 35 29 4 4 49 13 1 49 49 31 18 49 24 1 18 24 31 
31 31 35 26 4 4 4 35 42 21 23 36 27 37 44 20 31 4 4 1 18 11 36 1 18 4 4 4 4 4 4 4 4 4 4 18 1 4 1 31 31 1 4 20 14 1 20 4 36 1 18 4 4 4 4 4 18 45 4 35 39 18 4 4 4 4 18 39 
37 4 1 4 1 18 4 4 4 4 4 24 24 31 31 35 35 34 44 1 18 4 1 4 36 1 18 4 4 18 1 36 4 34 17 11 4 4 4 18 45 35 37 35 4 4 35 35 4 35 35 38 37 38 36 11 27 27 38 38 38 23 12 11 11 17 34 20 1 18 18 1 31 34 31 1 14 1 31 34 31 1 18 
4 4 4 4 4 18 1 4 1 1 20 4 36 1 18 4 4 4 4 4 24 18 31 37 34 31 1 18 4 4 4 4 18 34 44 37 4 4 4 4 31 20 7 42 36 44 11 4 18 1 44 38 4 4 4 4 4 4 38 23 31 4 11 4 11 42 11 11 42 42 11 4 4 4 4 23 32 37 44 40 42 12 38 4 
31 24 18 31 49 33 49 31 1 24 24 31 35 8 4 4 4 32 24 31 24 1 1 24 31 1 1 31 32 49 31 1 1 31 24 31 49 4 4 4 4 4 4 4 35 11 11 36 44 23 1 45 24 49 31 31 31 24 31 49 31 31 12 
