65 37 26 65 26 46 50 39 26 65 48 47 55 15 41 69 55 55 55 66 47 32 3 29 26 41 67 8 55 55 55 67 27 65 65 10 32 37 27 53 28 26 26 48 26 26 48 48 32 39 1 32 39 3 39 1 1 16 50 32 65 
67 8 47 10 65 10 59 7 67 67 67 27 53 16 16 50 39 47 27 69 62 47 10 55 47 67 10 65 65 26 26 37 1 47 25 15 65 37 26 26 26 26 48 32 32 1 40 1 60 16 32 32 63 50 60 55 26 10 55 8 7 62 55 55 47 65 37 65 47 47 37 65 7 67 10 65 65 55 47 47 65 32 10 16 53 39 60 32 26 26 1 48 48 32 
39 1 1 30 39 32 16 53 39 1 15 26 26 26 26 26 26 26 26 26 26 16 11 52 40 47 27 26 26 47 65 10 15 26 26 62 7 10 27 55 10 15 27 26 65 8 62 26 26 26 26 26 26 26 55 22 26 32 39 7 22 15 26 26 55 47 8 7 10 10 26 67 8 65 37 26 37 47 27 27 40 5 16 26 26 26 65 26 26 32 26 1 1 1 45 60 60 3 39 16 50 40 30 39 26 62 66 26 
65 10 65 26 65 10 55 41 8 69 56 27 22 55 26 26 26 26 53 26 27 27 27 69 67 10 55 66 47 65 10 10 47 47 37 47 66 26 26 26 7 39 26 7 15 26 16 40 27 15 26 26 26 26 26 26 26 26 26 26 1 53 1 40 63 60 60 50 61 40 50 39 42 22 41 55 26 55 8 7 41 55 15 42 27 65 37 10 
10 10 47 10 10 47 47 65 27 27 65 10 47 47 37 32 48 39 3 53 53 40 26 37 26 26 37 48 48 39 3 40 40 60 16 60 50 3 60 39 16 32 48 26 37 67 26 26 26 26 15 27 26 66 65 65 8 10 26 8 55 26 10 67 10 55 8 10 55 10 26 10 67 10 65 27 55 10 39 27 15 26 26 26 
15 27 26 27 27 55 47 26 47 55 55 69 8 47 8 47 47 55 65 47 55 65 37 
65 10 65 47 37 37 55 26 26 16 48 47 26 26 26 26 26 37 26 26 26 15 10 26 26 26 55 10 8 55 8 7 8 27 69 10 55 69 59 67 8 67 22 62 27 39 65 37 10 47 32 65 27 69 55 26 15 7 47 26 47 7 15 26 15 22 27 50 53 52 39 26 27 47 27 10 26 26 55 67 66 26 47 67 55 67 8 55 26 26 56 37 32 65 65 65 65 26 26 37 15 10 41 7 10 26 26 37 65 48 26 26 48 26 37 48 26 32 48 26 26 26 26 26 27 47 47 7 62 15 55 27 8 65 65 55 22 38 8 59 27 47 55 8 22 62 27 40 26 22 22 
15 26 15 42 26 42 15 26 26 26 10 66 22 26 26 
47 8 67 55 10 55 47 10 65 47 65 26 10 26 48 10 10 65 27 27 47 65 65 37 37 27 55 67 47 65 40 7 65 39 26 26 26 3 48 26 26 26 26 26 26 26 26 26 26 26 15 8 37 37 55 47 67 69 47 41 67 65 37 65 15 67 8 55 69 10 55 55 19 15 26 26 26 26 26 26 26 16 45 45 16 26 26 26 10 10 26 10 8 66 67 55 15 7 
66 8 48 47 26 3 23 50 27 39 48 15 47 10 55 8 10 56 27 47 8 55 55 55 26 26 10 8 39 40 5 45 39 55 10 1 26 37 26 26 48 1 26 26 26 32 39 50 16 40 3 50 40 39 40 40 50 45 40 40 50 26 65 65 37 10 15 7 7 55 37 26 39 47 58 52 16 65 65 10 56 59 27 8 8 10 8 65 65 37 26 
26 26 44 26 26 26 26 26 26 26 48 32 39 60 40 16 39 16 39 40 23 67 10 47 47 69 66 8 47 69 69 47 55 55 65 65 37 37 27 8 15 47 65 10 65 48 46 63 48 26 48 26 26 37 32 39 16 61 40 32 32 39 61 16 48 10 
55 26 26 26 16 45 61 50 26 26 26 26 27 15 15 44 27 8 55 26 26 15 7 26 40 66 27 58 11 26 19 10 10 15 15 27 26 66 66 26 27 26 40 27 15 15 27 40 26 22 66 26 27 15 26 26 26 26 10 37 37 26 48 32 26 26 26 1 61 3 39 39 58 7 16 60 60 16 
3 50 16 41 54 15 26 15 66 37 65 27 47 10 10 26 26 26 65 65 65 47 65 65 27 69 62 15 22 41 55 26 26 26 26 16 11 16 16 16 65 69 55 26 10 10 10 22 47 10 67 10 10 27 10 37 37 37 65 10 10 65 65 69 66 66 69 62 54 22 47 39 16 
37 37 32 48 26 26 26 26 48 32 32 26 1 45 53 61 60 16 60 60 60 39 53 3 50 40 39 55 27 15 15 41 47 32 47 67 55 15 22 66 27 42 27 27 15 10 26 10 10 37 67 47 26 27 
27 26 10 55 10 55 10 8 8 10 55 10 8 47 10 26 39 7 53 53 26 53 26 65 48 26 26 26 32 48 26 26 1 1 39 16 16 1 
39 50 53 40 16 39 26 26 53 1 65 10 55 55 65 65 31 10 47 8 10 10 65 9 48 26 32 50 40 16 47 39 48 37 47 47 55 27 62 41 
8 69 55 10 15 26 39 7 26 40 26 24 39 42 27 65 48 27 55 55 66 47 19 55 26 15 42 10 48 10 27 37 26 26 26 26 26 26 26 26 26 26 10 65 37 26 26 26 48 32 26 26 16 11 3 45 16 27 26 50 3 45 45 
1 10 15 26 15 22 27 50 44 41 41 55 55 22 27 41 10 65 7 56 69 55 37 47 55 47 55 27 67 66 55 47 8 26 37 15 26 10 37 26 26 26 48 48 48 39 1 60 23 11 3 45 26 26 26 26 
26 26 26 26 16 5 40 27 47 26 47 27 40 26 66 65 10 26 40 27 15 16 39 8 67 66 40 26 7 27 7 15 26 26 26 26 26 62 8 65 47 65 37 66 37 48 39 8 55 26 26 26 26 26 26 26 26 55 65 48 26 48 26 10 39 39 55 66 40 26 22 22 15 26 15 7 47 26 47 47 7 8 26 10 10 26 
26 26 10 47 47 65 10 66 27 27 15 26 26 26 26 26 26 65 10 26 32 16 26 65 10 1 32 26 26 1 50 39 39 39 39 39 26 26 48 48 26 48 48 26 39 45 40 26 16 30 39 48 48 48 48 32 48 32 32 10 40 47 27 47 63 37 47 27 47 10 65 37 40 53 48 26 26 48 63 40 60 22 
27 47 65 10 47 10 65 37 46 48 48 32 40 60 40 39 39 37 47 26 37 27 55 37 23 48 32 40 61 60 60 47 47 65 26 65 65 10 1 26 27 55 26 26 55 41 66 66 55 26 26 55 
66 26 26 47 7 50 47 26 3 3 26 47 50 27 47 39 27 15 26 26 15 27 47 42 26 65 27 15 26 26 26 26 10 8 65 65 27 26 7 39 26 27 26 27 15 26 26 26 26 26 26 15 42 58 39 26 26 26 26 26 26 26 26 26 26 26 26 26 26 26 26 48 48 26 10 26 26 26 26 26 26 26 26 39 48 32 50 16 16 26 26 48 48 26 32 1 26 1 40 40 39 39 60 1 39 40 48 39 32 26 39 32 48 1 65 32 60 60 26 26 26 62 66 10 66 15 15 42 50 27 66 26 26 47 27 10 26 26 26 10 8 10 47 47 47 66 65 
10 26 1 10 62 47 39 26 7 10 47 26 7 39 26 66 65 47 55 26 26 26 26 26 55 8 47 26 26 66 66 40 26 7 15 26 26 26 26 26 26 26 26 26 26 26 26 26 26 26 26 39 3 39 26 50 32 32 32 26 32 32 37 26 45 40 50 3 45 3 39 26 26 26 26 26 26 32 32 65 26 45 7 16 1 39 1 10 26 3 45 16 26 26 26 26 26 15 7 27 47 50 42 15 26 15 42 26 42 15 16 40 27 26 29 50 48 32 47 67 55 26 26 26 62 7 67 55 26 26 10 27 47 27 47 26 47 7 26 40 26 26 15 65 48 48 26 10 
26 48 32 39 26 26 39 45 39 39 50 26 10 39 39 26 26 26 39 50 40 60 16 3 1 32 50 40 63 1 26 
40 16 39 39 65 59 37 16 1 55 59 65 37 26 68 26 26 48 45 39 16 60 8 10 47 65 10 
27 47 26 57 48 48 1 40 60 40 39 39 26 26 26 26 26 26 16 11 3 16 47 55 55 26 55 7 47 47 47 66 15 26 15 7 27 66 65 10 26 53 26 26 26 26 27 27 27 40 27 56 55 67 41 65 65 8 8 10 48 65 27 47 27 39 65 47 26 26 26 10 47 26 48 48 37 37 39 1 26 40 16 39 26 37 32 40 39 16 3 39 1 40 45 16 39 16 16 32 39 39 1 1 47 67 47 
26 69 47 26 26 47 55 65 26 10 10 10 47 27 56 26 37 69 55 26 26 15 7 27 7 15 26 26 26 16 29 45 40 47 7 39 39 22 55 26 26 15 41 8 10 26 27 10 26 55 55 47 27 26 26 27 65 32 39 7 37 10 10 26 26 26 26 26 26 26 26 26 26 66 67 26 48 26 37 26 48 37 37 26 32 39 26 26 16 61 16 26 26 48 32 1 40 40 16 40 16 40 1 50 60 39 40 1 27 38 47 47 7 62 7 47 47 7 15 26 26 15 7 47 26 47 66 65 
10 15 26 26 55 8 47 65 65 27 55 47 10 37 48 65 67 10 47 65 55 27 69 26 39 47 62 10 39 39 1 39 39 26 1 3 48 1 1 26 26 26 26 16 39 32 39 45 48 39 39 26 26 26 3 45 39 39 3 45 39 50 16 1 16 47 47 10 10 26 39 28 39 32 32 65 8 8 55 55 27 10 47 42 
66 26 39 47 27 16 61 3 40 37 27 69 8 69 69 8 8 65 10 69 26 37 66 50 50 5 40 26 37 48 26 26 48 60 32 1 50 32 48 39 60 60 16 60 50 40 39 55 7 10 37 65 65 10 47 47 47 27 37 39 47 7 62 7 27 66 65 10 15 16 11 58 47 47 26 47 27 66 59 56 22 10 10 10 26 37 10 55 37 65 27 
27 65 10 55 26 26 26 26 55 41 14 67 37 26 32 26 10 26 32 48 26 26 26 16 1 60 40 39 1 48 39 16 40 40 60 40 16 40 60 15 19 26 37 55 10 10 55 10 8 22 8 59 7 15 65 65 8 10 65 47 65 37 10 10 10 26 10 27 47 47 8 10 65 65 10 8 10 65 
47 47 26 47 11 3 39 10 37 32 26 37 48 39 26 39 16 1 39 39 48 26 48 39 50 40 39 50 40 40 40 39 16 26 26 26 55 67 27 53 11 3 39 26 27 67 47 47 27 10 26 55 15 38 27 7 15 16 1 10 26 5 39 42 26 48 32 26 7 15 15 7 27 38 65 37 8 
55 65 37 47 55 65 11 29 39 26 26 10 8 39 39 26 26 16 60 40 40 37 48 1 48 3 50 45 40 1 30 40 50 39 15 66 47 65 26 10 47 10 8 67 47 69 8 8 55 47 66 50 26 26 42 55 65 8 8 10 67 41 8 69 55 10 26 26 65 10 47 37 48 48 26 11 
39 1 48 48 26 26 26 26 32 32 32 60 39 1 60 1 60 63 1 39 63 16 39 26 10 15 69 55 55 26 55 22 47 47 22 22 27 47 47 
65 37 65 47 10 47 10 55 65 37 10 47 37 10 55 65 66 66 48 32 26 53 9 32 26 37 26 1 48 26 39 50 39 32 1 32 32 45 60 40 11 60 39 16 39 39 10 15 16 11 52 1 37 27 10 26 26 55 41 22 62 27 8 66 50 7 39 5 40 39 47 66 47 65 
27 62 7 27 8 8 10 10 65 65 8 26 48 26 7 58 3 3 39 26 26 10 37 48 39 1 1 40 26 40 50 1 48 32 1 60 1 9 40 16 60 16 50 8 26 1 55 8 37 65 8 55 27 47 27 55 10 55 67 66 27 16 45 16 39 39 26 26 47 67 41 41 55 8 10 65 27 37 10 27 37 
37 65 26 26 10 10 10 66 25 67 37 26 26 26 26 26 37 48 1 26 39 40 39 39 32 1 58 39 39 40 39 63 63 39 27 27 56 10 48 27 69 26 47 55 27 7 62 27 55 7 55 26 26 26 47 65 65 27 10 10 10 37 37 47 47 55 47 47 65 65 8 10 37 10 
55 39 26 40 3 57 48 26 26 48 48 32 60 26 1 32 1 1 32 1 39 50 40 40 60 16 61 39 39 26 10 47 48 70 40 1 32 10 10 27 27 69 6 27 37 48 27 26 11 11 15 27 10 47 66 59 8 10 10 65 37 37 37 40 35 48 48 48 37 37 48 40 60 60 1 32 48 39 16 39 39 16 50 26 26 8 69 55 65 65 27 59 47 47 27 67 15 7 47 47 27 26 40 5 
39 47 66 65 47 67 15 38 62 10 47 27 37 10 37 26 37 55 10 26 26 26 26 26 26 26 37 37 26 26 65 26 65 16 16 39 40 39 40 39 1 23 39 1 63 53 50 53 22 7 65 47 55 55 22 47 47 7 62 7 27 47 10 65 47 67 65 47 47 37 37 47 65 65 10 47 10 47 47 26 69 47 65 27 37 39 47 27 26 50 
48 37 26 48 1 26 48 1 40 32 32 40 60 39 40 40 40 60 50 60 45 39 39 37 26 50 16 48 37 55 41 47 37 10 16 16 39 10 65 15 69 47 10 37 26 45 39 26 48 26 26 39 39 48 1 40 60 
50 40 39 40 69 10 65 47 10 55 27 55 10 10 10 32 50 3 48 26 47 59 56 8 65 37 47 65 37 37 26 26 37 55 47 26 26 26 26 26 48 48 32 40 32 32 39 50 16 16 50 63 60 22 47 65 10 55 55 66 67 47 47 10 65 
65 10 10 10 37 10 8 65 47 10 65 47 1 16 45 1 37 26 32 32 48 32 60 40 32 32 1 40 50 40 40 40 10 37 32 46 39 26 37 47 8 59 10 47 65 1 29 32 55 55 47 69 55 65 47 65 32 17 48 26 26 48 1 32 60 1 32 60 
16 16 16 40 26 59 8 10 65 10 69 47 27 22 27 10 16 23 39 26 27 15 69 10 10 10 55 10 37 37 26 26 14 26 26 37 26 26 26 1 1 39 1 39 63 40 63 60 26 37 59 22 22 8 27 27 10 65 10 8 47 10 65 65 65 26 45 30 32 26 26 48 32 40 39 32 39 40 16 50 1 26 65 
67 37 26 40 52 61 39 26 32 32 10 8 8 27 66 69 27 38 47 65 26 47 26 9 50 69 8 26 10 27 59 27 55 55 8 10 65 65 48 32 13 39 26 37 37 26 48 48 39 60 39 60 32 48 60 16 60 16 39 50 39 47 10 65 47 69 47 55 
27 37 1 30 47 65 37 55 15 27 65 37 37 37 26 32 35 48 26 26 26 26 48 1 32 1 39 39 50 39 39 50 26 22 55 65 69 22 55 27 8 55 55 65 65 65 65 10 8 47 65 65 60 
61 1 26 26 26 1 60 32 1 60 60 40 61 60 10 26 26 26 26 26 16 11 16 1 48 37 10 55 47 55 66 59 10 47 7 16 58 39 10 47 65 27 69 69 10 65 47 55 37 26 1 23 63 26 26 26 
48 26 26 50 40 1 32 26 32 52 60 40 40 16 66 59 27 10 47 47 65 10 8 47 55 69 7 55 40 47 27 11 45 39 65 10 27 8 69 15 69 65 65 65 37 26 26 65 1 68 48 26 26 26 26 26 26 48 1 
39 1 16 48 48 40 63 39 60 60 40 40 62 22 8 8 55 55 27 55 69 55 8 8 69 47 65 65 37 65 10 37 65 47 10 47 37 65 27 10 37 26 32 30 40 26 26 26 26 26 48 48 1 16 32 1 1 
1 60 40 60 40 45 1 1 26 16 26 62 60 1 67 39 16 44 26 16 58 27 66 26 27 32 39 42 10 37 65 26 26 26 10 8 66 47 41 10 26 10 6 55 48 37 37 1 
13 40 26 69 10 26 8 7 10 37 55 7 47 47 37 26 10 65 37 47 56 10 1 10 10 48 10 26 26 26 26 26 37 26 65 63 40 1 50 40 16 45 39 40 1 60 66 69 67 8 37 
37 47 65 55 47 47 7 69 47 37 55 66 58 3 3 48 27 47 10 59 38 56 65 65 55 37 37 10 37 37 37 26 28 40 48 48 48 26 26 48 48 32 39 39 48 48 39 39 60 50 40 3 60 
1 26 26 10 27 47 47 42 62 55 47 65 65 8 10 47 65 37 10 55 65 65 55 55 65 65 47 30 30 1 26 26 26 26 39 39 32 1 48 32 3 39 1 52 50 50 26 26 26 26 16 29 50 48 65 10 8 14 
47 27 15 26 26 26 10 47 26 16 15 26 3 16 53 7 15 55 26 26 55 7 15 26 47 55 55 15 65 65 8 26 65 48 40 26 50 40 24 15 37 
48 1 32 48 26 26 26 26 26 1 1 39 37 1 30 40 1 60 39 39 39 39 9 16 1 39 39 32 39 26 26 26 26 
26 44 47 37 37 10 67 26 65 59 47 55 8 10 38 55 8 67 15 69 27 27 47 37 47 27 66 10 65 65 37 10 47 10 26 26 26 26 26 26 26 26 37 37 48 39 39 1 16 50 60 60 1 45 26 26 65 59 6 10 47 27 55 69 69 69 10 37 47 65 37 
10 10 37 65 65 47 15 65 37 10 10 37 65 7 15 26 37 26 26 26 26 32 60 39 60 16 60 39 39 39 16 1 26 37 55 50 50 48 37 32 37 37 37 42 42 44 39 32 39 1 39 39 40 50 26 7 8 8 69 10 7 8 67 69 37 48 47 65 32 39 40 23 16 48 32 39 16 60 39 40 39 3 9 27 10 65 65 65 10 10 26 55 22 27 
7 62 27 40 3 11 26 41 47 10 66 37 65 38 47 47 27 26 26 26 27 15 55 8 26 10 10 8 65 37 65 65 53 26 40 9 1 26 10 48 1 26 48 48 48 1 1 60 1 48 39 1 26 39 50 16 39 32 60 
52 61 39 26 1 50 26 10 27 27 27 15 26 62 66 10 66 15 15 41 69 8 10 26 10 65 10 10 10 47 10 65 10 67 67 7 65 39 39 27 47 37 39 47 26 37 67 10 1 1 16 60 39 1 1 40 37 26 32 26 1 1 1 50 39 16 39 26 39 60 39 50 48 39 28 39 
26 1 16 39 48 26 26 37 65 26 26 26 26 16 18 32 26 26 47 22 55 26 26 26 26 26 15 27 26 27 47 47 27 26 66 26 39 47 15 26 26 26 26 26 15 27 26 26 26 66 7 65 10 15 26 15 27 47 7 26 26 26 42 15 26 26 15 
27 26 66 66 26 26 27 47 10 26 26 55 65 37 66 32 26 8 65 66 8 10 26 55 15 10 47 55 65 26 37 8 26 1 65 15 26 26 26 26 26 37 37 26 26 26 32 65 37 26 26 8 39 3 5 26 47 10 55 59 7 65 47 65 37 48 67 27 47 7 15 10 10 15 69 65 26 55 65 
26 26 55 48 26 37 65 7 15 65 26 37 8 8 8 8 10 10 47 55 47 10 10 47 26 39 39 39 26 26 26 26 37 37 26 48 48 26 48 39 1 39 16 39 40 40 39 50 60 39 65 41 8 47 69 8 22 22 27 55 37 47 66 65 10 47 65 65 27 47 8 69 10 37 65 26 47 65 50 29 26 47 1 32 32 
39 60 39 60 39 40 53 16 26 58 3 26 26 26 26 26 26 26 26 26 26 26 26 16 11 16 16 50 26 27 26 27 15 16 40 27 15 26 26 26 15 7 26 39 42 47 27 15 26 15 7 27 7 15 26 26 26 26 26 26 26 26 26 26 26 26 26 26 66 7 65 10 15 26 15 
44 40 40 44 15 26 26 26 26 26 26 26 15 42 53 16 15 27 26 26 26 26 47 7 50 39 47 7 50 39 26 66 27 58 16 26 15 44 47 27 15 26 26 26 26 26 26 26 26 26 15 27 16 39 55 47 
39 39 26 26 39 39 1 58 47 26 50 3 45 50 48 39 39 26 26 26 26 16 58 39 40 3 11 26 26 26 62 7 69 62 27 39 27 47 32 48 27 65 26 10 47 26 10 15 26 26 
26 26 26 15 7 26 39 42 47 27 15 16 53 19 8 65 47 47 42 39 26 47 50 42 26 53 42 62 19 19 15 26 26 26 15 44 47 26 47 27 10 26 55 10 8 55 65 65 37 65 65 8 8 10 65 65 8 65 26 26 65 8 8 65 26 26 10 8 39 26 22 47 47 7 15 42 27 27 10 1 10 
65 10 37 65 65 48 26 10 1 48 26 26 1 26 10 1 18 26 47 10 10 10 69 27 27 66 22 8 8 69 47 8 27 55 55 26 26 55 69 27 56 8 10 10 8 56 15 47 47 47 65 10 10 26 26 55 10 65 55 10 26 10 55 65 65 55 65 65 65 37 55 
65 26 26 65 65 65 47 65 32 26 55 65 37 10 27 48 37 37 32 55 56 65 10 55 26 65 40 28 1 10 37 48 26 26 65 32 1 39 3 53 40 65 47 37 26 59 27 10 10 8 47 66 69 65 27 8 37 10 55 10 48 24 26 26 10 6 27 65 65 47 15 65 8 8 56 55 10 
47 47 32 33 48 26 26 48 45 50 39 40 3 1 50 7 47 26 26 27 15 16 40 27 15 26 26 26 26 26 26 26 26 26 26 15 27 26 27 47 47 27 26 7 41 27 7 26 40 27 15 26 26 26 26 26 15 22 26 32 44 15 26 26 26 26 15 44 
39 26 27 26 27 15 26 26 26 26 26 55 8 47 47 32 48 42 50 27 66 26 27 26 40 27 15 26 26 15 27 40 26 42 53 16 26 26 26 15 22 32 39 48 26 26 48 48 26 48 32 1 39 1 60 16 3 3 1 1 1 39 29 16 16 53 42 7 69 15 15 27 47 42 47 27 62 27 47 42 47 27 15 
26 26 26 26 26 15 27 26 27 27 7 26 40 27 15 26 26 26 26 26 55 67 47 39 42 47 27 15 26 26 26 26 15 42 50 39 26 26 26 26 47 7 58 45 40 50 16 26 15 27 50 1 26 26 26 26 26 26 1 39 47 26 16 26 16 45 16 16 45 45 16 26 26 26 26 39 11 39 50 61 45 29 32 37 
47 8 56 47 65 23 65 10 27 8 8 10 32 12 26 26 26 70 55 47 55 69 27 55 10 27 69 47 70 65 47 27 27 10 55 47 65 37 26 26 26 26 26 26 32 16 40 60 50 60 27 22 8 10 10 47 10 8 10 65 47 10 29 
