98 134 116 98 116 48 43 47 91 125 28 131 129 42 79 139 129 129 129 18 94 99 33 30 22 79 109 40 130 129 129 70 136 125 98 1 99 134 20 50 93 119 119 28 119 119 58 87 99 77 60 140 124 61 101 60 60 72 73 140 98 
70 40 131 1 98 113 44 39 70 70 70 20 50 76 76 122 124 94 136 139 80 63 103 129 63 70 113 71 113 22 116 134 60 63 24 100 98 134 22 119 87 87 28 99 99 34 126 124 85 37 99 99 138 73 120 129 91 1 129 106 39 80 117 31 94 71 66 98 94 94 71 125 39 70 103 71 71 129 63 63 125 99 1 52 50 77 36 99 87 22 60 28 121 99 
101 60 60 127 101 140 76 50 47 34 42 91 91 91 91 91 91 91 91 91 91 76 4 92 85 63 20 91 91 63 71 1 42 91 91 10 39 103 136 129 1 100 20 91 98 27 10 91 91 91 91 91 91 91 129 108 105 28 47 39 108 42 91 91 129 131 40 39 103 1 22 70 106 71 134 22 134 63 20 20 85 17 76 22 22 22 98 116 105 99 22 60 60 60 8 120 36 61 47 37 43 96 13 101 22 10 89 116 
125 113 125 116 98 103 129 79 106 139 70 20 108 129 91 91 91 91 50 91 136 20 20 139 70 103 129 89 63 125 1 1 63 94 66 63 89 22 22 22 39 124 22 39 42 22 76 85 20 42 22 22 22 22 22 22 22 22 22 22 60 50 124 137 138 85 85 29 132 137 73 101 32 108 79 129 91 129 40 39 79 129 42 57 20 125 134 1 
103 103 63 103 103 94 94 71 20 20 125 1 63 94 66 99 28 124 61 50 50 96 22 66 119 119 116 121 28 77 33 96 96 85 72 85 43 33 120 77 76 99 28 105 134 70 91 91 91 91 42 20 91 89 98 98 40 1 91 40 129 91 1 70 1 31 27 103 129 1 91 1 70 1 125 20 31 1 124 20 42 91 91 91 
42 20 91 20 20 31 131 91 131 129 129 139 40 94 40 131 131 129 98 94 129 98 66 
125 1 125 94 71 134 129 91 91 76 28 63 91 105 91 91 116 116 22 22 22 42 1 22 22 22 129 103 106 117 40 39 106 20 115 113 130 115 123 70 40 70 108 10 20 124 71 134 103 94 99 125 20 139 129 91 42 39 63 91 63 39 42 91 42 108 20 29 50 92 77 91 20 63 136 1 91 91 129 70 89 91 63 70 129 70 106 117 91 91 70 66 99 125 71 71 98 91 91 134 100 103 79 110 1 91 91 66 71 58 116 116 121 116 66 121 91 99 28 91 91 91 91 91 20 63 63 39 10 100 117 20 106 98 98 131 108 35 40 44 136 94 31 40 108 10 20 85 91 108 108 
42 91 42 114 91 114 42 91 91 91 1 18 108 91 91 
63 40 70 131 103 31 94 1 125 63 125 105 113 91 28 113 1 125 136 20 63 125 125 134 134 136 129 70 94 98 85 39 125 124 91 91 91 33 28 22 22 22 22 22 22 22 22 22 22 22 42 40 134 134 31 94 109 139 63 79 70 125 66 98 100 109 106 129 139 103 31 117 7 42 91 91 91 91 91 91 91 76 8 8 76 91 91 91 1 113 91 103 27 89 70 129 42 39 
89 40 28 63 22 33 88 122 20 124 28 100 63 103 130 40 103 70 136 94 40 129 129 117 22 22 1 40 124 85 17 8 101 129 1 60 22 66 116 116 28 60 22 22 22 99 47 122 52 137 61 122 85 101 137 96 29 8 96 85 29 22 71 98 66 103 100 39 39 117 66 87 124 63 26 92 52 125 125 113 70 44 136 27 106 113 40 71 71 66 116 
91 91 25 116 116 91 105 119 119 87 58 140 77 85 85 72 124 96 101 85 111 109 103 94 94 115 89 106 94 139 139 63 129 131 71 98 66 71 20 40 128 63 125 103 71 58 48 59 28 91 87 119 22 66 99 77 76 132 126 140 140 101 132 76 28 113 
129 91 91 91 76 8 54 122 91 91 91 91 20 42 42 55 20 40 129 91 91 42 39 91 85 89 20 26 4 91 7 1 1 42 42 20 91 89 89 91 20 91 85 20 42 42 20 85 22 108 89 91 20 42 91 91 91 22 1 116 66 116 58 99 22 22 22 60 54 33 101 101 26 39 52 120 36 76 
61 29 37 79 51 42 22 42 89 66 125 20 63 103 103 116 105 91 125 98 98 94 125 71 20 139 10 42 108 79 129 91 91 91 91 76 4 76 76 52 125 139 129 22 1 103 1 108 63 1 70 1 1 136 113 134 66 134 125 103 103 98 98 139 89 89 139 10 51 108 63 124 52 
134 66 99 58 22 22 22 119 28 140 99 22 60 8 50 54 36 52 77 85 85 101 50 61 122 85 124 31 136 42 42 79 63 99 63 70 129 42 108 89 20 32 20 20 100 1 91 1 113 66 70 94 91 20 
136 91 1 129 1 129 103 27 27 103 129 1 40 131 103 22 124 39 50 50 22 50 22 71 28 105 22 105 99 121 22 22 34 34 47 52 37 34 
124 43 86 126 37 101 22 116 86 60 125 103 129 130 113 125 5 103 94 27 113 113 98 97 121 105 28 29 137 37 63 124 121 66 63 63 31 136 10 79 
27 139 129 1 100 22 47 39 22 85 22 2 124 114 20 71 28 20 129 129 89 63 7 129 22 42 57 103 58 1 136 134 22 22 22 22 22 22 22 22 22 22 1 98 66 105 105 22 58 140 22 22 76 4 61 8 52 20 22 122 61 8 8 
60 1 42 91 42 108 20 29 55 79 79 129 129 108 20 79 1 98 110 70 139 129 134 63 31 63 129 136 70 18 117 63 40 91 66 42 91 1 71 91 22 105 87 58 28 77 34 36 88 4 61 8 91 91 91 91 
91 91 91 91 76 17 85 20 63 91 63 20 85 91 89 71 1 91 85 20 42 76 124 40 70 89 85 91 39 20 39 42 91 91 91 91 91 10 27 98 63 125 66 89 134 28 124 40 129 91 91 91 91 91 91 91 91 129 125 121 91 121 91 1 47 101 129 89 85 91 108 108 42 91 42 39 63 91 63 63 39 40 91 1 1 91 
91 91 1 63 63 71 103 89 20 20 42 91 91 91 91 91 91 98 103 91 99 76 22 98 103 60 99 22 22 60 73 101 77 47 47 101 22 22 28 28 116 58 28 22 77 8 96 22 76 13 77 121 58 121 58 99 121 99 99 1 137 94 27 131 59 66 94 136 63 113 125 134 126 50 121 119 119 58 59 126 36 108 
136 131 125 113 131 1 98 134 48 58 121 99 85 77 126 47 101 134 131 91 71 20 131 66 111 28 140 137 112 85 77 63 63 125 91 125 125 1 60 91 136 129 91 91 129 79 89 89 129 91 91 129 
89 91 91 63 39 29 63 91 33 33 91 63 29 20 131 124 20 42 91 91 42 20 63 114 91 125 136 42 91 91 22 22 1 40 125 71 20 22 39 124 91 20 91 20 42 91 91 91 91 91 91 42 114 26 101 91 91 91 91 91 91 91 91 91 91 91 91 91 91 91 91 121 121 116 1 91 22 22 22 22 22 22 22 101 28 99 122 52 76 22 116 58 58 22 99 140 22 124 12 12 77 77 85 124 101 96 28 47 28 119 124 140 28 34 98 99 85 36 91 91 91 10 89 1 89 42 42 114 29 20 89 91 91 63 136 1 91 91 91 1 40 1 63 94 63 89 71 
1 91 60 1 10 63 77 91 39 1 63 91 39 124 91 89 71 131 129 91 91 91 91 91 129 40 63 91 91 89 89 85 91 39 42 91 91 91 91 91 91 91 91 91 91 91 91 91 91 91 91 101 33 124 91 122 99 99 99 91 99 99 134 91 8 85 122 61 8 33 101 91 91 91 91 91 91 99 99 125 91 8 39 76 124 101 60 113 91 33 8 76 91 91 91 91 91 42 39 20 63 29 114 42 91 42 114 91 114 42 76 85 20 91 30 122 58 99 63 70 129 22 22 22 10 39 70 129 22 22 1 136 63 20 63 22 63 39 22 85 22 22 42 71 58 28 22 103 
22 121 99 101 22 22 101 8 124 124 122 22 1 47 101 22 22 22 101 73 12 36 76 61 124 99 29 137 59 34 22 
85 76 77 77 98 123 66 52 60 129 44 71 66 91 102 119 119 58 8 77 37 36 40 103 94 125 113 
136 94 116 53 87 121 60 85 120 12 47 101 91 91 91 91 91 91 76 4 61 52 63 129 129 91 129 39 63 94 63 89 42 91 42 39 20 89 71 1 91 50 91 91 91 91 20 20 20 85 20 70 130 109 79 125 98 40 40 1 58 125 20 63 20 124 125 131 91 91 91 1 63 91 87 28 134 134 47 60 22 96 37 101 22 134 99 137 77 72 33 47 34 137 8 72 77 52 37 99 47 77 124 60 131 70 131 
22 139 94 91 91 94 129 125 91 103 1 1 94 136 70 91 66 139 129 91 91 42 39 20 39 42 22 22 22 76 30 8 85 63 39 47 124 108 129 22 22 42 79 27 1 22 136 1 22 129 131 63 20 22 22 20 125 99 124 39 134 113 1 22 22 22 22 91 91 91 91 91 91 89 70 22 87 22 134 116 121 66 134 22 99 101 22 22 76 54 76 22 116 58 99 60 137 126 37 96 96 12 34 73 77 47 137 60 136 35 63 63 39 10 39 63 63 39 42 91 91 42 39 63 91 63 89 71 
1 42 91 91 129 40 63 125 125 20 31 131 1 66 121 71 70 103 63 125 31 20 139 22 77 63 10 1 47 101 60 77 101 22 124 33 28 140 60 22 22 22 22 76 77 99 77 8 28 47 101 22 22 22 61 8 77 101 61 8 77 43 76 124 76 63 94 113 1 91 77 93 101 99 99 125 40 40 31 31 20 1 63 32 
89 91 124 63 20 52 54 33 85 66 136 139 40 139 115 106 27 125 113 115 22 134 89 29 29 17 96 22 134 28 22 116 58 85 99 60 122 99 28 77 120 77 37 120 43 137 101 129 110 1 116 98 125 103 94 94 63 136 66 124 63 39 10 39 20 89 71 1 42 76 4 26 63 63 91 63 20 89 95 70 108 1 103 1 91 134 1 129 134 98 20 
20 98 113 129 91 91 91 91 129 79 23 70 134 116 140 91 1 87 99 28 22 22 22 76 124 77 12 101 60 28 77 52 126 126 85 96 72 85 120 42 7 91 134 129 1 1 129 103 40 108 40 95 39 100 71 98 106 1 113 94 71 134 103 103 1 91 1 136 94 63 106 113 125 125 103 106 1 71 
94 63 22 63 4 33 101 1 71 99 22 134 121 101 22 101 76 60 101 124 87 22 28 101 43 126 47 43 85 96 126 101 76 91 91 91 129 70 20 50 4 61 77 91 136 70 131 131 20 1 91 31 100 35 20 39 42 76 60 1 91 17 124 114 91 58 99 91 39 42 42 39 20 35 98 134 106 
129 98 134 63 31 71 4 30 101 22 22 1 40 47 101 22 22 76 36 12 137 66 58 140 28 61 122 8 137 124 13 12 43 124 42 18 94 125 116 1 63 113 106 109 63 139 40 40 31 63 89 29 91 91 32 117 71 40 40 1 70 79 106 139 117 1 116 91 125 1 94 71 87 28 91 4 
47 124 58 87 91 91 22 22 99 140 99 77 124 34 85 34 120 138 124 101 59 72 124 91 1 100 115 131 129 91 129 108 63 63 108 108 136 94 63 
125 66 98 94 1 63 94 31 125 134 1 63 71 113 130 98 18 89 58 99 22 50 15 99 105 66 116 60 58 22 101 29 101 140 34 99 140 61 120 126 84 120 101 72 101 47 1 42 76 4 92 60 134 136 1 91 91 129 79 108 10 136 27 89 29 39 124 17 85 124 131 89 63 125 
136 10 39 20 27 40 1 1 125 125 40 22 58 22 39 26 33 33 101 22 22 1 71 58 101 60 124 85 22 85 29 60 28 140 34 36 60 15 96 72 77 52 73 27 91 60 31 27 134 125 40 130 20 94 136 130 1 129 70 89 20 52 8 76 101 47 22 22 131 70 79 79 129 40 113 125 136 134 1 136 116 
116 98 91 91 1 103 1 89 24 70 134 116 22 22 87 22 66 58 34 22 101 126 124 101 140 34 26 47 47 137 77 59 138 101 136 20 70 103 121 136 139 91 131 31 20 39 10 136 31 39 131 116 116 91 63 98 125 136 103 1 103 134 134 94 94 129 63 63 125 125 106 113 71 1 
31 124 22 85 61 53 28 22 22 28 28 99 85 22 124 99 60 34 140 34 124 122 126 137 36 72 54 101 101 91 113 63 58 104 126 34 99 113 103 136 20 115 82 20 116 58 20 91 4 4 42 20 103 94 89 44 130 1 1 113 71 71 134 85 62 58 121 121 66 134 28 12 77 77 60 140 28 47 37 77 77 52 37 91 91 40 115 129 125 125 136 44 63 63 20 70 42 39 63 63 20 91 85 17 
124 63 89 71 131 70 100 35 10 103 94 136 134 103 66 119 134 129 1 91 91 91 91 91 91 91 66 134 22 119 125 22 125 52 76 101 85 101 137 101 60 118 101 60 59 50 43 50 108 39 71 131 129 129 108 63 63 39 10 39 20 63 103 98 131 70 71 63 63 66 66 94 98 125 103 63 103 94 94 105 139 94 125 136 66 124 63 20 22 122 
28 116 22 28 60 22 28 60 12 99 99 137 120 77 85 126 126 36 73 85 8 101 77 66 116 73 52 28 66 131 79 94 134 113 76 96 101 113 113 128 115 63 103 66 116 8 77 119 87 105 105 47 101 28 60 137 120 
29 12 77 137 139 113 125 63 103 129 136 129 103 103 103 99 73 33 121 91 63 44 70 106 71 134 63 125 66 71 116 91 66 129 131 116 91 116 116 119 58 87 140 96 28 99 101 73 52 37 73 59 85 108 63 71 103 31 130 89 70 131 131 113 98 
125 103 103 1 71 113 106 71 63 1 98 94 60 76 8 60 116 116 140 99 58 28 36 137 99 140 34 137 122 137 126 137 113 134 99 75 77 91 134 63 40 123 103 63 125 34 30 140 129 31 94 139 130 125 63 98 99 45 28 119 119 58 60 140 120 34 140 36 
72 76 52 137 91 95 106 113 71 1 115 94 27 108 20 1 52 88 101 91 20 42 115 103 113 113 31 103 66 66 105 91 78 116 116 66 116 22 119 60 34 101 60 124 59 12 138 36 22 66 95 108 80 130 20 136 113 71 113 40 63 113 98 71 125 22 8 127 140 22 22 121 140 12 124 99 47 137 37 43 60 91 98 
70 134 91 85 92 54 101 91 99 99 103 106 40 20 18 139 136 35 63 71 91 131 91 15 122 139 40 105 1 20 44 20 31 130 40 1 98 125 121 140 11 101 22 134 116 116 58 58 77 36 101 85 99 28 120 76 85 37 124 122 77 94 103 98 94 115 63 129 
20 134 34 21 63 113 134 31 128 20 125 66 66 66 116 28 62 28 91 116 119 119 58 60 28 34 47 77 29 77 101 122 22 108 130 125 115 56 129 136 27 130 131 71 125 125 98 103 40 131 98 125 36 
132 60 119 119 119 60 36 99 60 36 120 137 112 120 1 91 91 91 91 91 76 4 76 60 121 134 113 130 63 129 89 44 1 63 39 52 26 101 103 63 125 136 115 115 103 113 94 31 134 116 124 118 59 22 116 119 
28 22 22 43 137 34 140 87 99 92 36 126 137 76 89 95 136 103 94 94 125 1 106 94 31 139 39 31 85 63 20 4 8 124 98 113 20 106 115 42 115 125 71 98 116 116 116 71 60 74 87 91 91 91 116 116 119 58 60 
47 34 37 58 58 126 59 47 36 77 126 137 10 108 106 40 129 129 136 129 139 31 106 106 139 94 71 71 134 98 113 134 71 131 103 131 71 71 20 113 66 22 99 13 96 22 22 22 22 22 28 28 60 37 99 34 60 
60 36 126 36 137 8 34 34 91 76 91 10 36 140 70 124 52 25 91 76 26 20 89 91 20 99 77 114 103 71 98 91 91 91 1 106 89 63 79 1 91 1 82 129 121 71 134 60 
11 137 91 139 1 91 27 39 1 134 31 39 94 63 134 116 1 98 134 63 70 103 60 1 113 58 1 91 91 22 22 116 116 116 98 59 126 60 73 85 52 135 101 137 34 85 89 115 109 40 71 
66 94 98 31 63 131 95 139 94 71 31 89 26 61 33 58 136 63 1 95 35 115 125 71 130 71 134 113 66 116 134 91 93 96 58 58 87 91 22 28 58 28 124 47 28 28 124 101 36 73 126 33 120 
60 91 91 1 20 63 94 57 10 129 94 98 98 40 1 131 71 134 103 31 125 98 131 117 125 98 63 13 13 60 22 22 22 22 101 47 140 34 121 99 107 47 34 92 43 43 91 91 91 91 76 30 122 58 125 103 40 23 
63 20 42 91 91 91 1 63 91 76 42 91 61 52 50 39 100 129 91 91 129 39 100 91 131 129 129 100 98 125 40 91 125 58 85 91 29 85 2 42 134 
28 140 140 28 22 22 22 22 22 60 34 101 134 60 13 96 60 77 101 77 47 77 15 76 60 77 101 99 124 91 91 91 91 
91 25 63 66 134 103 70 91 98 44 94 129 40 1 35 117 106 70 42 139 20 136 63 134 94 136 89 1 98 113 134 113 131 1 91 91 91 91 91 91 91 91 66 116 28 101 77 34 52 43 36 120 60 8 91 91 98 44 83 1 94 20 130 139 139 115 113 134 94 125 134 
103 113 134 113 125 94 128 125 134 1 113 66 71 39 42 22 134 22 22 22 105 99 120 77 36 52 85 77 77 77 37 60 91 66 129 29 73 58 134 99 116 71 66 32 32 55 77 140 124 60 47 101 96 29 22 39 106 40 139 103 39 40 70 139 66 58 131 71 99 124 85 88 52 28 99 101 52 36 77 85 101 33 15 20 103 125 125 98 1 1 91 129 108 20 
39 10 20 85 61 4 22 79 63 1 18 134 98 35 63 63 20 22 22 22 20 42 129 40 22 1 1 27 125 66 125 71 50 22 85 15 60 22 1 58 124 105 28 28 28 34 140 120 34 28 77 124 116 77 73 52 124 99 36 
92 54 101 22 60 29 91 1 20 20 20 42 91 10 89 1 89 42 42 79 139 40 1 91 1 113 113 103 113 63 103 125 1 70 70 39 71 101 124 20 63 134 124 131 116 134 70 1 60 60 76 36 77 34 60 96 134 22 99 116 60 34 60 122 77 52 77 22 77 36 101 122 28 77 93 101 
22 60 76 101 87 119 91 134 98 91 91 91 91 76 6 99 91 91 63 108 129 91 91 91 91 91 42 20 91 20 63 63 20 91 89 91 77 63 42 91 91 91 91 91 42 20 91 91 91 89 39 71 1 42 91 42 20 63 39 91 91 91 114 42 91 91 42 
20 91 89 89 91 91 20 63 1 91 91 129 125 134 89 99 22 40 98 89 106 1 22 129 100 1 94 31 125 22 134 40 22 124 71 42 91 91 91 91 22 134 66 119 22 105 99 98 66 105 22 40 124 61 17 22 63 103 131 95 39 125 63 125 134 28 70 136 63 39 100 1 1 128 139 71 116 129 98 
22 22 129 28 91 134 125 110 100 125 116 134 106 40 106 106 103 1 63 129 94 1 113 63 91 124 77 101 91 91 91 91 66 134 22 28 121 87 28 77 124 124 37 101 126 96 101 122 36 77 98 79 40 94 115 106 56 56 136 129 134 94 89 125 113 63 98 98 20 63 27 115 113 71 98 22 131 125 122 30 22 63 60 99 99 
124 77 77 120 124 96 86 52 22 26 33 91 91 91 91 91 91 91 91 91 91 91 91 76 4 76 76 122 91 20 91 20 42 76 85 20 42 91 91 91 42 39 91 124 114 63 20 42 91 42 39 20 39 42 91 91 91 91 91 91 91 91 91 91 91 91 91 91 89 39 71 1 42 91 42 
55 85 85 55 42 91 91 91 91 91 91 91 42 114 50 76 42 20 91 91 91 91 63 39 29 124 63 39 29 124 91 89 20 26 76 91 42 55 63 20 42 91 91 91 91 91 91 91 91 91 42 20 52 101 129 131 
47 101 22 22 101 47 60 26 63 22 122 61 8 122 28 47 101 22 22 22 22 76 26 124 85 61 4 22 91 91 10 39 139 10 20 124 136 94 99 58 20 125 91 1 131 91 1 42 91 91 
91 91 91 42 39 91 124 114 63 20 42 76 50 7 40 71 63 63 114 124 91 63 29 114 91 50 114 10 7 7 42 91 91 91 42 55 63 91 63 136 1 91 129 103 106 117 71 125 71 98 71 40 40 103 125 125 40 125 116 22 71 40 106 98 22 91 1 40 47 91 108 63 63 39 42 32 136 136 1 140 103 
98 1 71 98 71 28 116 103 60 121 116 22 60 22 113 60 6 22 63 1 113 103 139 136 136 18 108 40 106 139 94 106 136 31 129 91 91 129 139 20 70 40 1 1 40 70 100 63 94 94 125 103 1 91 105 117 103 125 129 1 91 1 129 125 125 31 71 98 113 66 129 
98 91 91 98 71 71 63 125 99 91 31 98 66 1 136 121 66 116 99 129 70 113 103 31 22 125 85 93 60 1 134 121 119 116 98 99 60 101 33 50 96 125 131 66 22 95 136 1 103 40 94 89 115 71 20 27 66 103 117 1 58 2 91 116 113 83 136 98 98 63 42 113 130 27 70 117 1 
63 94 99 49 87 22 119 58 8 73 101 137 107 34 29 39 63 91 91 20 42 76 85 20 42 91 91 91 91 91 91 91 91 91 91 42 20 91 20 63 63 20 91 39 79 20 39 91 85 20 42 91 91 91 91 91 42 108 91 99 55 42 91 91 91 91 42 55 
124 91 20 91 20 42 91 91 91 91 91 129 40 63 63 99 28 114 29 20 89 91 20 91 85 20 42 91 91 42 20 85 91 114 50 76 91 91 91 42 108 99 124 28 91 91 28 121 105 58 99 60 47 60 36 52 33 33 60 60 60 101 30 76 76 50 32 39 139 42 42 20 63 114 63 20 10 20 63 114 63 20 42 
91 91 91 91 91 42 20 91 20 20 39 91 85 20 42 91 91 91 91 91 129 70 63 124 114 63 20 42 91 91 91 91 42 114 29 124 91 91 91 91 63 39 26 8 85 122 76 22 42 20 122 60 22 22 22 22 22 22 60 77 131 22 52 22 52 8 76 76 8 8 76 22 22 22 22 101 4 124 122 54 8 30 140 66 
94 40 70 63 113 88 98 103 20 106 106 1 99 19 91 22 119 104 129 63 31 115 136 129 103 20 115 63 104 125 131 20 20 1 31 94 71 66 91 91 116 116 22 119 99 96 96 36 122 77 136 108 106 113 103 63 103 40 103 125 63 1 30 
