115 151 99 93 75 157 52 113 150 111 70 105 118 117 157 160 160 160 160 41 29 100 42 112 149 1 1 134 37 34 58 80 43 104 31 81 47 43 134 42 160 34 53 153 137 42 101 88 106 
47 4 118 160 141 36 36 77 151 81 9 113 150 97 6 6 105 150 70 87 1 42 138 145 1 58 63 154 112 134 134 122 104 52 52 101 154 122 122 112 1 98 1 34 101 110 106 57 57 138 160 112 160 54 160 160 137 
93 151 141 141 36 36 77 157 104 92 100 81 111 152 70 9 9 136 152 15 80 34 61 87 34 160 58 58 80 85 87 85 58 140 140 85 80 145 11 101 122 149 43 57 122 158 101 36 36 105 132 115 77 93 151 36 36 77 157 56 143 33 119 104 105 48 82 92 111 140 122 160 152 81 147 27 113 122 11 122 58 53 53 134 42 24 24 84 101 104 100 27 100 47 
160 38 134 57 84 58 85 53 58 112 106 106 140 33 147 71 75 110 141 77 77 67 93 67 92 136 72 104 81 105 81 52 105 74 84 140 101 24 149 1 34 63 
1 58 37 122 107 27 160 41 132 101 80 34 1 103 87 37 1 130 140 122 103 24 112 36 59 36 132 54 123 104 36 140 148 77 36 36 36 36 77 33 124 143 33 71 111 70 33 71 90 14 135 80 34 13 158 103 84 106 88 158 42 80 36 124 148 151 151 93 115 144 136 115 159 
75 148 123 147 115 141 88 153 68 154 1 112 11 92 27 92 106 42 11 42 89 80 63 11 77 99 22 152 36 77 77 77 157 124 71 67 71 113 124 41 111 24 149 140 101 154 24 158 160 105 111 160 
24 80 13 137 42 145 106 141 140 3 123 77 77 36 77 136 124 
81 111 97 27 105 51 1 142 153 87 129 74 34 84 112 24 57 57 87 87 57 77 105 4 104 6 151 151 105 52 72 99 136 123 111 111 151 150 71 141 106 101 142 103 80 112 67 9 113 24 42 42 153 85 103 42 122 47 114 93 77 77 77 6 100 124 115 71 119 137 137 42 149 158 84 43 42 149 34 101 147 47 84 87 158 87 121 85 101 122 145 106 77 54 67 36 36 77 151 93 92 92 27 152 67 147 71 137 51 51 137 36 137 50 
37 24 80 42 42 101 149 158 112 42 149 140 112 112 11 57 153 
122 110 140 149 42 88 77 11 34 93 3 152 36 122 110 77 36 87 101 36 80 58 1 158 154 80 1 42 63 130 80 38 63 63 63 87 80 160 160 80 38 47 41 160 160 150 101 101 101 38 42 112 80 137 116 43 38 42 112 80 80 34 38 80 87 137 137 7 66 101 116 101 42 58 80 42 74 154 87 12 42 42 14 132 90 52 
108 36 112 106 77 15 55 55 137 80 34 53 80 80 153 86 60 34 43 104 104 1 130 84 84 80 80 34 38 103 84 58 80 80 87 134 137 36 36 41 29 52 47 7 93 36 53 42 110 34 50 101 1 50 158 101 87 145 122 36 36 36 36 36 36 80 1 104 41 160 160 80 
138 77 141 110 141 36 141 106 145 99 92 41 36 14 137 36 34 53 140 140 149 80 1 135 53 80 80 34 38 101 116 137 160 160 137 51 51 137 160 137 14 160 14 160 47 38 80 160 160 160 137 116 160 104 7 160 47 160 160 38 
80 160 137 101 105 160 51 160 47 38 38 160 43 137 36 36 137 116 101 101 101 150 53 104 18 41 36 36 36 80 42 67 36 112 99 111 36 80 38 47 27 59 41 36 36 36 36 36 36 36 36 36 137 14 36 14 137 36 137 116 43 116 12 42 11 38 43 85 101 
160 160 160 160 160 41 47 43 137 160 160 160 160 43 43 116 160 47 43 137 137 51 51 137 137 51 43 150 53 101 104 54 132 160 104 101 51 137 137 116 36 101 98 80 36 137 14 36 53 101 43 36 100 18 41 36 36 36 36 36 36 36 36 36 36 
36 36 36 36 41 59 27 47 43 137 36 137 51 51 137 36 137 116 43 116 137 36 137 51 43 150 53 101 43 160 160 137 14 150 43 38 160 43 137 160 160 160 137 51 
51 137 160 137 116 101 104 100 41 41 132 14 137 137 116 43 116 137 137 14 36 53 101 36 36 43 137 160 160 160 160 160 160 
160 160 160 160 160 160 137 42 93 77 110 11 115 111 36 36 36 36 36 36 36 41 59 41 36 36 41 47 43 137 137 116 43 116 137 
36 36 137 116 101 101 116 137 137 116 101 101 116 36 152 42 36 47 43 137 80 137 51 51 12 98 58 1 137 24 112 37 153 101 57 112 110 106 101 112 84 1 37 158 141 106 103 75 93 36 36 36 36 
36 151 36 36 99 108 143 40 143 6 157 115 70 59 92 115 106 110 160 160 160 160 160 1 106 11 158 42 42 53 50 154 101 42 43 104 31 150 1 80 110 140 101 101 84 
37 24 24 137 24 149 103 77 112 78 146 122 36 110 138 110 77 93 115 41 9 45 70 45 152 33 69 70 118 47 134 158 57 103 42 80 87 87 43 53 1 24 101 101 160 43 39 50 
34 140 58 53 42 1 12 103 158 80 42 112 138 110 106 122 160 160 160 160 160 160 160 36 151 93 119 52 70 33 104 108 52 27 107 148 45 47 43 137 160 160 137 7 101 43 137 137 55 84 112 80 160 80 34 43 101 43 160 43 137 160 42 85 43 151 110 43 140 160 160 140 101 
149 34 34 106 11 24 151 36 158 80 140 93 1 1 103 84 101 24 101 43 47 18 123 152 75 93 141 36 75 151 152 67 92 113 33 113 33 6 93 104 70 111 124 143 105 93 
103 160 108 112 42 160 111 123 47 18 104 160 160 160 101 80 42 160 34 34 43 14 101 38 34 34 43 101 43 160 104 54 54 104 160 43 101 101 43 101 1 80 12 101 24 130 140 87 34 101 11 106 101 53 36 36 36 122 88 99 36 77 151 108 124 157 105 70 59 36 123 113 92 143 27 116 101 104 106 24 42 140 106 160 140 112 160 112 42 160 80 38 101 7 12 116 43 
57 140 160 160 160 43 160 59 54 104 160 38 38 160 43 137 137 58 38 43 101 84 140 1 87 77 77 50 122 151 101 101 101 137 160 41 18 100 160 43 123 93 141 112 151 108 75 160 160 36 36 105 81 105 113 31 105 151 6 115 70 33 111 123 70 70 115 42 24 134 153 80 60 86 85 42 1 80 85 85 140 154 153 101 122 140 110 11 42 112 43 130 34 24 160 160 42 38 
44 123 105 93 141 6 36 140 93 33 97 111 143 107 115 115 124 92 92 47 70 41 
160 160 160 160 160 41 18 47 151 11 158 34 110 80 1 154 120 122 42 130 158 101 101 84 80 160 160 137 84 141 138 58 153 34 120 112 80 1 160 122 134 80 101 132 90 147 111 42 110 151 36 106 77 152 152 124 92 92 105 157 97 82 45 70 81 124 112 149 112 101 140 110 63 74 87 51 24 112 63 80 43 34 160 137 55 65 112 11 80 63 116 1 80 63 24 24 1 84 57 42 101 42 112 140 
110 160 106 145 110 91 160 160 160 160 141 141 36 151 99 67 6 107 47 45 92 136 47 99 45 119 107 105 160 80 98 38 101 11 87 51 160 38 51 137 160 80 58 130 80 160 80 1 1 57 103 85 122 160 122 42 88 112 58 11 145 140 77 112 87 84 84 42 80 129 106 106 98 160 29 31 99 160 160 36 36 106 106 36 70 147 27 41 104 1 60 58 24 
130 80 51 74 74 37 57 149 42 160 160 160 160 122 101 115 28 70 115 160 160 84 34 84 42 55 42 42 137 42 58 74 122 140 87 160 113 18 41 137 43 160 43 43 80 11 112 1 80 154 129 85 110 112 37 24 42 36 104 23 81 141 77 99 36 140 93 36 38 44 27 75 103 122 36 36 1 86 
58 12 98 129 63 103 11 88 58 160 137 116 160 106 158 149 160 140 84 80 80 80 153 130 1 103 1 116 43 43 101 140 1 160 18 47 160 160 43 101 101 116 138 101 98 160 116 85 154 112 140 63 103 122 112 85 110 88 160 100 160 160 137 110 36 77 110 141 77 141 36 27 59 41 36 36 36 24 43 158 129 137 134 83 
122 138 158 24 24 160 137 51 51 138 84 34 11 98 134 80 137 116 53 103 42 34 84 101 84 11 140 153 122 160 106 87 80 87 80 57 112 130 84 80 85 150 160 54 113 108 151 36 36 141 106 108 157 118 147 36 36 149 24 24 84 98 58 80 
60 61 80 37 158 42 122 110 160 122 110 152 111 137 101 44 41 41 152 84 34 84 160 1 43 160 43 34 34 58 130 153 1 42 160 160 160 160 160 160 160 80 34 101 99 129 103 141 154 42 110 12 85 112 103 106 106 11 11 
101 42 123 28 111 42 160 77 36 110 110 87 47 28 152 36 75 151 140 53 80 38 12 80 102 24 112 24 110 141 140 12 134 87 140 106 106 11 11 160 24 101 1 149 84 135 80 80 34 38 85 103 77 93 160 115 46 100 160 87 140 
104 38 38 43 101 42 137 116 51 80 138 24 145 138 101 112 138 160 85 24 42 160 41 59 92 111 122 110 110 141 77 75 36 87 123 128 
36 103 57 42 112 84 116 84 135 38 84 149 57 1 101 160 137 51 51 140 11 80 137 51 51 12 98 1 149 80 42 160 106 80 153 24 106 112 24 88 63 42 57 74 63 24 122 160 24 140 88 42 111 90 19 33 
75 36 36 36 36 36 36 41 147 150 33 11 138 140 24 121 80 140 91 53 120 145 106 103 42 122 160 160 160 160 160 160 111 19 9 92 93 101 112 84 53 43 101 98 1 24 134 129 110 151 101 137 160 160 160 80 80 130 24 103 122 112 58 37 87 63 158 11 138 24 
149 24 58 32 134 122 36 36 36 36 36 152 31 90 123 36 110 80 58 85 53 80 87 91 154 84 112 106 11 58 130 149 149 11 160 106 80 24 85 130 158 154 80 34 87 149 140 104 101 116 160 59 54 104 160 43 101 122 42 134 80 80 
50 154 84 101 42 57 138 122 11 138 85 122 160 80 98 79 103 160 77 151 36 141 110 77 111 41 3 104 122 80 122 42 80 58 13 37 38 101 24 106 11 12 87 85 60 80 53 51 120 129 103 101 42 80 80 57 42 57 80 80 112 43 84 11 106 43 104 28 111 160 36 36 36 36 111 20 52 36 80 
85 38 154 37 38 87 74 85 84 160 160 160 160 160 111 28 33 160 11 87 153 158 158 38 34 80 24 141 11 160 80 34 43 43 80 24 158 158 38 58 140 158 101 149 140 17 160 160 77 77 36 36 36 70 31 122 24 85 37 80 37 37 87 85 11 112 149 153 122 122 24 42 63 129 
80 58 63 24 85 101 84 80 160 160 160 80 154 158 101 130 42 1 121 24 80 101 138 57 112 140 112 112 112 91 160 160 141 141 160 141 110 77 40 36 42 149 85 87 1 135 89 1 42 101 153 87 
83 140 149 135 38 68 34 24 80 1 112 24 24 42 57 24 74 149 84 84 57 84 140 160 106 52 54 151 160 160 36 36 36 36 36 36 111 46 36 1 42 51 98 116 1 38 37 42 80 1 160 160 160 152 31 27 160 160 160 137 153 34 87 51 1 24 34 160 
160 80 58 130 58 84 130 87 153 84 57 11 145 160 76 99 160 36 36 36 157 156 99 101 85 13 61 60 34 137 80 87 141 11 84 24 134 101 153 13 74 140 97 4 52 137 130 149 43 137 34 116 101 
138 112 112 106 42 58 146 55 110 36 36 141 36 157 31 31 99 36 24 38 84 116 130 42 80 101 137 137 116 43 51 80 160 137 51 38 160 43 
12 51 38 160 140 84 80 80 84 11 103 42 85 140 106 101 42 138 160 80 80 61 42 106 53 101 11 106 93 101 47 90 52 99 152 151 36 36 36 36 36 
111 18 104 47 101 101 87 12 63 85 94 86 1 58 140 160 160 160 160 160 160 111 20 123 123 122 87 1 42 134 53 34 80 80 34 38 43 160 160 160 43 160 59 59 160 43 104 42 42 42 
158 43 57 106 42 34 1 87 34 106 122 63 158 42 122 84 87 146 62 80 160 106 141 77 36 138 77 75 36 111 46 47 43 38 134 42 80 83 80 153 60 
1 38 34 84 103 34 134 103 110 138 42 11 77 84 37 42 101 116 101 134 34 87 130 103 77 42 160 113 18 160 43 104 93 11 51 101 42 58 80 137 116 43 85 
85 158 138 106 24 149 122 103 138 151 11 80 137 39 98 42 138 141 36 36 141 141 106 77 70 46 104 101 85 84 141 103 37 74 51 86 85 42 138 138 103 80 
80 160 137 55 137 12 38 140 140 101 24 24 1 80 87 149 106 140 149 1 11 112 38 112 57 140 58 158 141 33 36 14 132 59 105 152 36 
141 77 99 36 36 41 18 36 43 101 87 42 80 50 85 58 34 83 34 36 122 1 11 122 42 112 99 111 160 41 18 151 106 87 80 80 37 153 87 137 160 
80 83 101 11 84 42 160 160 160 123 160 34 43 101 103 84 58 53 134 1 1 24 110 110 160 160 53 160 77 75 151 106 11 151 99 41 44 104 101 87 42 122 153 153 1 60 134 83 42 112 
57 140 43 151 151 158 85 160 138 34 112 1 130 1 43 135 158 84 58 84 160 42 137 160 
160 160 160 160 116 101 140 149 87 51 153 1 85 158 106 138 84 140 88 1 160 47 123 20 105 160 110 36 36 36 111 
152 117 113 99 101 112 85 134 106 154 154 24 1 84 140 80 51 116 93 160 87 34 1 101 38 51 137 94 87 149 87 42 42 80 101 149 42 140 80 103 57 87 80 87 34 106 160 42 103 11 160 152 27 59 115 104 99 36 36 36 
36 36 36 36 27 128 152 11 103 34 36 60 74 101 134 50 85 112 112 122 149 80 80 122 140 75 111 160 160 41 59 90 99 140 58 1 101 116 38 34 34 87 80 101 101 34 160 123 160 160 160 43 12 38 106 140 101 43 80 80 51 158 80 158 24 84 138 106 80 43 101 54 29 111 36 36 110 110 141 141 36 27 100 18 43 138 106 80 58 51 80 154 121 43 42 24 1 57 12 
53 106 77 57 80 122 80 58 129 63 101 137 34 60 1 93 84 160 92 59 41 137 42 11 38 43 80 42 38 58 134 51 87 58 145 106 80 11 57 43 122 160 160 160 160 91 160 77 93 
36 141 106 106 11 152 27 59 27 92 106 24 112 60 63 43 13 61 60 36 112 158 103 137 50 103 101 12 160 80 98 51 12 116 43 140 101 103 57 1 80 80 87 160 110 101 24 1 42 149 149 130 103 11 63 57 106 43 150 47 18 33 151 36 151 36 110 36 111 36 41 44 152 77 88 34 137 51 24 134 135 
60 85 24 112 106 151 88 24 140 75 111 41 20 33 151 149 80 153 38 101 116 137 80 80 85 43 80 34 160 104 47 160 160 160 80 34 101 101 80 87 80 80 135 87 158 122 24 42 11 140 123 27 
29 36 160 77 77 36 111 52 31 92 36 42 101 130 38 58 58 121 24 24 101 106 11 149 140 149 42 160 42 51 43 149 34 98 158 80 160 151 1 160 100 18 160 110 141 154 153 42 160 134 153 85 34 24 24 158 110 140 57 141 106 58 80 111 147 52 99 108 36 160 11 36 75 
152 111 29 27 123 153 57 122 84 80 51 134 135 1 138 112 84 137 98 58 1 42 160 160 137 116 38 91 43 43 87 110 112 42 160 42 58 74 149 101 11 106 24 1 80 74 101 149 42 42 34 42 42 24 85 137 59 59 41 160 160 36 36 36 
36 36 36 41 44 104 47 101 101 101 94 38 85 58 37 74 84 80 122 84 43 160 160 160 160 160 160 160 160 160 41 44 160 93 106 84 80 80 134 51 160 43 137 80 34 38 103 24 34 160 160 160 137 39 116 137 80 34 101 106 87 85 141 149 74 85 
43 129 149 112 34 88 122 58 140 11 138 128 42 110 141 141 77 36 101 152 70 29 27 47 140 80 42 42 50 51 137 80 131 158 42 63 24 24 68 153 24 80 106 149 140 77 140 
1 1 140 11 51 85 58 153 38 80 103 160 92 101 137 160 160 137 38 106 140 101 101 51 106 112 83 38 87 110 34 112 57 112 140 57 138 101 122 160 42 58 14 55 51 140 77 36 36 36 141 
106 11 36 27 76 152 57 24 112 138 24 37 61 12 89 112 112 42 160 160 137 51 116 11 84 80 80 55 101 38 34 80 134 34 42 84 112 138 80 101 24 138 106 101 112 160 85 103 42 24 11 140 122 153 149 112 74 112 99 104 101 53 160 160 160 160 152 77 
110 42 36 36 41 59 132 43 1 11 84 83 43 101 1 58 154 153 58 74 53 122 145 80 160 160 160 160 160 160 160 111 29 90 47 38 101 138 12 42 42 7 101 101 11 42 12 87 130 80 160 42 84 160 160 160 137 116 160 160 
53 112 101 60 103 112 38 84 138 24 57 122 80 36 36 38 94 55 7 38 80 138 36 36 36 36 36 36 36 41 29 100 151 152 36 134 53 36 36 55 94 38 85 101 36 130 158 98 137 160 137 116 160 106 24 42 80 103 110 88 1 34 140 104 51 
103 101 12 160 80 50 101 99 160 116 160 47 160 160 160 160 137 116 160 47 38 116 11 84 34 134 98 42 112 34 112 106 106 110 103 149 106 1 138 106 84 42 160 160 111 36 110 112 145 77 77 141 36 70 147 27 111 108 141 140 1 51 85 
63 85 121 154 57 84 130 57 24 80 53 94 98 138 140 34 51 38 34 142 85 57 80 24 145 145 149 63 84 149 42 103 38 103 42 24 110 140 110 6 36 101 18 36 138 99 36 141 11 99 46 36 11 36 57 80 158 53 153 37 53 84 122 140 112 153 160 160 
160 160 160 160 160 111 23 71 160 116 11 87 122 138 120 61 158 134 158 122 38 160 160 160 137 101 93 154 1 84 58 103 63 38 103 88 103 130 104 3 152 160 160 110 141 77 151 36 41 132 53 1 36 137 50 134 60 86 1 34 34 160 112 11 11 110 145 1 160 80 146 103 87 
121 84 42 106 42 42 100 52 29 41 137 43 101 1 1 43 1 34 51 80 103 87 140 88 103 106 140 140 106 141 110 137 160 160 160 160 160 36 77 160 138 36 27 147 70 151 106 60 24 63 38 53 158 42 11 122 
14 137 41 59 41 137 51 51 137 137 116 38 87 87 37 85 80 112 24 37 24 112 24 24 140 149 34 103 122 112 58 103 103 101 99 46 111 36 36 36 36 36 152 124 4 104 1 140 84 137 129 85 51 129 85 42 149 
