87 87 28 36 47 101 37 126 140 91 91 91 91 91 91 91 76 4 76 76 124 1 91 71 42 91 91 91 42 7 42 91 91 91 42 20 63 114 124 124 91 63 20 91 20 91 85 20 42 91 91 91 91 91 91 
91 91 91 129 40 20 55 1 1 42 129 129 27 89 136 28 58 116 1 66 125 129 1 100 20 63 108 51 7 42 42 66 28 22 1 60 60 22 22 22 101 8 85 8 96 58 99 36 99 99 8 92 137 72 96 60 60 60 8 99 63 103 63 103 94 27 106 125 38 87 63 70 100 113 113 63 
94 98 66 125 3 116 91 22 105 28 14 1 103 130 130 106 40 106 20 139 42 91 42 39 20 20 91 20 42 91 91 91 42 20 63 114 63 20 10 20 20 89 40 47 99 20 28 91 136 91 58 71 1 129 1 134 1 103 91 66 94 31 103 63 42 1 125 1 131 31 91 121 125 70 125 134 71 63 63 136 1 125 89 131 124 20 42 76 4 50 91 29 85 22 71 87 58 116 58 58 121 43 
77 101 12 120 140 99 77 85 101 124 104 77 47 96 28 28 47 58 99 85 91 60 28 124 20 42 91 91 91 91 91 91 91 39 85 52 89 20 50 20 20 29 39 63 20 42 91 91 91 91 
91 42 136 27 39 91 20 42 91 91 91 42 20 91 89 108 42 91 91 42 16 39 10 20 20 89 131 124 20 42 42 20 91 89 20 29 20 139 91 29 108 1 91 91 91 91 91 91 91 91 129 89 85 76 42 136 125 124 91 91 85 92 33 76 76 124 40 129 91 91 22 22 22 22 22 76 60 60 4 76 22 76 122 124 85 96 101 76 8 33 96 77 29 63 22 33 
22 89 91 63 66 31 31 1 40 140 99 40 91 1 129 91 91 42 39 20 20 91 20 42 91 42 39 63 63 63 29 114 91 85 91 91 42 114 29 20 108 42 91 91 42 20 91 20 20 108 129 101 85 136 1 129 131 71 63 22 22 22 20 63 63 20 63 40 129 91 91 91 91 
42 20 63 55 7 42 91 91 91 129 134 134 134 58 28 66 28 28 60 22 
22 22 22 101 137 120 8 47 140 99 60 60 124 126 124 77 61 36 52 126 77 58 28 124 140 66 99 85 85 85 92 52 91 42 39 63 63 39 10 108 108 42 42 136 27 39 85 91 20 91 20 42 91 91 91 91 42 39 91 85 20 20 31 1 63 134 28 63 129 1 70 1 63 39 85 20 106 1 76 60 1 42 22 22 22 42 114 50 22 108 20 29 22 22 22 22 22 22 22 22 22 22 22 22 22 101 37 101 99 39 4 73 36 137 28 101 138 50 96 96 124 58 34 124 124 100 1 91 91 91 91 91 76 30 33 99 125 1 66 
91 125 131 110 39 40 28 20 129 129 108 63 91 63 39 91 50 91 
114 42 91 91 129 35 20 113 103 40 129 129 136 71 98 63 131 66 22 129 131 125 85 61 30 101 22 1 66 28 58 22 60 8 60 52 77 137 37 120 33 92 52 60 122 43 77 101 77 60 63 85 79 1 28 91 40 136 42 91 32 136 106 70 1 40 125 47 70 70 136 10 7 42 42 55 63 20 42 32 115 131 70 91 40 131 103 20 27 40 1 22 10 27 94 39 71 28 124 20 42 22 22 91 91 91 42 114 50 76 91 
91 91 40 66 121 77 22 22 22 101 124 99 137 85 137 43 72 77 8 33 52 76 137 101 126 96 140 101 139 39 42 85 20 42 91 91 42 7 42 42 39 63 63 39 91 124 40 91 47 1 42 91 76 60 1 42 42 70 1 94 20 131 116 66 70 70 1 129 115 116 66 1 1 134 105 91 20 85 91 114 91 91 91 
22 22 22 22 22 22 101 13 77 101 8 36 34 112 8 77 77 126 101 101 101 63 89 91 98 66 116 116 116 66 99 101 91 76 2 124 91 63 71 28 91 136 40 18 35 10 20 91 20 63 91 63 20 91 91 122 88 122 108 136 91 136 94 136 39 
125 1 100 98 22 42 108 94 27 10 22 22 76 33 48 96 125 58 58 116 116 87 121 22 105 121 116 28 60 96 76 124 76 43 77 34 124 137 34 137 33 96 96 47 131 129 22 76 85 32 123 98 66 71 134 66 1 1 1 40 139 108 1 129 44 40 117 125 66 131 91 131 
129 91 129 136 125 63 20 63 103 106 113 103 123 40 1 71 71 134 130 63 71 136 103 116 22 71 103 1 22 22 22 42 20 63 55 7 42 91 91 22 1 116 121 87 116 134 121 99 60 96 101 85 122 76 96 85 124 120 86 96 77 96 36 99 99 85 63 89 70 
70 20 20 129 94 40 139 109 70 113 103 123 27 63 94 1 129 100 35 125 113 134 98 70 125 100 98 98 125 98 125 113 136 131 134 71 103 66 66 125 129 71 125 113 66 103 63 66 113 
134 77 76 76 54 96 121 121 121 22 116 99 121 121 28 99 47 73 8 36 101 60 99 120 137 85 85 137 36 101 58 20 58 134 98 22 22 22 22 22 22 42 70 131 
63 103 134 113 98 113 115 136 106 94 94 40 63 63 1 63 131 28 85 26 30 101 129 139 20 27 103 40 136 103 103 117 113 129 63 94 40 63 71 
113 129 22 22 22 1 134 28 28 22 22 22 99 60 60 72 60 120 137 126 73 72 36 137 96 60 77 91 91 129 134 98 128 134 134 103 94 115 63 94 89 139 27 20 125 60 6 91 39 89 136 66 113 40 94 139 40 
98 94 40 129 98 103 113 71 63 99 28 58 20 42 76 50 114 42 91 129 91 140 91 71 121 116 22 58 119 22 22 87 101 99 87 37 37 34 126 47 28 120 137 47 52 61 22 60 36 63 22 42 79 63 66 89 10 39 20 
31 139 70 129 18 106 125 125 1 66 66 103 113 113 1 98 113 106 106 98 71 113 66 134 31 125 98 20 20 52 15 99 22 121 121 121 121 121 22 99 28 140 72 85 120 77 126 59 12 101 36 99 58 52 96 101 91 91 
91 91 91 1 40 1 17 124 98 116 98 131 103 1 1 139 115 63 125 129 129 113 139 31 91 1 131 22 42 136 31 89 139 66 71 40 20 27 131 94 98 98 94 40 71 66 129 103 22 28 88 22 98 116 87 28 22 22 22 58 140 140 72 124 60 47 120 36 138 52 101 60 124 60 96 
22 1 106 27 113 66 134 98 113 40 106 139 70 40 139 136 66 91 63 26 4 76 42 136 31 63 20 39 136 106 20 98 134 98 113 131 113 131 71 116 66 1 1 91 98 68 108 
106 40 66 105 66 22 87 87 105 58 99 28 47 36 137 77 85 8 76 77 36 99 137 124 87 129 95 115 106 70 1 39 100 20 56 136 103 71 134 94 129 31 125 125 106 125 103 117 113 94 113 116 66 40 1 63 63 39 26 54 22 134 119 22 99 87 28 96 60 124 28 140 36 34 85 8 137 96 60 60 120 28 60 47 91 91 91 91 91 91 91 91 91 76 4 61 52 1 98 116 105 66 94 94 40 103 27 70 40 139 117 103 40 129 22 125 129 22 22 1 40 20 94 113 63 40 130 89 1 134 40 103 113 103 98 1 66 
63 22 22 22 22 1 116 105 34 99 34 140 140 34 34 137 120 33 8 73 60 47 34 134 129 103 134 1 1 113 134 113 106 136 20 139 128 115 136 124 22 85 6 101 129 136 63 136 106 63 94 139 131 125 134 113 94 130 125 134 98 103 71 116 98 40 63 108 82 1 134 116 22 116 22 22 28 105 22 28 28 140 47 77 77 66 37 43 101 96 101 52 36 60 101 76 31 1 70 1 91 42 39 89 44 44 89 63 103 40 94 94 125 113 103 1 125 113 130 94 
31 31 98 71 103 98 63 117 66 22 63 29 29 17 77 134 58 99 119 105 34 36 99 99 124 99 
99 34 124 37 29 76 12 34 77 58 99 134 116 116 36 73 134 134 134 106 31 113 40 95 98 60 93 77 63 131 1 139 117 
98 94 103 71 22 29 105 99 99 124 34 47 140 58 138 107 28 116 94 106 103 113 125 134 71 113 40 130 103 115 94 91 129 108 20 39 42 91 91 42 39 89 100 1 91 94 27 139 94 71 125 131 71 66 1 113 116 71 71 134 129 35 32 18 44 40 94 116 105 105 87 140 119 105 99 58 34 85 124 60 101 96 36 104 101 28 58 140 34 136 83 125 94 109 100 82 117 40 131 98 113 125 134 71 117 129 66 125 1 116 99 133 124 99 28 87 60 34 28 28 101 127 120 
58 99 91 91 91 22 22 61 26 36 105 98 134 91 103 94 98 106 70 70 40 40 89 63 1 131 131 70 51 51 129 129 136 63 115 103 116 134 94 123 113 71 103 125 134 1 136 63 125 58 58 63 22 42 22 105 87 119 116 60 140 140 60 28 137 124 60 122 47 137 72 101 124 60 59 58 117 113 71 106 31 103 115 44 40 67 18 
130 113 136 27 31 117 63 125 113 134 22 134 1 75 47 105 121 105 119 28 140 140 52 72 73 137 99 47 129 44 139 125 71 106 44 70 44 95 70 63 103 98 103 98 1 40 94 134 98 94 94 27 134 66 131 134 98 40 63 94 70 10 22 22 22 22 22 22 87 28 47 101 34 140 99 36 72 77 112 126 34 120 120 28 91 28 71 1 91 
91 91 91 76 53 101 58 31 134 71 94 98 98 94 106 117 1 31 106 130 70 113 98 70 22 1 129 22 22 22 22 129 139 40 94 1 31 40 40 20 70 113 98 113 94 131 131 106 22 134 40 42 22 22 129 22 105 22 125 47 99 99 60 60 137 101 73 73 37 37 12 37 121 58 96 47 125 71 113 1 94 
20 20 139 94 115 20 129 22 22 22 98 130 106 106 136 109 136 125 98 113 94 63 1 66 116 98 1 91 91 98 66 22 119 22 87 87 58 34 124 77 140 124 33 52 36 101 96 124 77 35 129 42 100 136 18 129 1 100 89 39 10 89 63 136 106 66 103 98 134 94 106 94 
103 134 66 94 129 117 1 134 98 103 134 116 134 131 18 94 129 70 22 22 42 7 55 39 103 113 98 28 28 22 22 58 72 140 60 60 140 137 34 52 48 120 101 140 34 137 120 91 91 91 91 1 98 121 76 91 39 63 66 39 129 129 7 63 91 91 20 42 42 39 63 91 124 
124 114 124 17 20 63 66 39 129 91 91 32 115 131 95 39 63 117 136 52 52 88 54 91 125 121 121 121 116 116 87 105 116 22 61 13 36 77 76 8 96 101 85 22 8 61 22 22 22 1 70 131 125 125 98 71 98 115 131 113 136 139 103 31 22 21 96 71 83 131 125 139 
128 129 113 94 94 125 103 125 71 66 116 98 1 22 116 129 22 22 60 60 58 22 22 22 22 58 87 121 99 140 60 124 34 77 21 76 73 36 85 
124 28 96 101 1 134 98 40 35 108 10 79 139 129 129 91 129 39 66 20 136 103 70 18 117 125 113 71 125 98 103 136 94 20 98 129 103 66 139 20 22 22 124 17 124 136 1 22 66 116 116 103 99 101 
60 76 126 47 96 76 54 61 36 101 85 122 91 47 91 89 85 61 8 54 122 91 85 124 91 91 91 91 91 91 91 63 20 85 63 70 129 91 129 100 108 63 71 91 100 103 134 40 31 63 91 63 63 50 20 89 91 91 20 42 42 39 20 31 1 63 131 
98 1 71 66 40 134 125 63 63 31 113 139 98 22 98 70 125 63 20 63 58 85 22 50 4 76 42 121 121 22 66 66 121 22 105 77 76 29 138 60 47 33 77 43 137 36 112 101 52 91 119 103 131 95 139 117 18 129 42 39 63 91 91 63 39 91 85 20 42 22 91 42 39 63 63 31 139 129 22 129 40 
108 40 139 100 134 103 113 113 103 134 125 1 129 91 91 91 91 91 42 79 64 70 66 106 103 22 22 116 121 119 119 140 85 36 99 52 22 54 120 66 85 8 76 76 15 99 58 28 60 39 10 7 55 20 70 44 89 20 22 20 42 42 39 20 108 129 129 18 117 66 98 125 66 58 129 1 
91 134 31 39 134 98 103 125 129 1 1 116 66 1 113 94 94 94 31 1 98 129 113 116 27 103 116 60 22 63 26 30 101 98 66 58 22 119 58 99 140 96 72 72 101 60 50 8 72 101 47 76 1 47 101 91 76 85 124 26 61 85 85 52 77 131 31 63 91 91 98 27 10 42 55 20 40 129 
91 129 139 91 47 71 124 91 39 5 114 63 20 42 42 55 20 71 1 1 113 40 71 125 125 125 20 39 125 98 40 100 20 63 125 129 70 22 76 4 4 28 58 58 1 77 22 98 140 99 22 60 8 
124 101 29 13 124 58 54 8 96 43 36 134 66 125 134 134 63 63 27 20 139 129 91 42 20 20 63 22 22 22 22 29 20 39 1 103 1 1 103 113 20 39 63 40 129 70 94 1 98 94 103 22 66 71 134 103 98 60 4 22 50 4 28 116 99 121 22 22 121 
121 121 28 99 99 77 126 120 77 120 47 13 137 37 85 28 77 36 76 22 22 22 22 10 39 18 35 20 139 40 130 106 94 98 20 103 103 98 98 106 27 63 91 63 98 113 40 66 66 94 98 116 103 136 134 
66 70 103 56 134 134 70 119 66 63 58 77 21 8 36 134 22 124 87 22 22 105 60 22 28 8 124 52 52 101 137 34 37 61 137 76 140 91 91 94 63 58 53 122 60 116 113 71 98 108 139 115 40 98 129 129 
70 20 1 52 17 76 42 108 35 1 66 125 128 128 1 117 94 116 1 63 124 50 30 36 22 116 22 22 58 36 132 12 77 76 52 138 122 77 94 134 105 71 98 116 125 125 105 125 40 18 98 66 89 70 129 91 95 
40 98 91 125 66 63 91 42 20 63 55 28 91 70 1 91 70 129 125 39 136 98 40 113 98 103 94 134 134 139 91 71 66 134 91 122 17 122 99 121 125 105 58 28 105 58 96 60 85 96 60 8 36 124 88 73 
101 36 34 129 51 1 136 57 108 32 27 117 136 113 40 103 66 98 103 116 71 27 106 1 103 31 1 131 113 63 136 98 103 117 31 91 101 11 60 60 121 116 66 87 121 60 77 77 26 76 34 137 137 30 8 101 91 
42 20 52 93 37 60 99 98 113 103 136 129 1 108 115 113 94 139 63 98 124 85 89 89 22 22 42 39 63 20 18 98 98 31 89 117 98 94 139 131 134 98 40 1 88 98 66 58 22 134 140 124 
34 132 137 120 8 96 8 126 126 12 99 70 66 66 125 134 40 40 130 115 129 136 63 63 4 33 124 89 18 98 98 136 108 94 66 130 103 113 94 58 22 63 1 131 129 22 22 22 134 
116 22 58 87 22 121 34 118 77 124 126 96 112 85 77 24 79 63 1 44 129 136 89 1 108 79 20 108 129 1 20 27 117 66 116 103 113 94 94 113 63 130 113 66 98 31 1 103 63 134 
66 31 134 116 40 20 94 63 63 22 22 22 22 22 22 22 22 22 22 22 99 28 60 50 73 126 28 60 112 122 36 135 47 66 116 125 60 101 101 30 61 60 28 58 134 136 129 1 110 18 134 94 130 63 63 20 20 
22 22 85 17 85 22 20 63 20 44 113 125 136 89 27 139 71 113 115 134 1 106 77 46 22 113 121 121 22 105 140 121 140 59 36 77 77 37 73 43 13 101 60 60 39 117 125 71 71 134 66 103 94 94 106 109 103 125 
42 27 131 136 28 85 4 8 22 20 124 125 139 129 134 106 95 131 71 106 130 66 66 63 98 134 94 98 71 129 22 22 101 
30 15 60 98 134 119 87 58 22 121 85 47 126 43 101 36 8 21 37 77 77 85 76 122 2 39 42 22 42 108 108 10 79 27 18 39 40 103 
98 1 94 98 113 31 94 125 134 63 98 71 131 1 113 129 63 125 20 22 6 101 22 22 22 121 60 36 99 34 77 43 96 8 84 120 101 91 91 91 91 91 91 91 91 91 91 91 20 91 91 20 63 58 99 91 39 42 42 108 79 129 91 91 70 139 91 85 114 124 85 17 76 91 42 55 20 136 1 129 39 
1 89 40 91 40 139 63 134 63 20 20 91 52 15 77 91 134 66 121 22 99 99 101 30 92 101 71 70 10 108 79 129 70 100 106 139 128 20 40 125 103 94 98 1 39 100 40 1 129 108 22 85 22 122 8 58 1 70 1 1 100 89 27 139 139 44 125 66 116 134 125 28 28 85 50 17 137 99 105 87 87 121 121 60 140 60 52 107 36 47 48 76 96 73 98 115 89 1 94 64 79 139 63 
31 40 63 103 106 40 125 94 131 125 63 106 103 52 81 28 91 113 105 86 76 22 139 123 115 123 136 18 89 91 91 91 91 76 4 61 52 125 131 91 136 83 27 139 129 1 100 20 91 63 39 42 91 42 136 
139 94 129 70 129 18 115 40 66 94 130 20 113 113 124 22 20 22 22 22 98 134 119 119 66 99 47 132 37 34 77 72 99 22 101 73 73 29 8 12 76 34 40 131 108 10 89 129 113 66 66 109 39 20 136 63 40 125 50 120 40 70 130 70 31 106 20 98 98 103 98 121 91 42 129 125 99 101 91 1 91 91 91 22 66 99 59 50 50 
40 95 44 94 109 70 44 89 98 42 7 32 100 20 40 1 110 110 40 20 20 113 125 125 1 94 63 115 70 113 1 28 101 76 93 119 119 99 87 87 121 99 29 29 26 85 99 99 85 13 91 91 91 96 33 96 91 60 101 91 131 70 51 42 91 1 
100 63 101 36 61 85 91 63 100 66 134 82 27 18 100 63 117 66 85 33 54 8 60 87 87 105 119 58 101 73 85 138 137 34 43 76 13 10 139 125 71 125 1 103 136 70 108 70 1 91 42 20 85 76 76 124 40 129 91 91 1 39 70 18 44 125 71 94 31 91 99 1 131 91 91 85 140 87 66 58 
87 105 28 28 101 52 120 21 137 77 77 13 36 60 10 108 40 129 42 7 42 91 40 70 115 95 108 89 18 98 98 113 131 130 113 117 71 98 39 89 27 70 125 121 22 103 47 15 99 34 58 121 140 119 140 124 96 50 47 101 96 60 37 50 1 113 121 91 140 93 92 60 91 134 91 134 100 44 39 40 139 
100 103 134 85 13 91 89 1 103 1 1 139 115 115 106 113 66 22 58 37 59 76 120 105 105 28 99 58 99 29 29 76 85 52 85 61 138 60 22 129 109 136 116 66 103 130 40 103 70 20 139 39 20 20 63 26 61 50 39 20 1 63 130 31 79 70 98 130 130 134 116 71 63 
58 12 84 85 99 22 22 22 119 58 140 58 124 76 8 36 52 120 126 96 120 76 139 32 108 139 56 117 139 95 70 39 110 106 117 31 134 71 125 98 136 136 129 94 131 28 76 76 13 137 28 58 105 87 60 47 122 75 121 87 
60 101 53 91 91 91 91 91 76 4 92 101 105 91 91 58 98 39 90 129 130 40 71 31 89 26 61 26 63 63 63 89 40 103 130 109 100 131 1 106 22 91 1 50 50 76 116 
87 87 105 58 121 34 29 85 8 72 60 36 76 85 29 22 40 115 125 98 136 117 40 39 40 129 100 124 76 91 76 52 63 40 116 134 18 130 130 128 106 117 129 134 22 134 94 22 122 22 22 22 22 22 22 22 22 22 22 58 58 58 96 126 112 72 77 36 96 138 61 26 40 70 57 18 40 20 106 
115 139 109 40 1 94 71 113 20 117 63 134 71 115 70 1 22 71 66 140 138 140 34 60 60 28 58 96 8 76 101 36 43 96 8 37 91 91 91 91 61 21 36 101 91 1 139 70 108 20 108 129 70 129 66 124 39 26 8 124 63 108 91 99 131 79 20 31 108 
94 125 134 66 22 15 76 60 66 58 121 119 121 140 99 36 61 59 99 28 96 29 29 101 94 98 63 103 117 40 91 40 44 70 71 129 44 91 36 76 76 52 63 40 1 22 1 110 83 131 71 66 66 71 134 47 29 138 50 34 121 116 119 87 105 121 99 101 37 52 59 47 60 
37 36 101 60 125 63 70 70 108 70 129 129 106 139 109 136 94 20 1 125 94 113 1 98 131 136 98 125 28 124 34 120 60 22 58 101 36 73 85 77 36 99 36 112 52 66 124 8 132 76 101 66 66 134 129 40 39 100 129 70 131 22 60 61 124 60 63 63 98 
42 70 94 94 134 134 58 101 37 59 58 28 119 87 101 47 72 96 99 77 73 112 43 22 136 129 98 98 63 31 20 109 129 20 139 27 22 85 22 122 122 63 22 116 103 10 35 110 70 31 66 66 98 134 28 72 50 77 99 119 121 87 58 28 34 59 37 101 85 37 21 137 77 10 108 79 70 70 
40 40 44 44 103 129 31 1 63 98 98 18 139 94 130 113 58 77 76 37 28 116 121 58 60 140 47 88 36 47 137 118 91 91 91 76 30 101 91 91 91 1 39 44 40 1 103 71 91 36 54 63 136 66 113 1 1 115 110 139 136 98 66 98 85 61 76 13 77 119 121 99 58 140 77 140 12 48 72 137 137 37 43 136 106 113 98 125 125 113 70 
136 139 95 129 63 52 61 28 103 1 134 131 79 130 94 103 71 71 1 116 116 136 8 48 76 22 121 87 22 87 58 58 60 101 120 59 77 101 43 37 72 76 10 57 42 115 106 139 139 115 20 115 131 103 94 113 66 134 44 109 139 40 129 103 63 91 122 104 
