32 32 1 32 1 54 34 9 1 32 52 11 57 8 43 20 57 57 57 23 11 52 55 26 1 43 30 50 50 57 57 30 38 51 32 51 52 32 20 22 7 1 1 52 1 1 52 1 52 9 33 33 9 55 9 33 33 24 34 33 32 
30 50 11 51 32 51 23 56 30 30 30 20 22 24 24 47 9 11 38 20 10 11 51 57 11 30 51 32 51 1 1 32 33 11 15 8 32 32 1 1 1 1 52 52 52 33 25 33 42 34 52 52 47 34 42 57 1 51 57 50 56 10 57 57 11 32 32 32 11 11 32 32 56 30 51 32 32 57 11 11 32 52 51 24 22 9 42 52 1 1 33 52 52 52 
9 33 33 59 9 33 24 22 9 33 8 1 1 1 1 1 1 1 1 1 1 24 3 22 42 11 20 1 1 11 32 51 8 1 1 43 56 51 38 57 51 8 20 1 32 38 43 1 1 1 1 1 1 1 57 10 1 52 9 56 10 8 1 1 57 11 50 56 51 51 1 30 38 32 32 1 32 11 20 20 42 2 24 1 1 1 32 1 1 52 1 33 33 33 6 42 42 55 9 34 34 25 59 9 1 43 8 1 
32 51 51 1 32 51 57 43 38 20 30 20 10 57 1 1 1 1 22 1 38 20 20 20 30 51 57 8 11 32 51 51 11 11 1 11 8 1 1 1 56 9 1 56 8 1 24 42 20 8 1 1 1 1 1 1 1 1 1 1 33 22 33 42 47 42 42 47 53 42 34 9 48 10 43 57 1 57 50 56 43 57 8 48 20 32 32 51 
51 51 11 51 51 11 11 32 20 20 32 51 11 11 1 52 52 9 55 22 22 25 1 1 1 1 1 52 52 9 55 25 25 42 25 42 34 55 42 9 24 52 52 1 32 30 1 1 1 1 8 20 1 23 32 32 50 51 1 50 57 1 51 30 51 57 38 51 57 51 1 51 30 51 32 20 57 51 9 20 8 1 1 1 
8 20 1 20 20 57 11 1 11 57 57 20 50 11 50 11 11 57 32 11 57 32 32 
32 51 32 11 32 32 57 1 1 24 52 11 1 1 1 1 1 1 1 1 1 8 51 1 1 1 57 51 50 57 50 56 38 20 30 51 50 30 23 30 50 30 10 43 20 9 32 32 51 11 52 32 20 20 57 1 8 56 11 1 11 56 8 1 8 10 20 47 22 22 9 1 20 11 38 51 1 1 57 30 8 1 11 30 57 30 50 57 1 1 30 1 52 32 32 32 32 1 1 32 8 51 43 56 51 1 1 1 32 52 1 1 52 1 32 52 1 52 52 1 1 1 1 1 20 11 11 56 43 8 57 20 38 32 32 57 10 31 50 23 38 11 57 50 10 43 20 42 1 10 10 
8 1 8 48 1 48 8 1 1 1 51 23 10 1 1 
11 50 30 57 51 57 11 51 32 11 32 1 51 1 52 51 51 32 38 20 11 32 32 32 32 38 57 30 11 32 42 56 32 9 1 1 1 55 52 1 1 1 1 1 1 1 1 1 1 1 8 50 32 32 57 11 30 20 11 43 30 51 1 32 8 30 50 57 20 51 57 57 12 8 1 1 1 1 1 1 1 24 6 6 24 1 1 1 51 51 1 51 38 8 30 57 8 56 
8 50 52 11 1 55 60 47 20 9 52 8 11 51 50 50 51 30 38 11 50 57 57 57 1 1 51 50 9 42 2 6 9 57 51 33 1 32 1 1 52 33 1 1 1 52 9 47 24 42 55 47 42 9 42 25 47 6 25 42 47 1 32 32 32 51 8 56 56 57 32 1 9 11 28 22 24 32 32 51 30 23 38 38 50 51 50 32 32 1 1 
1 1 39 1 1 1 1 1 1 1 52 33 9 42 42 24 9 25 9 42 44 8 51 11 11 30 23 50 11 20 20 11 57 57 32 32 1 32 20 50 8 11 32 51 32 52 54 6 52 1 1 1 1 1 52 9 24 53 25 33 33 9 53 24 52 51 
57 1 1 1 24 6 53 47 1 1 1 1 20 8 8 39 20 50 57 1 1 8 56 1 42 23 20 28 3 1 12 51 51 8 8 20 1 23 23 1 20 1 42 20 8 8 20 42 1 10 23 1 20 8 1 1 1 1 51 1 1 1 52 52 1 1 1 33 53 55 9 9 28 56 24 42 42 24 
55 47 34 43 41 8 1 8 23 32 32 20 11 51 51 1 1 1 32 32 32 11 32 32 20 20 43 8 10 43 57 1 1 1 1 24 3 24 24 24 32 20 57 1 51 51 51 10 11 51 30 51 51 38 51 32 32 32 32 51 51 32 32 20 23 8 20 43 41 10 11 9 24 
32 1 52 52 1 1 1 1 52 33 52 1 33 6 22 53 42 24 9 42 42 9 22 55 47 42 9 57 38 8 8 43 11 52 11 30 57 8 10 23 20 48 20 20 8 51 1 51 51 1 30 11 1 20 
38 1 51 57 51 57 51 38 38 51 57 51 50 11 51 1 9 56 22 22 1 22 1 32 52 1 1 1 52 52 1 1 33 33 9 24 34 33 
9 47 53 25 34 9 1 1 53 33 32 51 57 50 51 51 27 51 11 38 51 51 32 17 52 1 52 47 42 34 11 9 52 1 11 11 57 38 43 43 
38 20 57 51 8 1 9 56 1 42 1 36 9 48 20 32 52 20 57 57 23 11 12 57 1 8 48 51 52 51 38 32 1 1 1 1 1 1 1 1 1 1 51 32 32 1 1 1 52 33 1 1 24 3 55 6 24 20 1 47 55 6 6 
33 51 8 1 8 10 20 47 39 43 43 57 57 10 20 43 51 32 56 30 20 57 32 11 57 11 57 38 30 23 57 11 50 1 1 8 1 51 32 1 1 1 1 52 52 9 33 42 60 3 55 6 1 1 1 1 
1 1 1 1 24 2 42 20 11 1 11 20 42 1 23 32 51 1 42 20 8 24 9 50 30 23 42 1 56 20 56 8 1 1 1 1 1 43 38 32 11 32 32 23 32 52 9 50 57 1 1 1 1 1 1 1 1 57 32 1 1 1 1 51 9 9 57 23 42 1 10 10 8 1 8 56 11 1 11 11 56 50 1 51 51 1 
1 1 51 11 11 32 51 8 20 20 8 1 1 1 1 1 1 32 51 1 52 24 1 32 51 33 52 1 1 33 34 9 9 9 9 9 1 1 52 52 1 52 52 1 9 6 25 1 24 59 9 52 52 52 52 52 1 52 52 51 42 11 38 11 6 1 11 38 11 51 32 32 25 22 1 1 1 52 47 25 42 10 
38 11 32 51 11 51 32 32 54 52 1 52 42 9 25 9 9 32 11 1 32 20 57 32 44 52 33 42 53 42 9 11 11 32 1 32 32 51 33 1 38 57 1 1 57 43 23 23 57 1 1 57 
23 1 1 11 56 47 11 1 55 55 1 11 47 20 11 9 20 8 1 1 8 20 11 48 1 32 38 8 1 1 1 1 51 50 32 32 20 1 56 9 1 20 1 20 8 1 1 1 1 1 1 8 48 28 9 1 1 1 1 1 1 1 1 1 1 1 1 1 1 1 1 52 1 1 51 1 1 1 1 1 1 1 1 9 52 52 47 24 24 1 1 52 52 1 52 33 1 33 25 25 9 9 42 9 9 25 52 9 52 1 9 33 52 33 32 52 42 42 1 1 1 43 8 51 23 8 8 48 47 20 23 1 1 11 38 51 1 1 1 51 50 51 11 11 11 23 32 
51 1 33 51 43 11 9 1 56 51 11 1 56 9 1 23 32 11 57 1 1 1 1 1 57 50 11 1 1 23 23 42 1 56 8 1 1 1 1 1 1 1 1 1 1 1 1 1 1 1 1 9 55 9 1 47 52 52 52 1 52 52 32 1 6 42 47 55 6 55 9 1 1 1 1 1 1 52 52 32 1 6 56 24 33 9 33 51 1 55 6 24 1 1 1 1 1 8 56 20 11 47 48 8 1 8 48 1 48 8 24 42 20 1 26 47 52 52 11 30 57 1 1 1 43 56 30 57 1 1 51 38 11 20 11 1 11 56 1 42 1 1 8 32 52 52 1 51 
1 1 52 9 1 1 9 6 9 9 47 1 51 9 9 1 1 1 9 34 25 42 24 55 33 52 47 42 6 33 1 
42 24 9 9 32 23 1 24 33 57 23 32 1 1 58 1 1 52 6 9 34 42 50 51 11 32 51 
38 11 1 46 1 1 33 42 9 25 9 9 1 1 1 1 1 1 24 3 55 24 11 57 57 1 57 56 11 11 11 23 8 1 8 56 20 23 32 51 1 22 1 1 1 1 20 20 20 42 20 30 50 30 43 32 32 50 50 51 52 32 20 11 20 9 32 11 1 1 1 51 11 1 1 52 32 32 9 33 1 25 34 9 1 32 52 42 9 25 55 9 33 42 6 25 9 24 34 52 9 9 33 33 11 30 11 
1 20 11 1 1 11 57 32 1 51 51 51 11 38 30 1 32 20 57 1 1 8 56 20 56 8 1 1 1 24 26 6 42 11 56 9 9 10 57 1 1 8 43 38 51 1 38 51 1 57 57 11 20 1 1 20 32 52 9 56 32 51 51 1 1 1 1 1 1 1 1 1 1 23 30 1 1 1 32 1 52 1 32 1 52 9 1 1 24 53 24 1 1 52 52 33 42 25 34 25 25 25 33 34 9 9 42 33 38 31 11 11 56 43 56 11 11 56 8 1 1 8 56 11 1 11 23 32 
51 8 1 1 57 50 11 32 32 20 57 11 51 1 52 32 30 51 11 32 57 20 20 1 9 11 43 51 9 9 33 9 9 1 33 55 52 33 33 1 1 1 1 24 9 52 9 6 52 9 9 1 1 1 55 6 9 9 55 6 9 34 24 9 24 11 11 51 51 1 9 7 9 52 52 32 50 50 57 57 20 51 11 48 
8 1 9 11 20 24 53 55 42 32 38 20 50 20 20 50 38 32 51 20 1 32 23 47 47 2 25 1 32 52 1 1 52 42 52 33 47 52 52 9 42 9 34 42 34 42 9 57 56 51 1 32 32 51 11 11 11 38 32 9 11 56 43 56 20 23 32 51 8 24 3 28 11 11 1 11 20 23 56 30 10 51 51 51 1 32 51 57 32 32 20 
20 32 51 57 1 1 1 1 57 43 5 30 32 1 33 1 51 1 52 52 1 1 1 24 33 9 25 9 33 52 9 24 25 25 42 25 24 42 42 8 12 1 32 57 51 51 57 51 50 10 50 56 56 8 32 32 50 51 51 11 32 32 51 51 51 1 51 38 11 11 50 51 32 32 51 50 51 32 
11 11 1 11 3 55 9 51 32 52 1 32 52 9 1 9 24 33 9 9 1 1 52 9 34 25 9 34 42 25 42 9 24 1 1 1 57 30 20 22 3 55 9 1 38 30 11 11 20 51 1 57 8 31 20 56 8 24 33 51 1 2 9 48 1 52 52 1 56 8 8 56 20 31 32 32 38 
57 32 32 11 57 32 3 26 9 1 1 51 50 9 9 1 1 24 42 25 42 32 52 33 52 55 47 6 42 33 59 25 47 9 8 23 11 32 1 51 11 51 50 8 11 20 50 50 57 11 23 47 1 1 48 57 32 50 50 51 30 43 38 20 57 51 1 1 32 51 11 32 1 52 1 3 
9 33 52 1 1 1 1 1 52 33 52 9 9 33 42 33 9 47 33 9 6 24 9 1 51 8 30 57 57 1 57 10 11 11 10 10 38 11 11 
32 1 32 11 51 11 11 57 32 32 51 11 32 51 50 32 23 8 52 52 1 22 17 52 1 1 1 33 52 1 9 47 9 33 33 52 33 6 9 25 3 42 9 25 9 9 51 8 24 3 22 33 32 38 51 1 1 57 43 10 43 38 38 23 47 56 9 2 42 9 11 8 11 32 
38 43 56 20 38 50 51 51 32 32 50 1 52 1 56 28 55 55 9 1 1 51 32 52 9 33 33 42 1 42 47 33 52 33 33 42 33 17 25 25 9 24 34 38 1 33 57 38 32 32 50 50 20 11 38 50 51 57 30 8 20 24 6 24 9 9 1 1 11 30 43 43 57 50 51 51 38 32 51 38 1 
1 32 1 1 51 51 51 23 15 30 32 1 1 1 1 1 1 52 33 1 9 25 9 9 52 33 28 9 9 42 9 6 47 9 38 20 30 51 1 38 20 1 11 57 20 56 43 38 57 56 57 1 1 1 11 32 32 38 51 51 51 32 32 11 11 57 11 11 32 32 38 51 32 51 
57 9 1 42 55 46 52 1 1 52 52 52 42 1 33 52 33 33 33 33 9 47 25 42 42 25 53 9 9 1 51 11 52 3 25 33 52 51 51 38 20 30 39 20 1 52 20 1 3 3 8 20 51 11 23 23 50 51 51 51 32 32 32 42 18 52 52 52 1 32 52 25 9 9 33 33 52 9 34 9 9 24 34 1 1 50 30 57 32 32 38 23 11 11 20 30 8 56 11 11 20 1 42 2 
9 11 23 32 11 30 8 31 43 51 11 38 32 51 32 1 32 57 51 1 1 1 1 1 1 1 32 32 1 1 32 1 32 24 24 9 42 9 42 9 33 60 9 33 6 22 34 22 10 56 32 11 57 57 10 11 11 56 43 56 20 11 51 32 11 30 32 11 11 1 32 11 32 32 51 11 51 11 11 1 20 11 51 38 32 9 11 20 1 47 
52 1 1 52 33 1 52 33 25 52 52 42 42 9 42 25 25 42 34 42 6 9 9 32 1 34 24 52 32 57 43 11 32 51 24 25 9 51 51 8 20 11 51 32 1 6 9 1 1 1 1 9 9 52 33 42 42 
47 25 9 42 20 51 51 11 51 57 38 57 51 51 51 52 34 55 52 1 11 56 30 50 32 32 11 32 1 32 1 1 32 57 11 1 1 1 1 1 52 1 33 25 52 52 9 34 24 34 34 6 42 10 11 32 51 57 50 8 30 11 11 51 32 
32 51 51 51 32 51 50 32 11 51 32 11 33 24 6 33 1 1 33 52 52 52 42 42 52 33 33 42 47 42 25 42 51 32 52 54 9 1 32 11 50 23 51 11 32 33 26 33 57 57 11 20 50 32 11 32 52 14 52 1 1 52 33 33 42 33 33 42 
24 24 24 42 1 56 50 51 32 51 20 11 38 10 20 51 24 60 9 1 20 8 20 51 51 51 57 51 1 32 1 1 5 1 1 1 1 1 1 33 33 9 33 9 6 25 47 42 1 1 56 10 10 50 20 38 51 32 51 50 11 51 32 32 51 1 6 59 33 1 1 52 33 25 9 52 9 42 34 47 33 1 32 
30 32 1 42 22 53 9 1 52 52 51 38 50 20 23 20 38 31 11 32 1 11 1 17 47 20 50 1 51 20 23 20 57 50 50 51 32 32 52 33 13 9 1 32 1 1 52 52 9 42 9 42 52 52 9 24 42 34 9 47 9 11 51 32 11 30 11 57 
20 32 33 44 11 51 32 57 8 20 51 1 32 32 1 52 18 52 1 1 1 1 52 33 52 33 9 9 47 9 9 47 1 10 50 32 20 10 57 38 38 50 57 32 51 32 32 51 50 11 32 32 42 
53 33 1 1 1 33 42 52 33 42 42 42 53 42 51 1 1 1 1 1 24 3 24 33 52 32 51 50 11 57 23 23 51 11 56 24 28 9 51 11 32 38 30 20 51 51 11 57 32 1 33 60 6 1 1 1 
52 1 1 34 42 33 33 1 52 22 42 42 42 24 23 56 38 51 11 11 32 51 50 11 57 20 56 57 42 11 20 3 6 9 32 51 20 50 30 8 20 32 32 32 1 1 1 32 33 58 1 1 1 1 1 1 1 52 33 
9 33 34 52 52 25 47 9 42 9 25 42 43 10 38 50 57 57 38 57 20 57 38 50 20 11 32 32 32 32 51 32 32 11 51 11 32 32 20 51 32 1 52 59 25 1 1 1 1 1 52 52 33 34 52 33 33 
33 42 25 42 42 6 33 33 1 24 1 43 42 33 30 9 24 39 1 24 28 20 23 1 20 52 9 48 51 32 32 1 1 1 51 38 8 11 43 51 1 51 39 57 52 32 32 33 
13 42 1 20 51 1 38 56 51 32 57 56 11 11 32 1 51 32 32 11 30 51 33 51 51 52 51 1 1 1 1 1 1 1 32 6 25 33 34 42 24 6 9 42 33 42 8 30 30 50 32 
32 11 32 57 11 11 56 20 11 32 57 23 28 55 55 52 38 11 51 56 31 30 32 32 50 32 32 51 1 1 32 1 7 25 52 52 1 1 1 52 52 52 9 9 52 52 9 9 42 34 25 55 9 
33 1 1 51 20 11 11 48 43 57 11 32 32 50 51 57 32 32 51 57 32 32 57 57 32 32 11 59 59 33 1 1 1 1 9 9 33 33 52 52 55 9 33 22 47 34 1 1 1 1 24 26 47 52 32 51 50 5 
11 20 8 1 1 1 51 11 1 24 8 1 55 24 22 56 8 57 1 1 57 56 8 1 11 57 57 8 32 32 50 1 32 52 42 1 47 42 36 8 32 
52 33 33 52 1 1 1 1 1 33 33 9 32 33 59 25 33 9 9 9 9 9 17 24 33 9 9 52 9 1 1 1 1 
1 39 11 1 32 51 30 1 32 23 11 57 50 51 31 57 50 30 8 20 20 38 11 32 11 38 8 51 32 51 32 51 57 51 1 1 1 1 1 1 1 1 32 1 52 9 9 33 24 34 42 42 33 6 1 1 32 23 48 51 11 20 50 20 20 30 51 32 11 32 32 
51 51 32 51 51 11 8 32 32 51 51 1 32 56 8 1 32 1 1 1 1 52 9 9 42 24 42 9 9 9 34 33 1 32 57 47 34 52 32 52 1 32 1 48 48 39 9 33 9 33 9 9 25 47 1 56 38 50 20 51 56 50 30 20 32 52 11 32 52 9 42 60 24 52 52 9 24 42 9 42 9 55 17 20 51 51 51 32 51 51 1 57 10 20 
56 43 20 42 55 3 1 43 11 51 23 32 32 31 11 11 20 1 1 1 20 8 57 50 1 51 51 38 32 32 32 32 22 1 42 17 33 1 51 52 33 1 52 52 52 33 33 42 33 52 9 33 1 9 34 24 9 52 42 
22 53 9 1 33 47 1 51 20 20 20 8 1 43 8 51 23 8 8 43 20 50 51 1 51 51 51 51 51 11 51 32 51 30 30 56 32 9 9 20 11 32 9 11 1 32 30 51 33 33 24 42 9 33 33 25 32 1 52 1 33 33 33 47 9 24 9 1 9 42 9 47 52 9 7 9 
1 33 24 9 1 1 1 32 32 1 1 1 1 24 21 52 1 1 11 10 57 1 1 1 1 1 8 20 1 20 11 11 20 1 23 1 9 11 8 1 1 1 1 1 8 20 1 1 1 23 56 32 51 8 1 8 20 11 56 1 1 1 48 8 1 1 8 
20 1 23 23 1 1 20 11 51 1 1 57 32 32 23 52 1 50 32 8 38 51 1 57 8 51 11 57 32 1 32 50 1 33 32 8 1 1 1 1 1 32 32 1 1 1 52 32 1 1 1 50 9 55 2 1 11 51 57 56 56 32 11 32 32 52 30 38 11 56 8 51 51 8 20 32 1 57 32 
1 1 57 52 1 32 32 56 8 32 1 32 50 50 50 50 51 51 11 57 11 51 51 11 1 9 9 9 1 1 1 1 32 32 1 52 52 1 52 9 9 9 34 9 25 25 9 47 42 9 32 43 50 11 30 50 10 10 38 57 32 11 23 32 51 11 32 32 20 11 38 30 51 32 32 1 11 32 47 26 1 11 33 52 52 
9 9 9 9 9 25 53 24 1 28 55 1 1 1 1 1 1 1 1 1 1 1 1 24 3 24 24 47 1 20 1 20 8 24 42 20 8 1 1 1 8 56 1 9 48 11 20 8 1 8 56 20 56 8 1 1 1 1 1 1 1 1 1 1 1 1 1 1 23 56 32 51 8 1 8 
39 42 42 39 8 1 1 1 1 1 1 1 8 48 22 24 8 20 1 1 1 1 11 56 47 9 11 56 47 9 1 23 20 28 24 1 8 39 11 20 8 1 1 1 1 1 1 1 1 1 8 20 24 9 57 11 
9 9 1 1 9 9 33 28 11 1 47 55 6 47 52 9 9 1 1 1 1 24 28 9 42 55 3 1 1 1 43 56 20 43 20 9 38 11 52 52 20 32 1 51 11 1 51 8 1 1 
1 1 1 8 56 1 9 48 11 20 8 24 22 12 50 32 11 11 48 9 1 11 47 48 1 22 48 43 12 12 8 1 1 1 8 39 11 1 11 38 51 1 57 51 50 57 32 32 32 32 32 50 50 51 32 32 50 32 1 1 32 50 38 32 1 1 51 50 9 1 10 11 11 56 8 48 38 38 51 33 51 
32 51 32 32 32 52 1 51 33 52 1 1 33 1 51 33 21 1 11 51 51 51 20 38 38 23 10 50 38 20 11 38 38 57 57 1 1 57 20 20 30 50 51 51 50 30 8 11 11 11 32 51 51 1 1 57 51 32 57 51 1 51 57 32 32 57 32 32 51 32 57 
32 1 1 32 32 32 11 32 52 1 57 32 1 51 38 1 1 1 52 57 30 51 51 57 1 32 42 7 33 51 32 52 1 1 32 52 33 9 55 22 25 32 11 32 1 56 38 51 51 50 11 23 30 32 20 38 32 51 57 51 52 36 1 1 51 48 38 32 32 11 8 51 50 38 30 57 51 
11 11 52 58 1 1 1 52 6 34 9 42 55 33 47 56 11 1 1 20 8 24 42 20 8 1 1 1 1 1 1 1 1 1 1 8 20 1 20 11 11 20 1 56 43 20 56 1 42 20 8 1 1 1 1 1 8 10 1 52 39 8 1 1 1 1 8 39 
9 1 20 1 20 8 1 1 1 1 1 57 50 11 11 52 52 48 47 20 23 1 20 1 42 20 8 1 1 8 20 42 1 48 22 24 1 1 1 8 10 52 9 52 1 1 52 52 1 52 52 33 9 33 42 24 55 55 33 33 33 9 26 24 24 22 48 56 20 8 8 20 11 48 11 20 43 20 11 48 11 20 8 
1 1 1 1 1 8 20 1 20 20 56 1 42 20 8 1 1 1 1 1 57 30 11 9 48 11 20 8 1 1 1 1 8 48 47 9 1 1 1 1 11 56 28 6 42 47 24 1 8 20 47 33 1 1 1 1 1 1 33 9 11 1 24 1 24 6 24 24 6 6 24 1 1 1 1 9 3 9 47 53 6 26 33 1 
11 50 30 11 51 60 32 51 20 50 38 51 52 16 1 1 1 3 57 11 57 20 38 57 51 20 20 11 3 32 11 20 20 51 57 11 32 1 1 1 1 1 1 1 52 25 25 42 47 9 38 10 50 51 51 11 51 50 51 32 11 51 26 
