71 71 33 10 78 68 23 48 33 2 2 2 2 2 2 2 29 25 29 29 22 54 2 15 70 2 2 2 70 40 70 2 2 2 70 65 45 28 22 22 2 45 65 2 65 2 10 65 70 2 2 2 2 2 2 
2 2 2 7 72 65 3 54 54 70 7 7 62 21 62 74 74 2 54 2 15 7 54 70 65 45 56 34 40 70 70 2 74 2 54 77 77 2 2 2 68 12 10 12 48 74 33 10 33 33 12 5 10 29 48 77 77 77 12 33 45 54 45 54 45 62 69 15 37 71 45 73 70 54 54 45 
45 15 2 15 26 2 2 2 71 74 13 54 54 72 72 69 72 69 65 35 70 2 70 11 65 65 2 65 70 2 2 2 70 65 45 28 45 65 39 65 65 21 72 78 33 65 74 2 62 2 74 15 54 7 54 15 54 54 2 15 45 7 54 45 70 54 15 54 45 7 2 71 15 73 15 15 15 45 45 62 54 15 21 45 22 65 70 29 25 66 2 36 10 2 15 71 74 2 74 74 71 75 
50 68 48 50 77 33 50 10 68 22 59 50 78 48 74 74 78 74 33 10 2 77 74 22 65 70 2 2 2 2 2 2 2 11 10 23 21 65 66 65 65 36 11 45 65 70 2 2 2 2 
2 70 62 62 11 2 65 70 2 2 2 70 65 2 21 56 70 2 2 70 32 11 39 65 65 21 45 22 65 70 70 65 2 21 65 36 65 35 2 36 56 54 2 2 2 2 2 2 2 2 7 21 10 29 70 62 15 22 2 2 10 5 47 29 29 22 72 7 2 2 2 2 2 2 2 29 77 77 25 29 2 29 36 22 10 48 68 29 12 47 48 50 36 45 2 47 
2 21 2 45 15 7 7 54 72 77 33 72 2 54 7 2 2 70 11 65 65 2 65 70 2 70 11 45 45 45 36 28 2 10 2 2 70 28 36 65 56 70 2 2 70 65 2 65 65 56 7 68 10 62 54 7 45 15 45 2 2 2 65 45 45 65 45 72 7 2 2 2 2 
70 65 45 3 40 70 2 2 2 7 15 15 15 74 74 2 74 74 77 2 
2 2 2 68 10 50 12 78 77 33 77 77 22 48 22 50 57 10 23 48 50 74 74 22 33 15 33 10 10 10 5 23 2 70 11 45 45 11 39 56 56 70 70 62 62 11 10 2 65 2 65 70 2 2 2 2 70 11 2 10 65 65 7 54 45 15 74 45 7 54 73 54 45 11 10 65 69 54 29 77 54 70 2 2 2 70 28 66 2 56 65 36 2 2 2 2 2 2 2 2 2 2 2 2 2 68 23 68 33 11 25 75 10 10 74 68 36 66 48 48 22 74 22 22 22 70 54 2 2 2 2 2 29 19 47 33 15 54 15 
2 15 7 11 11 72 74 65 7 7 56 45 2 45 11 2 66 2 
28 70 2 2 7 53 65 54 54 72 7 7 62 15 15 45 7 15 2 7 7 15 10 57 19 68 2 54 2 74 74 2 77 12 77 23 50 10 23 50 47 5 23 77 36 75 50 68 50 77 45 10 39 54 74 2 72 62 70 2 28 62 69 73 54 72 15 78 73 73 62 39 40 70 70 3 45 65 70 28 35 45 73 2 72 45 54 65 62 72 54 2 39 62 45 11 15 74 22 65 70 2 2 2 2 2 70 28 66 29 2 
2 2 72 2 71 50 2 2 2 68 22 33 10 10 10 75 29 50 12 47 23 29 10 68 48 48 77 68 35 11 70 10 65 70 2 2 70 40 70 70 11 45 45 11 2 22 72 2 78 54 70 2 29 77 54 70 70 73 54 45 65 7 2 2 73 73 54 7 35 2 2 54 54 15 71 2 65 10 2 28 2 2 2 
2 2 2 2 2 2 68 5 50 68 12 10 22 47 12 50 68 48 68 68 68 45 21 2 15 2 2 2 2 2 33 68 2 29 41 22 2 45 15 74 2 62 72 61 53 39 65 2 65 45 2 45 65 2 2 36 31 36 56 62 2 62 45 62 11 
15 54 70 15 2 70 56 45 62 39 2 2 29 47 58 48 15 74 74 2 2 71 71 2 71 71 2 74 77 48 29 22 29 75 50 22 22 10 22 10 47 48 48 78 45 7 2 29 10 28 61 15 2 15 15 2 54 54 54 72 35 56 54 7 49 72 72 15 15 45 2 45 
7 2 7 62 15 45 65 45 54 69 54 54 61 72 54 15 15 15 72 45 15 62 54 2 2 15 54 54 2 2 2 70 65 45 3 40 70 2 2 2 54 2 71 71 2 15 71 33 77 48 68 10 36 29 48 10 22 50 66 48 50 48 10 33 33 10 45 21 73 
73 65 65 7 45 72 35 52 73 54 54 61 62 45 45 54 7 70 53 15 54 15 15 73 15 70 15 15 54 15 54 54 62 45 15 15 54 15 15 15 7 15 15 54 15 54 45 2 54 
15 50 29 29 46 48 71 71 71 2 2 33 71 71 74 33 78 75 12 10 68 77 33 50 10 10 10 10 10 68 74 65 74 15 15 2 2 2 2 2 2 70 73 45 
45 54 15 54 15 54 35 62 69 45 45 72 45 45 54 45 45 74 10 31 19 68 7 35 65 62 54 72 62 54 54 7 54 7 45 45 72 45 15 
54 7 2 2 2 54 15 74 74 2 2 2 33 77 77 29 77 50 10 48 75 29 10 10 48 77 50 2 2 7 15 15 52 15 15 54 45 35 45 45 21 35 62 65 15 77 42 2 11 21 62 2 54 72 45 35 72 
15 45 72 7 15 54 54 15 45 33 74 74 65 70 29 66 28 70 2 7 2 33 2 15 71 2 2 74 71 2 2 71 68 33 71 75 23 22 48 78 74 50 10 78 23 57 2 77 10 45 2 70 39 45 15 21 39 11 65 
7 35 73 7 21 69 15 15 54 15 15 54 54 54 54 15 54 69 69 15 15 54 15 15 7 15 15 65 65 23 55 33 2 71 71 71 71 71 2 33 74 77 29 10 50 68 48 12 48 68 10 33 74 23 48 68 2 2 
2 2 2 54 72 54 9 22 15 2 15 45 54 54 54 35 35 45 15 7 7 54 35 7 2 54 45 2 70 62 7 21 35 2 15 72 65 62 45 45 15 15 45 72 15 15 7 54 2 74 31 2 15 2 71 74 2 2 2 74 33 33 29 22 77 78 50 10 36 23 68 77 22 77 48 
2 54 69 62 54 2 15 15 54 72 69 35 73 72 35 62 15 2 45 31 25 29 70 62 7 45 65 11 62 69 65 15 15 15 54 45 54 7 15 2 2 54 54 2 15 1 56 
69 72 2 71 2 2 71 71 71 74 33 74 78 50 10 50 10 57 29 50 10 33 10 22 71 7 49 35 69 73 54 11 70 65 56 62 54 15 15 45 7 7 15 15 69 15 54 7 54 45 54 2 2 72 54 45 45 11 31 46 2 15 2 2 33 71 74 48 77 22 74 33 10 22 10 12 10 48 77 77 50 74 77 78 2 2 2 2 2 2 2 2 2 29 25 57 23 54 15 2 71 15 45 45 72 54 62 73 72 35 7 54 72 7 2 15 7 2 2 54 72 65 45 54 45 72 72 21 54 15 72 54 54 54 15 54 15 
45 2 2 2 2 54 2 71 22 33 22 77 77 22 22 10 50 47 12 75 77 78 22 15 7 54 15 54 54 54 15 54 69 62 65 35 70 35 62 22 2 10 42 68 7 62 45 62 69 45 45 35 7 54 15 54 45 72 15 15 15 54 15 2 15 72 45 56 51 54 15 2 2 2 2 2 74 71 2 74 74 33 78 50 68 2 23 36 68 48 68 23 10 77 68 29 7 54 73 54 2 70 11 21 49 49 21 45 54 72 45 45 54 54 54 54 15 54 72 45 
7 7 15 15 54 15 45 72 15 2 45 36 36 9 50 15 74 33 2 71 22 10 33 33 22 33 
33 22 22 75 36 29 48 22 68 74 33 15 2 2 10 75 15 15 15 69 7 54 72 49 15 77 37 50 45 45 54 35 72 
15 45 54 15 2 36 71 33 33 22 77 78 33 74 36 57 74 2 45 69 54 54 15 15 15 54 72 72 54 35 45 2 7 56 65 11 70 2 2 70 11 21 70 54 2 45 62 35 45 15 15 45 15 2 54 54 2 15 15 15 7 53 28 61 49 72 45 2 71 71 71 33 71 71 33 74 22 10 22 77 68 48 10 59 68 74 74 33 22 62 67 15 45 52 70 51 72 72 45 15 54 15 15 15 72 7 15 15 54 2 33 8 22 33 74 71 77 22 74 33 68 5 50 
74 33 2 2 2 2 2 57 31 10 71 15 15 2 54 45 15 69 73 73 72 72 21 45 54 45 45 73 34 34 7 7 62 45 35 54 2 15 45 61 54 15 54 15 15 54 62 45 15 74 74 45 2 70 2 71 71 2 2 77 33 77 77 74 10 22 77 36 78 10 29 68 22 77 12 74 72 54 15 69 7 54 35 49 72 20 61 
72 54 62 62 7 72 45 15 54 15 2 15 54 80 78 71 71 71 2 74 77 77 23 29 75 10 33 78 7 49 35 15 15 69 49 73 49 49 73 45 54 15 54 15 54 72 45 15 15 45 45 62 15 15 7 15 15 72 45 45 73 39 2 2 2 2 2 2 71 74 78 68 22 33 33 10 29 50 47 48 22 50 50 74 2 74 15 54 2 
2 2 2 29 30 68 74 7 15 15 45 15 15 45 69 72 54 7 69 72 73 54 15 73 2 54 7 2 2 2 2 7 35 72 45 54 7 72 72 65 73 54 15 54 45 45 7 69 2 15 72 70 2 2 7 2 71 2 15 78 33 33 77 77 10 68 75 75 23 23 48 23 71 74 48 78 54 15 54 54 45 
65 65 35 45 35 65 7 2 2 2 15 72 69 69 62 52 62 54 15 54 45 45 54 2 2 15 54 2 2 15 15 2 2 2 71 71 74 77 22 50 33 22 47 23 10 68 48 22 68 53 7 70 70 62 61 7 54 70 21 11 39 21 45 62 69 2 54 15 15 45 69 45 
54 15 15 45 7 7 54 15 15 54 15 2 15 7 21 45 7 73 2 2 70 40 3 11 54 54 15 74 74 2 2 74 29 77 77 77 77 10 22 23 58 50 68 77 22 10 50 2 2 2 2 54 15 71 29 2 11 45 15 11 7 7 40 45 2 2 65 70 70 11 45 2 22 
22 28 22 9 65 45 15 11 7 2 2 28 35 45 49 11 45 72 62 23 23 31 46 2 15 71 71 71 2 2 71 71 2 2 57 5 10 50 29 12 48 68 10 2 12 57 2 2 2 54 73 7 15 15 15 15 15 35 7 54 62 35 54 7 2 76 48 15 67 45 54 35 
70 7 54 45 45 54 54 15 15 2 2 15 54 2 2 7 2 2 77 77 74 2 2 2 2 74 71 71 33 33 77 22 22 50 76 29 75 50 10 
22 74 48 68 54 15 15 72 53 56 39 39 35 7 7 2 7 11 15 65 62 54 73 61 72 15 54 15 15 15 54 62 45 65 15 7 54 2 35 65 2 2 22 9 22 62 54 2 2 2 2 54 33 68 
77 29 48 78 48 29 46 57 10 68 10 36 2 78 2 21 10 57 12 46 36 2 10 22 2 2 2 2 2 2 2 45 65 10 45 73 7 2 7 70 56 45 15 2 70 54 15 72 7 45 2 45 45 66 65 21 2 2 65 70 70 11 65 7 54 45 7 
15 54 15 2 72 15 15 45 45 7 54 35 15 2 15 73 15 45 65 45 74 10 2 66 25 29 70 71 71 2 2 2 71 2 71 50 29 36 36 77 78 47 50 75 10 10 47 68 23 2 2 54 7 49 35 72 61 7 70 11 45 2 2 45 11 2 10 65 70 2 2 70 11 45 45 7 35 7 2 7 72 
56 72 35 70 15 54 54 54 54 15 15 54 7 2 2 2 2 2 70 39 40 73 2 69 54 2 2 2 71 2 2 33 10 10 33 23 2 46 50 15 10 12 29 29 55 33 74 74 77 11 39 40 3 65 73 49 21 65 2 65 70 70 11 65 56 7 7 61 72 15 15 15 2 74 7 54 
2 15 7 11 15 15 54 15 7 54 54 2 2 54 54 45 45 45 7 54 15 7 54 2 62 54 2 77 2 45 31 19 68 15 2 74 2 71 74 33 77 48 29 29 68 77 66 12 29 68 78 29 54 78 68 2 29 10 22 31 57 10 10 23 50 45 7 45 2 2 15 62 39 70 3 65 72 7 
2 7 35 2 78 15 22 2 11 38 28 45 65 70 70 3 65 15 54 54 54 72 15 15 15 15 65 11 15 15 72 70 65 45 15 7 73 2 29 25 25 74 74 74 54 50 2 15 77 33 2 77 12 
22 68 36 5 22 74 46 12 48 75 10 15 15 54 15 15 45 45 62 65 35 7 2 70 65 65 45 2 2 2 2 36 65 11 54 54 54 54 54 54 65 11 45 72 7 73 45 54 15 45 54 2 15 15 15 54 15 77 25 2 66 25 74 2 33 71 2 2 71 
71 71 74 33 33 50 48 50 68 50 78 5 10 23 10 74 50 10 29 2 2 2 2 39 11 61 53 65 35 72 72 69 45 15 65 54 54 15 15 69 62 45 2 45 15 54 72 2 2 45 15 2 54 62 15 
2 73 54 11 15 15 73 2 2 45 74 50 76 12 10 15 2 22 71 2 2 71 77 2 74 12 22 23 23 68 10 22 23 57 10 29 77 2 2 45 45 74 30 36 77 2 54 15 15 56 35 35 72 15 7 7 
73 65 54 23 9 29 70 56 53 54 15 15 70 70 54 7 45 2 54 45 22 66 19 10 2 2 2 2 74 10 46 48 68 29 23 36 36 50 45 15 71 15 15 2 15 15 71 15 72 61 15 2 21 73 7 2 49 
72 15 2 15 15 45 2 70 65 45 3 74 2 73 54 2 73 7 15 11 62 15 72 54 15 54 45 15 15 35 2 15 2 15 2 36 9 36 33 71 15 71 74 74 71 74 48 77 10 48 77 12 10 22 31 75 
68 50 22 7 34 54 62 28 56 28 62 72 62 54 72 54 15 15 54 2 15 62 69 54 54 7 54 7 54 45 62 15 54 72 7 2 68 27 77 77 71 2 2 71 71 77 50 50 31 29 22 10 10 19 12 68 2 
70 65 23 37 23 77 33 15 54 54 62 7 54 56 35 54 45 35 45 15 22 10 21 21 2 2 70 11 45 65 61 15 15 7 21 7 15 45 35 45 15 15 72 54 31 15 2 74 2 15 33 22 
22 46 10 50 12 48 12 48 48 48 33 73 15 15 15 15 72 69 72 35 7 62 45 45 25 47 22 21 61 15 15 62 56 45 15 72 54 54 45 74 2 45 54 45 7 2 2 2 15 
2 2 74 71 2 71 22 31 50 22 48 48 47 10 68 14 39 45 54 49 7 62 21 54 56 39 65 56 7 54 65 62 7 2 2 54 54 45 45 54 45 72 54 15 15 7 54 54 45 15 
2 7 15 2 72 65 45 45 45 2 2 2 2 2 2 2 2 2 2 2 33 74 77 66 75 48 74 77 47 36 50 12 78 2 2 15 77 68 68 19 57 77 74 74 15 62 7 54 11 61 15 45 72 45 45 65 65 
2 2 10 9 10 2 65 45 65 49 54 15 62 21 62 35 15 54 35 15 54 69 50 4 2 54 71 71 2 71 77 71 77 12 10 68 50 75 75 75 5 68 77 77 11 72 15 15 15 15 2 54 45 45 69 52 54 15 
70 62 45 62 74 10 25 12 2 65 22 15 35 7 15 69 11 45 15 69 72 2 15 45 15 15 45 15 15 7 2 2 68 
19 55 77 15 15 71 71 74 2 71 10 78 48 75 68 10 12 76 23 50 50 10 29 36 41 11 70 2 70 56 56 39 39 62 61 11 72 54 
15 54 45 15 54 7 45 54 15 45 15 15 45 54 54 7 45 15 65 2 42 68 2 2 2 71 77 10 33 22 50 75 48 12 25 50 68 2 2 2 2 2 2 2 2 2 2 2 65 2 2 65 45 74 33 2 11 70 70 56 39 7 2 2 73 35 2 10 28 22 10 9 29 2 70 3 65 62 54 7 11 
54 21 72 2 72 35 45 15 45 65 65 2 23 55 50 2 15 2 71 2 33 33 68 19 5 68 15 73 39 56 39 7 73 70 69 35 70 65 72 54 54 45 15 54 11 70 72 54 7 56 2 10 2 36 12 74 54 73 54 54 70 21 62 35 35 49 15 2 2 15 15 74 74 10 66 9 10 33 71 71 71 71 71 77 77 77 23 57 10 78 58 29 48 75 15 35 21 54 45 3 39 35 45 
7 72 45 54 69 72 15 45 7 54 45 69 54 23 24 74 2 54 71 66 29 2 35 61 35 61 62 61 21 2 2 2 2 29 25 57 23 15 45 2 62 67 62 35 7 54 70 65 2 45 11 70 2 70 62 
35 45 7 73 7 61 35 72 2 45 72 65 54 54 22 2 65 2 2 2 15 15 71 2 2 33 78 46 23 22 50 29 33 2 68 75 75 36 12 48 29 22 72 45 56 39 21 7 54 15 15 52 11 65 62 45 72 15 66 50 72 73 72 73 7 69 65 15 15 54 15 71 2 70 7 15 33 68 2 54 2 2 2 2 2 33 12 66 66 
72 11 49 45 52 73 49 21 15 70 40 28 70 65 72 54 11 11 72 65 65 54 15 54 54 45 45 35 73 54 54 74 68 29 37 2 2 33 71 71 71 33 36 36 31 10 33 33 10 5 2 2 2 48 47 48 2 77 68 2 7 73 34 70 2 54 
70 45 68 10 57 10 2 45 70 15 15 51 62 61 70 45 72 15 10 47 46 12 77 71 71 71 71 74 68 75 10 36 10 22 75 29 5 39 35 15 15 15 54 54 62 73 56 73 54 2 70 65 10 29 29 22 72 7 2 2 54 11 73 61 49 15 15 45 7 2 33 54 45 2 2 10 77 71 2 74 
71 71 74 74 68 23 50 76 10 50 50 5 10 77 39 56 72 7 70 40 70 2 72 73 35 49 56 21 61 15 15 54 7 72 54 7 15 15 11 21 62 73 15 71 2 54 78 55 33 22 74 71 33 2 77 22 48 66 78 68 48 77 23 66 54 54 71 2 77 37 5 77 2 15 2 15 70 49 11 72 35 
70 54 15 10 5 2 21 54 54 54 54 35 35 35 69 54 15 2 74 23 12 29 50 71 71 74 33 74 33 36 36 29 10 23 10 57 36 77 2 7 52 62 2 2 54 72 72 54 73 65 35 11 65 65 45 31 57 66 11 65 54 45 72 7 39 73 15 72 72 15 2 15 45 
74 48 25 10 33 2 2 2 71 74 77 74 22 29 12 10 23 50 48 48 50 29 35 28 56 35 56 72 35 49 73 11 11 69 7 7 15 15 15 15 65 62 7 45 7 74 29 29 5 10 74 74 71 71 77 78 36 80 71 71 
77 68 30 2 2 2 2 2 29 25 5 68 71 2 2 74 15 11 3 7 72 72 15 7 21 31 57 31 45 45 45 21 72 54 72 52 70 45 54 69 2 2 54 66 66 29 2 
71 71 71 74 71 77 36 10 12 29 77 10 29 10 36 2 72 35 15 15 62 7 72 11 72 7 70 22 29 2 29 23 45 72 2 15 61 72 72 70 69 7 7 15 2 15 45 2 36 2 2 2 2 2 2 2 2 2 2 74 74 74 48 48 47 29 68 10 48 36 57 31 72 73 28 61 72 65 69 
35 35 52 69 54 45 15 54 65 72 45 15 15 35 73 54 2 15 15 77 36 33 22 77 77 74 74 48 12 29 68 10 75 48 12 23 2 2 2 2 57 76 10 68 2 54 35 73 56 65 56 7 73 7 2 22 11 31 12 22 45 56 2 33 7 39 65 7 56 
45 15 15 2 2 55 29 77 2 74 71 71 71 77 33 10 57 12 33 74 48 36 36 68 45 15 45 54 7 72 2 72 49 73 15 7 49 2 10 29 29 23 45 72 54 2 54 11 67 45 15 15 2 15 15 78 36 36 66 22 71 2 2 71 71 71 33 68 75 23 12 78 77 
23 10 68 77 15 45 73 73 56 73 7 7 69 35 52 62 45 65 54 15 45 54 54 15 45 62 15 54 74 22 22 50 77 2 74 68 10 75 10 68 10 33 10 47 23 2 22 12 46 29 68 2 15 15 7 72 11 70 7 73 45 2 77 57 22 77 45 45 15 
70 73 45 45 15 15 74 68 23 12 74 74 2 71 68 78 29 48 33 50 75 47 75 2 62 7 15 15 45 7 65 52 7 65 35 62 2 10 2 36 36 45 2 2 54 39 53 11 73 7 2 2 15 15 74 29 66 50 33 2 71 71 74 74 77 12 75 68 10 23 76 10 50 39 56 39 73 73 
69 72 49 49 54 7 7 54 45 15 15 61 35 45 72 54 74 50 29 23 74 2 71 74 77 33 78 31 10 78 10 31 2 2 2 29 19 68 2 2 2 54 11 49 72 54 54 15 2 10 46 45 62 2 54 54 54 35 11 35 62 15 2 15 10 57 29 5 50 2 71 33 74 33 68 33 48 58 29 10 10 75 75 62 69 54 15 15 54 54 73 
62 35 49 7 45 23 57 74 54 54 15 45 39 72 45 54 15 15 54 2 2 62 12 58 29 2 71 71 2 71 74 74 77 68 50 12 50 68 75 23 29 29 39 28 70 73 69 35 35 35 65 35 7 54 45 54 2 15 49 52 35 72 7 54 45 2 36 59 
