51 51 58 91 25 25 59 80 58 19 19 19 19 19 19 19 38 39 38 38 83 43 19 33 30 19 19 19 30 35 30 19 19 19 30 1 34 8 83 83 19 34 1 19 1 19 3 1 30 19 19 19 19 19 19 
19 19 19 99 92 1 50 43 43 30 99 99 96 86 81 51 51 19 43 69 68 99 43 30 48 34 26 12 35 30 30 69 58 19 43 13 13 19 19 19 25 21 3 21 80 51 58 91 58 58 21 2 3 38 80 13 13 13 21 58 34 43 34 95 34 96 70 68 37 51 34 87 30 68 68 34 
95 68 69 68 15 69 19 19 19 58 16 43 95 92 92 70 92 70 48 78 30 19 30 11 48 1 19 1 30 19 19 19 30 1 34 8 34 1 46 1 1 86 92 83 58 1 58 19 81 19 51 33 43 99 43 33 43 95 19 69 95 22 43 34 30 43 68 43 94 22 19 51 68 61 68 33 33 34 34 81 43 68 86 94 83 1 30 38 39 72 19 32 3 19 33 51 51 19 51 51 51 84 
62 93 80 62 13 58 93 91 25 83 10 62 25 80 58 51 83 51 58 3 19 13 58 83 1 30 19 19 19 19 19 19 19 11 3 59 86 1 72 1 1 32 11 34 1 30 19 19 19 19 
19 30 81 96 11 19 1 30 19 19 19 30 1 19 86 26 30 19 19 30 24 11 46 1 1 86 94 83 1 30 30 1 19 86 1 32 48 78 19 32 26 43 19 19 19 19 19 19 19 19 99 86 3 38 30 81 68 83 19 19 3 2 53 38 38 83 92 99 19 19 19 19 19 19 19 38 13 13 39 38 19 38 32 83 3 80 25 38 21 53 80 93 32 34 19 53 
19 86 19 34 69 22 22 43 92 13 58 92 19 43 99 19 19 30 11 48 1 19 1 30 19 30 11 34 34 34 32 8 19 3 19 19 30 8 32 1 26 30 19 19 30 1 19 1 48 26 99 25 3 81 43 99 94 33 34 19 19 19 1 34 34 1 34 92 99 19 19 19 19 
30 1 34 50 35 30 19 19 19 99 33 69 33 51 58 69 51 51 13 19 
19 19 19 25 3 62 21 83 13 58 13 13 83 3 83 93 40 91 59 3 93 51 51 83 58 69 58 3 3 3 2 59 19 30 11 34 34 11 46 26 26 30 30 81 96 11 3 19 1 19 1 30 19 19 19 19 30 11 19 3 1 48 22 43 34 33 51 34 99 43 87 43 34 11 3 48 70 43 38 13 43 30 19 19 19 30 8 72 19 26 1 32 19 19 19 19 19 19 19 19 19 19 19 19 19 25 59 93 58 11 39 67 91 3 58 25 75 72 80 80 83 51 83 83 83 30 43 19 19 19 19 19 38 14 53 58 68 43 69 
19 68 94 11 11 92 58 1 99 99 26 34 19 34 11 19 72 19 
8 30 19 19 99 60 82 43 43 92 99 99 81 33 68 34 94 69 19 99 94 68 3 40 14 25 19 43 69 51 51 19 13 21 13 59 93 3 59 62 53 2 59 13 32 84 62 93 93 13 34 3 20 43 58 19 92 81 30 19 63 81 70 87 43 92 68 83 87 61 81 46 35 30 30 50 34 1 30 63 78 94 87 19 92 94 95 48 96 92 43 19 46 96 95 11 33 58 83 1 30 19 19 19 19 19 30 8 72 38 19 
19 19 92 69 51 93 19 19 19 25 83 58 3 91 3 84 38 93 21 53 59 38 3 25 3 80 13 25 78 11 30 3 1 30 19 19 30 35 30 30 11 34 34 11 19 83 92 19 83 43 30 19 38 13 43 30 30 87 43 95 82 94 69 69 87 87 43 99 78 69 69 43 43 69 19 19 1 3 19 8 19 19 19 
19 19 19 19 19 19 25 52 62 25 21 91 83 53 21 93 93 3 25 25 25 34 86 19 68 69 69 19 19 69 58 25 19 38 9 83 19 34 33 58 19 81 92 74 60 46 1 19 1 34 19 34 1 19 19 32 79 32 26 81 19 81 95 81 11 
68 43 30 68 19 30 26 95 96 46 19 19 38 53 56 80 68 51 51 69 69 51 51 19 19 51 19 58 13 80 38 83 38 84 62 83 83 3 83 3 53 80 80 83 94 99 19 38 3 63 74 68 69 33 33 69 43 43 43 92 78 26 43 99 88 92 99 68 69 94 19 94 
99 19 99 81 68 34 48 34 43 70 43 43 74 92 43 33 33 33 92 34 33 81 95 19 19 33 95 43 19 19 19 30 1 34 50 35 30 19 19 19 43 19 51 51 69 33 51 58 13 80 25 3 32 38 80 3 83 62 27 80 93 80 91 58 58 3 34 86 87 
87 48 48 99 95 92 78 87 61 43 43 74 96 34 95 43 99 30 60 68 43 33 68 87 68 30 68 68 68 33 68 43 81 94 33 33 43 69 69 68 99 33 68 43 69 95 34 69 43 
69 93 38 38 27 80 51 51 51 19 19 58 51 51 51 58 25 67 21 91 25 13 58 62 3 3 91 3 91 93 51 48 51 33 68 19 19 19 19 19 19 30 87 94 
34 43 33 43 68 43 78 81 70 34 95 92 34 34 43 34 94 58 3 23 14 25 99 78 82 96 43 92 81 95 43 99 43 99 34 95 92 34 33 
43 99 19 19 19 43 69 58 51 19 19 19 58 13 13 38 13 62 3 80 67 38 91 3 80 13 93 19 19 99 33 68 30 33 33 95 95 78 34 95 86 78 96 48 68 13 4 19 11 86 81 69 43 92 95 78 92 
68 95 92 99 68 43 43 33 34 58 58 51 1 30 38 72 8 30 19 99 19 58 19 33 51 19 19 51 19 19 19 51 25 58 51 67 59 83 80 83 51 62 3 83 59 40 19 13 91 34 19 30 20 34 69 86 46 11 48 
22 78 87 99 74 70 68 68 43 69 69 95 43 43 43 68 43 70 70 33 33 43 69 33 22 68 68 48 1 59 44 58 19 51 51 51 51 51 19 58 58 13 38 91 62 93 80 75 80 25 91 58 51 59 80 25 19 19 
19 19 19 43 92 43 17 83 68 69 68 94 43 43 43 78 78 34 68 99 99 43 78 22 19 43 94 19 30 81 22 86 78 69 33 92 82 96 94 95 68 68 95 92 33 69 99 95 19 51 79 19 68 69 51 51 19 19 19 51 58 58 38 83 13 25 62 91 75 59 25 13 83 13 80 
19 43 70 96 68 69 33 68 43 92 70 78 87 92 78 81 69 19 34 23 39 38 30 81 22 34 48 11 81 70 48 68 33 68 43 94 43 94 33 69 69 43 43 19 68 76 26 
70 92 69 19 69 19 51 51 19 51 58 58 83 91 3 93 3 29 38 93 91 58 3 83 51 99 88 78 70 87 43 11 30 82 49 81 95 33 33 95 99 22 68 68 70 68 95 99 43 95 68 69 69 92 43 34 34 11 23 27 19 69 19 19 58 51 58 80 13 83 58 58 91 83 3 21 3 80 13 13 62 51 13 25 19 19 19 19 19 19 19 19 19 38 39 40 59 43 68 19 19 69 95 95 92 43 96 61 92 78 99 43 92 99 19 68 99 19 19 43 92 82 95 43 34 92 92 86 43 33 92 43 43 43 68 43 69 
34 19 19 19 19 43 19 19 83 58 83 13 13 83 83 3 62 53 21 67 13 83 83 69 22 43 69 43 43 43 33 43 70 81 82 78 30 78 81 83 19 3 4 25 99 81 34 81 70 34 34 78 94 68 33 43 95 92 68 33 68 43 33 69 68 92 34 26 71 43 33 69 19 19 19 19 51 19 19 51 51 13 83 93 93 69 59 84 25 80 25 59 91 13 25 38 22 43 87 43 19 30 11 86 88 88 86 34 43 92 95 95 68 43 43 43 68 68 92 95 
22 22 68 33 95 68 34 99 69 19 34 32 32 17 93 33 51 58 19 19 83 91 58 58 83 58 
58 83 83 67 32 38 80 83 93 51 58 33 19 69 91 67 33 33 33 70 22 43 92 88 68 13 77 93 34 94 43 78 99 
68 95 43 33 19 32 19 58 58 83 13 83 58 51 75 40 58 19 95 70 95 43 68 33 33 43 92 92 43 78 95 19 99 26 48 11 30 19 19 30 11 86 30 43 19 95 96 78 95 33 68 94 33 69 43 43 69 33 33 33 99 60 63 74 88 92 95 19 19 19 51 58 19 19 58 51 83 3 83 13 25 80 91 10 25 58 51 58 83 81 97 68 95 87 30 71 99 92 94 68 43 68 69 33 99 99 69 68 43 69 58 44 83 58 51 51 13 83 58 58 25 52 62 
51 58 19 19 19 19 19 40 23 91 19 68 69 19 95 95 68 70 61 61 92 92 86 34 43 94 94 87 12 12 99 99 81 34 78 95 19 33 95 74 43 33 95 68 33 43 81 34 68 51 51 34 19 30 19 19 51 19 19 13 58 13 13 58 3 83 13 32 25 3 38 25 83 13 75 51 99 68 33 70 22 95 61 88 92 66 74 
92 43 81 96 22 99 34 68 68 69 19 33 43 55 83 19 51 19 19 51 13 13 59 38 67 3 58 83 99 88 78 68 33 70 88 61 88 88 61 34 95 68 43 68 43 92 95 69 33 95 95 96 33 69 94 33 68 92 34 95 61 46 19 19 19 19 19 19 51 51 25 25 13 58 58 91 80 93 53 3 83 62 62 58 19 58 33 43 19 
19 19 19 38 57 25 51 22 33 33 95 68 68 34 70 99 43 22 70 92 87 43 68 87 19 43 99 19 19 19 19 99 78 92 95 43 22 92 92 82 87 43 68 43 95 94 94 70 19 69 92 30 19 19 99 19 19 19 68 83 58 58 13 13 3 25 67 67 59 59 80 59 51 51 80 83 68 33 43 43 95 
48 82 78 95 78 82 99 19 19 19 68 92 70 70 81 87 81 68 68 68 95 34 43 69 19 68 43 19 19 68 69 19 19 19 51 51 51 13 83 62 58 83 53 59 91 93 80 83 93 60 99 30 30 81 74 99 43 30 86 11 46 86 34 81 70 69 43 68 33 34 70 95 
95 33 69 95 99 99 43 33 68 95 33 69 33 94 74 95 99 87 19 19 30 35 50 11 43 43 68 58 51 19 19 51 38 13 13 13 13 3 83 59 56 62 93 13 83 3 62 19 19 19 19 43 68 51 38 19 11 34 69 11 99 99 35 34 19 19 1 30 30 11 34 19 83 
83 8 83 17 1 34 69 11 99 19 19 63 78 94 88 11 34 99 81 59 59 79 27 19 68 51 51 51 19 69 51 19 69 19 40 52 91 93 38 21 80 25 3 19 21 40 19 19 19 43 61 94 68 68 68 33 68 61 94 43 82 78 43 22 19 90 80 33 97 94 68 78 
30 99 43 95 95 68 95 68 33 69 19 68 43 19 19 99 19 19 13 13 51 19 19 19 19 51 51 51 58 58 13 83 83 93 90 38 67 91 91 
83 51 80 25 43 33 68 92 60 26 46 20 78 99 99 19 99 11 69 82 81 43 87 74 99 68 43 33 68 68 95 81 95 1 68 99 43 69 78 48 19 19 83 17 83 81 43 19 69 19 69 95 58 25 
13 38 80 25 80 38 27 40 91 25 3 32 19 25 19 86 3 40 21 27 32 19 3 83 19 19 19 19 19 19 19 34 1 3 34 87 99 19 99 30 26 34 33 19 30 43 33 92 22 34 19 34 34 72 1 86 19 19 1 30 30 11 48 22 43 34 94 
68 43 33 69 92 69 68 34 34 22 68 78 68 19 68 87 68 34 48 34 51 3 19 72 39 38 30 51 51 19 69 69 51 19 19 93 38 32 75 13 25 53 93 84 3 91 53 25 59 19 19 43 94 88 78 99 74 99 30 11 34 19 19 34 11 19 3 1 30 19 19 30 11 34 34 22 78 99 19 99 92 
26 92 78 30 69 43 43 43 43 69 68 43 99 19 19 19 19 19 30 20 31 87 69 70 95 19 19 19 51 19 19 58 3 91 58 59 19 27 62 69 3 21 38 38 44 58 51 51 13 11 46 35 50 1 87 88 86 1 19 1 30 30 11 48 26 99 99 74 99 69 68 68 69 51 99 43 
19 33 22 11 69 68 43 68 99 43 43 19 69 43 43 95 95 95 22 43 68 99 68 19 96 95 69 13 19 34 23 14 25 68 69 51 19 19 51 58 13 80 38 38 25 13 72 21 38 25 83 38 43 83 25 19 38 3 83 23 40 3 3 59 93 94 22 34 19 19 68 96 46 30 50 1 92 99 
19 99 78 19 83 33 83 19 11 5 8 34 1 30 30 50 1 33 43 43 43 92 33 68 68 68 48 11 68 68 92 30 48 34 68 99 87 19 38 39 39 58 51 51 43 93 19 68 13 58 19 13 21 
83 93 32 52 83 51 27 21 80 84 91 33 69 68 33 33 34 34 96 82 78 99 19 30 1 1 34 19 19 19 19 32 1 11 43 95 43 43 43 43 82 11 34 92 99 87 95 43 68 95 43 19 69 33 33 95 68 13 39 19 72 39 58 19 58 51 19 19 51 
51 51 51 58 58 62 3 62 93 62 83 52 3 59 3 51 93 91 38 19 19 19 19 46 11 74 60 48 78 92 92 70 95 68 82 95 95 68 68 70 96 34 19 34 68 68 92 69 69 95 68 19 95 81 33 
69 61 95 49 33 69 87 19 69 34 51 93 90 21 91 33 19 83 51 19 19 19 13 19 51 21 83 59 59 25 3 13 59 29 3 38 13 19 19 95 34 51 57 32 13 69 68 33 68 26 78 78 92 68 99 99 
61 82 43 59 17 38 30 26 60 43 69 68 30 30 43 99 95 69 43 34 83 72 14 91 19 19 19 19 51 91 27 80 93 38 59 32 32 93 95 33 19 33 68 19 68 68 19 68 92 74 68 69 86 87 99 19 88 
92 68 19 68 69 34 19 30 1 34 50 58 19 87 43 19 87 99 68 11 81 68 92 43 68 95 95 33 33 78 19 33 69 33 19 32 17 32 58 51 68 19 51 51 19 51 80 13 3 80 13 21 91 83 79 67 
25 91 83 99 12 43 81 8 26 63 96 99 81 43 92 95 69 33 95 19 33 96 70 43 95 22 43 94 43 34 81 68 95 99 22 19 25 28 13 13 51 19 69 51 51 13 62 93 23 38 83 3 3 14 21 25 19 
30 1 59 77 59 13 58 68 43 43 81 99 43 26 78 43 95 78 34 68 83 3 86 86 19 19 30 11 34 48 74 68 68 22 86 99 68 95 78 94 69 68 92 43 79 68 69 51 19 33 58 83 
83 27 3 62 21 80 21 3 80 80 58 61 69 69 68 33 92 70 92 61 99 81 34 34 39 53 83 86 74 68 68 81 26 95 69 92 95 43 95 51 19 34 43 94 99 19 19 19 33 
69 19 51 51 19 51 83 79 93 83 3 80 53 3 93 18 20 34 43 88 99 81 86 43 26 20 48 26 99 43 82 96 99 69 69 43 43 34 34 43 34 92 43 69 68 22 43 43 34 33 
69 22 69 69 92 82 95 34 34 19 19 19 19 19 19 19 19 19 19 19 58 51 13 72 67 3 58 13 53 32 91 21 25 69 69 68 13 25 25 14 40 13 58 51 69 81 99 43 11 74 33 34 92 34 34 48 1 
19 19 3 17 3 19 1 34 48 88 43 68 81 86 96 78 33 43 78 33 43 70 93 41 19 43 51 51 19 19 13 51 13 75 91 93 93 67 67 84 52 25 13 13 11 99 68 33 33 33 69 43 95 34 70 87 95 68 
30 96 94 81 58 3 39 21 19 1 83 68 78 99 33 70 11 94 33 70 92 69 69 34 68 33 95 68 33 99 19 19 25 
14 44 13 68 69 19 51 51 19 51 3 25 80 84 25 91 21 90 59 93 93 91 38 32 9 11 30 19 30 26 26 46 20 96 74 11 92 95 
68 43 95 68 43 22 95 68 33 34 68 33 94 43 43 22 34 68 48 19 4 25 19 19 19 51 13 91 58 83 62 84 80 21 39 62 25 19 19 19 19 19 19 19 19 19 19 19 1 19 19 48 34 51 58 19 11 30 30 26 20 99 19 19 87 78 19 3 8 83 3 17 38 19 30 50 1 81 43 99 11 
43 86 92 19 92 78 34 69 34 48 1 19 59 44 93 19 33 69 51 19 58 58 25 14 2 25 33 87 46 26 20 99 87 30 70 78 30 82 92 68 95 95 68 43 11 30 92 43 99 26 19 3 19 32 21 51 43 87 43 43 30 86 96 78 78 88 68 69 69 69 68 58 58 3 72 17 3 58 19 51 51 51 51 13 13 13 59 40 91 25 56 38 80 67 68 78 86 43 34 31 20 78 34 
22 92 34 95 70 92 68 95 94 68 34 70 95 59 89 51 19 43 19 27 38 19 78 74 78 74 81 74 86 19 19 19 19 38 39 40 59 68 94 19 81 97 96 78 99 43 30 48 19 34 11 30 19 30 81 
78 95 99 87 99 74 78 92 69 34 92 1 43 43 83 19 1 19 19 19 68 69 19 19 69 58 25 27 59 83 93 38 58 19 25 67 67 32 21 80 38 83 92 94 26 46 86 99 43 69 69 87 11 82 81 34 92 68 72 62 92 87 92 87 22 70 48 68 68 95 68 51 19 30 99 68 58 25 19 43 19 19 19 19 69 58 75 72 72 
92 11 88 95 87 87 88 86 33 30 35 63 30 1 92 43 11 11 92 82 82 68 68 68 43 34 34 78 61 43 43 58 25 38 77 19 19 58 51 51 51 58 32 32 23 91 58 58 91 52 19 19 19 80 53 80 19 13 25 19 94 87 12 30 19 43 
30 34 25 91 40 3 19 34 30 69 33 71 96 74 30 34 99 69 3 53 27 21 13 51 51 19 19 51 25 67 3 32 3 83 84 38 52 46 78 68 33 68 43 43 81 87 26 61 43 19 30 1 3 38 38 83 92 99 19 19 43 11 61 74 88 68 33 95 22 19 58 43 94 19 19 3 13 51 69 51 
51 19 51 58 93 59 62 90 3 93 93 52 91 13 46 26 92 99 30 35 30 19 92 87 78 88 26 86 74 68 68 43 94 92 43 99 33 68 11 86 96 61 68 51 19 95 83 44 58 83 51 51 58 19 13 83 80 72 25 25 80 13 59 72 43 43 51 19 13 77 2 13 19 69 19 69 30 88 11 92 78 
30 43 33 91 52 19 86 43 95 43 43 78 78 78 70 43 69 19 51 59 75 38 62 19 19 58 58 51 58 32 32 38 3 59 91 29 75 13 19 99 87 81 69 69 95 92 92 43 61 1 78 11 1 48 34 23 40 72 11 1 43 34 92 22 20 87 68 92 92 69 69 33 34 
51 80 39 91 58 19 19 19 19 51 13 51 83 38 21 91 59 62 3 80 62 38 78 63 26 78 49 99 78 88 87 11 11 70 99 22 33 33 68 68 82 81 99 34 94 58 38 38 52 3 51 51 19 51 13 25 32 55 51 51 
13 25 57 19 19 19 19 19 38 39 2 25 19 19 19 51 68 11 50 99 92 92 33 22 86 23 40 23 34 34 34 86 92 43 92 87 30 94 43 70 19 19 43 72 72 38 69 
51 51 19 51 51 13 32 91 21 38 13 91 38 91 32 19 92 78 68 68 81 99 92 11 92 99 30 83 38 19 38 59 34 92 19 69 74 92 92 30 70 99 99 69 19 69 95 19 32 19 19 19 19 19 19 19 19 19 19 51 51 51 80 80 53 38 93 91 80 75 40 23 92 87 8 74 92 82 70 
78 78 87 70 43 95 33 43 48 99 34 69 33 78 87 43 19 33 69 13 75 58 83 13 13 58 51 80 21 38 25 91 84 80 21 59 19 19 19 19 40 90 91 25 19 43 78 87 26 48 26 99 87 99 69 83 11 23 21 83 34 26 19 58 94 20 1 22 26 
95 68 33 69 19 44 38 13 69 51 51 19 51 13 58 91 40 75 58 51 80 32 32 25 34 68 34 43 99 92 19 92 88 87 33 99 88 19 91 38 38 59 34 92 43 19 43 11 97 94 33 69 69 33 33 83 32 75 72 83 51 19 19 51 19 51 58 25 67 59 75 83 13 
59 91 25 13 68 34 87 87 26 61 99 99 70 78 87 81 95 82 43 68 95 43 43 68 94 81 33 68 51 83 83 62 13 19 51 25 91 67 3 93 91 58 91 53 59 69 83 21 27 38 25 69 69 69 99 92 11 30 99 87 94 19 13 40 83 13 34 34 68 
30 87 34 34 69 33 51 25 59 75 51 51 19 51 25 25 38 80 58 93 67 53 84 19 81 99 68 68 34 22 48 87 99 82 78 96 19 3 19 32 32 34 19 69 95 46 60 11 61 22 69 69 68 33 58 38 72 62 58 19 51 51 51 58 13 75 67 93 3 59 90 3 93 46 26 20 87 61 
70 92 88 88 95 99 22 43 34 68 68 74 78 95 92 43 51 93 38 59 51 69 51 51 13 58 25 79 91 83 3 79 19 19 19 38 14 25 19 19 19 43 11 88 92 43 95 33 19 91 27 34 81 69 43 43 43 78 11 78 82 33 69 68 3 40 38 52 93 19 51 58 51 58 93 58 80 56 38 3 3 67 84 81 70 43 68 68 68 43 61 
81 78 88 99 34 59 40 58 95 43 33 94 20 92 95 95 33 33 43 19 19 81 21 56 38 19 51 51 19 51 51 51 13 25 62 75 93 25 84 59 38 38 46 8 30 61 70 78 78 78 1 78 94 95 95 43 69 33 88 87 78 92 99 43 34 19 32 10 
