4 4 35 36 37 23 21 36 38 4 4 4 4 4 4 4 11 32 11 11 37 31 4 49 18 4 4 4 18 3 18 4 4 4 18 1 31 34 37 37 4 31 1 4 1 4 36 1 18 4 4 4 4 4 4 
4 4 4 24 24 1 39 31 31 18 24 24 1 18 1 35 35 4 31 4 49 24 31 18 1 31 45 19 3 18 18 4 35 4 31 38 38 4 4 4 23 42 36 42 11 35 38 36 38 35 42 17 36 11 11 38 38 38 42 35 31 31 31 31 31 1 24 49 10 4 31 18 18 49 49 31 
31 49 4 49 41 4 4 4 4 35 25 31 31 24 24 24 24 24 1 1 18 4 18 20 1 1 4 1 18 4 4 4 18 1 31 34 31 1 14 1 1 18 24 37 35 1 35 4 1 4 35 49 31 24 31 49 31 31 4 49 31 24 31 31 18 31 49 31 31 24 4 35 49 18 49 49 49 31 31 1 31 49 18 31 37 1 18 11 32 17 4 44 36 4 49 4 35 4 35 35 35 44 
23 23 11 23 38 35 23 36 23 37 32 23 37 11 35 35 37 35 38 36 4 38 35 37 1 18 4 4 4 4 4 4 4 20 36 11 18 1 17 1 1 44 20 31 1 18 4 4 4 4 
4 18 1 1 20 4 1 18 4 4 4 18 1 4 18 45 18 4 4 18 28 20 14 1 1 18 31 37 1 18 18 1 4 18 1 44 1 1 4 44 45 31 4 4 4 4 4 4 4 4 24 18 36 11 18 1 49 37 4 4 36 17 27 11 11 37 24 24 4 4 4 4 4 4 4 11 38 38 32 11 4 11 44 37 36 11 23 11 42 27 11 23 44 31 4 27 
4 18 4 31 49 24 24 31 24 38 35 24 4 31 24 4 4 18 20 1 1 4 1 18 4 18 20 31 31 31 44 34 4 36 4 4 18 34 44 1 45 18 4 4 18 1 4 1 1 45 24 23 36 1 31 24 31 49 31 4 4 4 1 31 31 1 31 24 24 4 4 4 4 
18 1 31 39 3 18 4 4 4 24 49 49 49 35 35 4 35 35 38 4 
4 4 4 23 36 36 42 37 38 35 38 38 37 36 37 23 27 36 21 36 23 35 35 37 38 49 35 36 36 36 17 11 4 18 20 31 31 20 14 45 45 18 18 1 1 20 36 4 1 4 1 18 4 4 4 4 18 20 4 36 1 1 24 31 31 49 35 31 24 31 18 31 31 20 36 1 24 31 11 38 31 18 4 4 4 18 34 17 4 45 1 44 4 4 4 4 4 4 4 4 4 4 4 4 4 23 21 23 35 20 32 21 36 36 35 23 44 17 11 11 37 35 37 37 37 18 31 4 4 4 4 4 11 12 27 35 49 31 49 
4 49 24 47 20 24 35 1 24 24 45 31 4 31 20 4 17 4 
34 18 4 4 24 34 1 31 31 24 24 24 1 49 49 31 24 49 4 24 24 49 36 27 12 23 4 31 4 35 35 4 38 42 38 11 23 36 21 36 27 17 11 38 44 44 23 23 23 38 31 36 14 31 35 4 24 1 18 4 34 1 24 18 31 24 49 37 18 18 1 14 3 18 18 39 31 1 18 34 1 31 18 4 24 31 31 1 1 24 31 4 14 1 31 20 49 35 37 1 18 4 4 4 4 4 18 34 17 11 4 
4 4 24 4 35 23 4 4 4 23 37 38 36 36 36 44 11 23 42 27 11 11 36 23 36 11 38 23 1 20 18 36 1 18 4 4 18 3 18 18 20 31 31 20 4 37 24 4 37 31 18 4 11 38 31 18 18 18 31 31 1 24 4 4 18 18 31 24 1 4 4 31 31 49 4 4 1 36 4 34 4 4 4 
4 4 4 4 4 4 23 17 23 23 42 36 37 27 42 23 23 36 23 23 23 31 18 4 49 4 4 4 4 4 35 23 4 11 29 37 4 31 49 35 4 1 24 18 34 14 1 4 1 31 4 31 1 4 4 44 33 44 45 1 4 1 31 1 20 
49 31 18 49 4 18 45 31 1 14 4 4 11 27 7 11 49 35 35 4 4 4 35 4 4 35 4 35 38 11 11 37 11 44 23 37 37 36 37 36 27 11 11 37 31 24 4 11 36 34 20 49 4 49 49 4 31 31 31 24 1 45 31 24 20 24 24 49 49 31 4 31 
24 4 24 1 49 31 1 31 31 24 49 31 20 24 31 49 49 49 24 31 49 1 31 4 4 49 31 31 4 4 4 18 1 31 39 3 18 4 4 4 31 4 35 4 4 49 35 35 38 11 23 36 44 11 11 36 37 36 40 11 23 11 36 38 35 36 31 18 18 
18 1 1 24 31 24 1 18 18 49 31 20 1 31 31 31 24 18 34 49 49 49 49 18 49 18 49 49 49 49 49 31 1 31 49 49 31 49 4 49 24 49 49 49 4 31 31 4 31 
49 23 11 11 40 11 35 35 35 4 4 35 35 35 35 35 37 21 42 36 23 38 35 23 36 36 36 36 36 23 35 1 35 49 49 4 4 4 4 4 4 18 18 31 
31 31 49 49 49 49 1 1 24 31 31 24 31 31 31 31 31 35 36 7 12 23 24 1 1 1 31 24 1 31 31 24 49 24 31 31 24 31 49 
49 24 4 4 4 31 49 35 35 4 4 4 35 38 38 11 38 23 36 36 21 11 36 36 11 38 23 4 4 24 49 49 18 49 49 31 31 1 31 31 18 1 1 1 49 38 26 4 20 18 1 4 31 24 31 1 24 
49 31 24 24 49 31 49 49 31 35 35 35 1 18 11 17 34 18 4 24 4 38 4 49 35 4 4 35 4 4 4 4 23 38 4 21 21 37 36 37 35 23 36 37 21 27 4 38 36 31 4 18 14 31 49 18 14 20 1 
24 1 18 24 18 24 49 49 31 49 49 31 31 49 31 49 31 24 24 49 49 49 49 49 24 49 49 1 1 11 15 35 4 35 35 35 35 35 4 35 35 38 11 36 23 23 36 42 11 23 36 35 35 11 11 23 4 4 
4 4 4 31 24 31 2 37 49 4 49 31 31 31 31 1 1 31 49 24 24 31 1 24 4 31 31 4 18 1 24 18 1 4 49 24 1 1 31 31 49 49 31 24 49 49 24 31 4 35 33 4 49 4 4 35 4 4 4 35 38 38 11 37 38 37 23 36 44 11 23 38 37 38 11 
4 31 24 1 49 4 49 49 49 24 24 1 18 24 1 1 49 4 31 7 32 11 18 1 24 31 1 20 1 24 1 49 49 49 49 31 31 24 49 4 4 31 31 4 49 16 45 
24 24 4 4 4 4 4 4 4 35 35 35 37 36 36 23 36 42 11 23 36 35 36 37 4 24 20 1 24 18 31 20 18 1 47 1 31 49 49 31 24 24 49 49 24 49 31 24 31 31 49 4 4 24 31 31 31 20 7 40 4 49 4 4 35 4 35 11 38 37 35 38 36 37 36 42 36 11 38 38 23 35 38 37 4 4 4 4 4 4 4 4 4 11 32 27 11 31 49 4 4 49 31 31 24 31 1 18 24 1 24 31 24 24 4 49 24 4 4 31 24 1 31 49 31 24 24 18 31 49 24 31 31 31 49 31 49 
31 4 4 4 4 31 4 4 37 35 37 38 38 37 37 36 23 27 42 21 38 37 37 49 24 31 49 31 31 31 49 49 24 1 1 1 18 1 1 37 4 36 26 23 24 1 31 1 24 31 31 1 24 49 49 49 31 24 49 49 49 31 49 4 49 24 31 45 13 31 49 4 4 4 4 4 35 4 4 35 35 38 37 23 23 4 21 44 23 11 23 21 36 38 23 11 24 31 18 31 4 18 20 18 20 20 18 31 31 24 31 31 49 49 31 31 49 49 24 31 
24 24 49 49 31 49 31 24 49 4 31 44 44 2 23 49 35 35 4 4 37 36 38 35 37 35 
35 37 37 21 44 11 11 37 23 35 35 49 4 4 36 21 49 49 49 24 24 49 24 20 49 38 10 23 31 31 31 1 24 
49 31 31 49 4 44 4 35 35 37 38 37 38 35 44 27 35 4 31 24 31 31 49 49 49 49 24 24 31 1 31 4 24 45 1 20 18 4 4 18 20 18 18 31 4 31 1 1 31 49 49 31 49 4 31 49 4 49 49 49 24 34 34 18 20 24 31 4 4 4 4 38 4 4 35 35 37 36 37 38 23 11 36 32 23 35 35 38 37 1 13 49 31 18 18 13 24 24 31 49 31 49 49 49 24 24 49 49 31 4 38 15 37 38 35 4 38 37 35 35 23 17 23 
35 35 4 4 4 4 4 27 7 36 4 49 49 4 31 31 49 24 18 18 24 24 18 31 31 31 31 18 19 19 24 24 1 31 1 31 4 49 31 18 31 49 31 49 49 31 1 31 49 35 35 31 4 18 4 4 4 4 4 38 38 38 38 35 36 37 38 44 37 36 11 23 37 38 42 35 24 49 49 24 24 31 1 20 24 16 18 
24 49 1 1 24 24 31 49 49 49 4 49 31 7 37 4 35 4 4 35 38 38 11 11 21 36 38 37 24 20 1 49 49 24 20 18 20 20 18 31 31 49 31 49 31 24 31 49 49 31 31 1 49 49 24 49 49 24 31 31 18 14 4 4 4 4 4 4 4 35 37 23 37 38 35 36 11 23 27 36 37 36 23 35 4 35 49 31 4 
4 4 4 11 29 23 35 24 49 49 31 49 49 31 24 24 31 24 24 24 18 49 49 18 4 31 24 4 4 4 4 24 1 24 31 31 24 24 24 1 18 49 49 49 31 31 24 24 4 49 24 18 4 4 24 4 4 4 49 37 35 38 38 38 36 23 21 21 21 21 11 21 35 35 11 37 49 49 49 31 31 
1 1 1 31 1 1 24 4 4 4 49 24 24 24 1 18 1 49 49 49 31 31 31 4 4 49 31 4 4 49 49 4 4 4 4 4 35 38 37 23 38 37 27 11 36 23 11 37 23 34 24 18 18 1 18 24 31 18 18 20 14 18 31 1 24 4 31 49 49 31 24 31 
31 49 49 31 24 24 31 49 49 31 49 4 49 24 18 31 24 18 4 4 18 3 39 20 31 49 49 35 35 4 4 35 11 38 38 38 38 36 37 21 7 36 23 38 37 36 23 4 4 4 4 31 49 35 11 4 20 31 49 20 24 24 3 31 4 4 1 18 18 20 31 4 37 
37 34 37 2 1 31 49 20 24 4 4 34 1 31 20 20 31 24 1 11 11 33 40 4 49 35 35 35 4 4 4 4 4 4 27 17 36 23 11 42 11 23 36 4 42 27 4 4 4 31 18 24 49 49 49 49 49 1 24 49 1 1 31 24 4 33 11 49 13 31 49 1 
18 24 49 31 31 49 31 49 49 4 4 49 31 4 4 24 4 4 38 38 35 4 4 4 4 35 4 35 35 38 38 37 37 23 33 11 21 36 36 
37 35 11 23 31 49 49 24 34 45 14 14 1 24 24 4 24 20 49 1 1 31 18 18 24 49 49 49 49 49 31 1 31 1 49 24 31 4 1 1 4 4 37 2 37 1 31 4 4 4 4 31 35 23 
38 11 36 37 11 11 40 27 36 23 36 44 4 37 4 18 36 27 42 40 44 4 36 37 4 4 4 4 4 4 4 31 1 36 31 18 24 4 24 18 45 31 49 4 18 31 49 24 24 31 4 31 31 17 1 18 4 4 1 18 18 20 1 24 31 31 24 
49 31 49 4 24 49 49 31 31 24 49 1 49 4 49 18 49 31 1 31 35 36 4 17 32 11 18 35 35 4 4 4 35 4 4 23 11 44 44 38 37 27 23 44 36 36 27 23 11 4 4 31 24 20 1 24 18 24 18 20 31 4 4 31 20 4 36 1 18 4 4 18 20 31 31 24 1 24 4 24 24 
45 24 1 18 49 31 31 31 31 49 49 31 24 4 4 4 4 4 18 14 3 18 4 24 31 4 4 4 35 4 4 38 36 36 35 11 4 40 36 49 36 42 11 11 15 38 35 35 38 20 14 3 39 1 18 20 18 1 4 1 18 18 20 1 45 24 24 18 24 49 49 49 4 35 24 31 
4 49 24 20 49 49 31 49 24 31 31 4 4 31 31 31 31 31 24 31 49 24 49 4 1 31 4 38 4 31 7 12 23 49 4 35 4 4 35 35 38 11 11 11 23 38 17 42 11 23 37 11 31 37 23 4 11 36 37 7 27 36 36 11 23 31 24 31 4 4 49 1 14 18 39 1 24 24 
4 24 1 4 37 49 37 4 20 16 34 31 1 18 18 39 1 49 31 31 49 24 49 49 49 49 1 20 49 49 24 18 1 31 49 24 18 4 11 32 32 35 35 35 31 23 4 49 38 35 4 38 42 
37 23 44 17 37 35 40 42 11 44 36 49 4 49 49 49 31 31 1 1 1 24 4 18 1 1 31 4 4 4 4 44 1 20 31 31 31 31 31 31 1 20 31 24 24 18 31 31 49 31 31 4 49 49 49 31 49 38 32 4 17 32 35 4 35 35 4 4 35 
35 35 35 38 38 23 36 23 23 23 37 17 36 21 36 35 23 36 11 4 4 4 4 14 20 18 34 1 1 24 24 24 31 49 1 31 31 49 49 24 1 31 4 31 49 49 24 4 4 31 49 4 31 1 49 
4 18 31 47 49 49 18 4 4 31 35 23 33 42 36 49 4 37 4 4 4 4 38 4 35 42 37 11 11 23 36 37 21 42 36 11 38 4 4 31 31 35 29 44 38 4 49 49 49 45 1 1 24 49 24 24 
18 1 31 11 2 11 18 45 34 31 49 49 18 18 31 24 31 4 31 31 37 17 12 36 4 4 4 4 35 36 40 11 23 11 21 44 44 23 31 49 4 49 49 4 49 49 4 49 24 18 49 4 18 18 24 4 20 
24 49 4 49 49 31 4 18 1 31 39 35 4 18 31 4 18 24 49 20 1 49 24 49 49 31 31 49 49 1 4 49 4 49 4 44 2 44 35 35 49 4 35 35 4 35 11 38 36 11 38 42 36 37 33 21 
23 36 37 24 19 31 1 34 45 34 1 24 1 49 24 31 49 49 31 4 49 1 24 31 31 24 31 24 49 31 1 49 31 24 24 4 23 9 38 38 35 4 4 4 35 38 23 23 7 11 37 36 36 12 42 23 4 
18 1 11 10 21 38 35 49 49 31 1 24 31 45 1 31 31 1 31 49 37 36 18 18 4 4 18 20 31 1 18 49 49 24 18 24 49 31 1 31 49 49 24 31 33 49 4 35 4 49 38 37 
37 40 36 23 42 11 42 36 36 11 38 18 49 4 49 49 24 24 24 1 24 1 31 31 32 27 37 18 18 49 49 1 45 31 49 24 31 31 31 35 4 31 31 31 24 4 4 4 49 
4 4 35 4 4 35 37 33 23 37 36 11 40 36 23 5 14 31 31 20 24 1 18 31 45 14 1 45 24 31 1 1 24 4 4 31 49 31 31 31 31 24 49 49 49 24 31 31 31 49 
4 24 49 4 24 1 31 31 31 4 4 4 4 4 4 4 4 4 4 4 35 35 38 17 21 36 35 38 27 44 36 42 37 4 4 49 38 23 23 12 27 38 35 35 49 1 24 31 47 18 49 31 24 31 31 1 1 
4 4 36 2 36 4 1 31 1 20 49 49 1 18 1 1 49 49 1 49 31 24 23 30 4 49 35 35 4 4 38 35 38 42 36 23 23 21 21 44 17 23 38 38 20 24 49 49 49 49 4 31 31 31 24 18 31 49 
18 1 31 1 35 36 32 42 4 1 37 49 1 24 49 24 20 31 49 24 24 4 49 31 49 49 31 49 49 24 4 4 23 
12 15 38 49 49 4 4 35 4 35 36 37 36 44 23 36 42 33 21 23 23 36 11 44 29 20 18 4 18 45 45 14 14 1 18 20 24 31 
49 31 31 49 49 24 31 49 49 31 49 49 31 31 49 24 31 49 1 4 26 23 4 4 4 35 38 36 35 37 23 44 11 42 32 36 23 4 4 4 4 4 4 4 4 4 4 4 1 4 4 1 31 35 35 4 20 18 18 45 14 24 4 4 18 1 4 36 34 37 36 2 11 4 18 39 1 1 31 24 20 
31 18 24 4 24 1 31 49 31 1 1 4 11 15 23 4 49 4 35 4 38 35 23 12 17 23 49 18 14 45 14 24 18 18 24 1 18 1 24 49 31 31 49 31 20 18 24 31 24 45 4 36 4 44 42 35 31 18 31 31 18 18 1 1 1 20 49 4 4 49 49 35 35 36 17 2 36 35 4 4 4 35 35 38 38 38 21 27 36 37 7 11 11 21 49 1 18 31 31 39 14 1 31 
24 24 31 31 24 24 49 31 24 49 31 24 31 11 29 35 4 49 4 40 11 4 1 20 1 20 1 18 18 4 4 4 4 11 32 27 11 49 31 4 1 13 1 1 24 31 18 1 4 31 20 18 4 18 1 
1 31 24 18 24 18 1 24 4 31 24 1 31 49 37 4 1 4 4 4 49 49 4 4 4 35 37 40 21 37 23 11 38 4 23 21 21 44 42 11 11 37 24 31 45 14 18 24 49 49 4 18 20 1 1 31 24 49 17 36 24 18 24 18 24 24 1 49 49 31 49 35 4 18 24 49 35 23 4 31 4 4 4 4 4 35 42 17 17 
24 20 20 31 18 18 20 18 49 18 3 34 18 1 24 31 47 47 24 1 1 49 49 49 31 31 31 1 18 49 31 35 23 11 10 4 4 35 4 4 35 38 44 44 7 36 35 35 36 17 4 4 4 11 27 11 4 38 23 4 24 18 19 18 4 31 
18 31 23 36 27 36 4 31 18 49 49 13 1 18 18 31 24 49 36 27 40 42 38 4 4 4 4 35 23 21 36 44 36 37 44 11 17 14 1 49 49 49 31 31 1 18 45 18 31 4 18 1 36 11 11 37 24 24 4 4 31 20 18 18 20 49 49 31 24 4 35 31 31 4 4 36 38 4 4 35 
4 4 35 35 23 11 23 33 36 23 23 17 36 38 14 45 24 24 18 3 18 4 24 18 1 20 45 18 18 49 49 31 24 24 49 24 49 49 20 18 1 18 49 35 4 31 37 15 38 37 35 35 38 4 38 37 11 17 37 23 11 38 21 17 31 31 35 4 38 10 17 38 4 49 4 49 18 20 20 24 1 
18 31 49 36 17 4 18 31 31 31 31 1 1 1 24 49 49 4 35 21 42 11 23 4 4 35 35 35 35 44 44 11 36 21 36 42 44 38 4 24 18 1 4 4 31 24 24 31 18 1 1 20 1 1 31 7 27 17 20 1 31 31 24 24 14 18 49 24 24 49 4 49 31 
35 11 32 36 35 4 4 4 4 35 38 35 37 11 42 36 21 23 36 11 23 11 1 34 45 1 47 24 1 20 18 20 47 24 24 24 49 49 49 49 1 1 24 31 24 35 11 11 17 36 35 35 4 4 38 37 44 7 35 4 
38 23 29 4 4 4 4 4 11 32 17 23 4 4 4 35 49 20 39 24 24 24 49 24 18 7 27 7 31 31 31 18 24 31 24 18 18 24 31 24 4 4 31 17 17 11 4 
4 4 4 35 35 38 44 36 42 11 38 36 11 36 44 4 24 1 49 49 1 24 24 20 24 24 18 37 11 4 11 11 31 24 4 49 18 24 24 18 24 24 24 49 4 49 31 4 44 4 4 4 4 4 4 4 4 4 4 35 35 35 11 36 27 11 23 36 11 44 27 7 24 18 34 18 24 1 24 
1 1 18 24 31 31 49 49 1 24 31 49 49 1 18 31 4 49 49 38 44 38 37 38 38 35 35 11 42 11 23 36 44 11 42 21 4 4 4 4 27 33 36 23 4 31 1 18 45 1 45 24 18 24 4 37 20 7 42 37 31 45 4 35 24 14 1 24 45 
31 49 49 4 4 15 11 38 4 35 35 4 35 38 35 36 27 42 38 35 11 44 44 23 31 49 31 31 24 24 4 24 20 18 49 24 20 4 36 11 11 11 31 24 31 4 31 47 13 31 49 49 4 49 49 37 44 44 17 37 35 4 4 4 4 35 35 23 21 11 42 37 38 
21 36 23 38 49 31 18 18 45 18 24 24 24 1 18 1 31 1 31 49 31 49 31 49 24 1 49 49 35 37 37 23 38 4 35 23 36 21 36 23 36 38 36 27 11 4 37 42 40 11 23 4 49 49 24 24 20 18 24 18 31 4 38 27 37 38 31 31 49 
18 18 31 31 49 49 35 23 21 42 35 35 4 4 23 37 11 11 35 23 21 27 44 4 1 24 49 49 31 24 1 18 24 1 1 1 4 36 4 44 44 31 4 4 31 14 34 47 18 24 4 4 49 49 35 11 17 23 38 4 35 4 35 35 38 42 21 23 36 21 33 36 23 14 45 14 18 18 
24 24 20 20 31 24 24 31 31 49 49 18 1 31 24 49 35 23 11 21 35 4 35 35 38 38 37 33 36 37 36 33 4 4 4 11 12 23 4 4 4 31 20 20 24 31 31 49 4 36 40 31 1 4 31 31 31 1 47 1 1 49 4 49 36 27 11 17 23 4 35 35 35 38 23 38 11 7 11 36 36 21 44 1 24 49 49 49 49 49 18 
1 1 20 24 31 11 27 35 31 31 49 24 14 24 31 31 49 49 31 4 4 1 42 7 11 4 35 4 4 4 35 35 38 23 23 42 23 23 44 21 11 11 14 34 18 1 24 1 1 1 1 1 24 31 31 31 4 49 20 18 1 24 24 31 31 4 44 32 
