47 58 99 28 58 34 33 8 29 101 96 77 138 59 34 91 91 91 91 76 30 122 1 113 103 40 40 100 44 70 139 31 20 124 50 37 85 20 100 1 91 70 39 70 42 1 63 98 134 
85 48 138 91 116 119 119 105 58 37 43 8 29 85 140 99 77 29 12 136 40 1 134 71 40 139 106 18 113 100 100 98 124 33 33 63 18 98 98 113 40 79 40 109 63 66 66 113 113 134 91 113 91 26 91 91 42 
28 58 116 116 22 119 105 34 124 36 122 37 101 60 96 43 43 126 60 51 129 70 123 136 70 91 139 139 31 27 136 106 139 125 125 27 129 98 71 63 98 1 20 113 98 130 63 22 22 77 50 47 121 28 58 22 22 121 34 132 76 137 59 124 77 21 37 36 101 125 98 91 60 37 54 61 8 98 71 98 139 39 39 100 1 94 94 131 63 124 122 61 122 85 
91 89 100 125 131 139 27 39 139 113 66 134 125 137 54 72 28 116 116 105 87 34 28 60 36 126 135 124 37 77 37 33 77 115 131 125 63 94 103 40 109 40 
40 139 44 98 120 61 22 76 50 63 31 70 40 94 136 44 40 20 125 98 103 94 113 22 4 22 50 26 52 124 22 125 124 105 22 22 22 22 121 137 73 76 137 72 101 96 137 72 92 114 110 31 109 128 117 103 131 134 98 117 1 129 119 73 124 58 58 28 47 8 126 47 132 
28 47 52 54 47 91 98 70 82 18 40 113 71 36 61 36 66 1 71 1 56 117 106 71 105 99 45 60 119 119 105 121 34 73 72 34 72 8 73 76 101 94 103 98 63 18 94 117 91 77 101 22 
94 129 128 42 1 71 66 116 125 53 52 121 105 119 87 126 73 
37 101 36 107 77 108 40 79 115 136 109 115 70 131 113 94 125 125 136 136 125 121 77 48 124 99 121 121 77 33 135 99 126 52 101 101 121 29 72 116 66 63 79 103 31 113 60 43 8 94 1 1 70 27 103 1 98 85 86 28 87 87 87 99 122 73 47 72 59 42 42 1 103 117 131 20 1 1 109 63 54 85 31 136 130 136 80 106 63 98 71 66 105 26 60 22 22 87 121 28 36 36 61 60 60 54 72 42 108 108 42 22 42 35 
44 94 31 1 1 63 1 130 113 1 103 125 113 113 71 125 70 
98 66 125 1 1 98 121 71 70 28 53 60 22 98 116 105 22 136 63 22 129 139 40 117 18 129 40 1 106 136 31 89 106 106 106 136 129 91 91 129 89 85 76 91 91 29 63 63 63 89 1 113 129 42 39 20 89 1 113 129 129 70 89 31 136 42 42 55 78 63 39 63 1 139 129 1 115 18 136 10 1 1 114 50 92 33 
140 119 113 134 121 51 7 7 42 129 70 39 129 129 70 79 95 70 20 124 124 40 20 131 131 129 129 70 89 103 131 139 129 129 136 100 42 22 22 76 30 33 85 55 28 22 39 1 66 70 35 63 40 35 117 63 136 71 98 22 22 22 22 22 22 129 40 124 76 91 91 129 
134 105 116 66 116 119 116 134 71 99 36 76 22 114 42 22 70 39 125 125 103 129 40 110 39 129 129 70 89 63 39 42 91 91 42 108 108 42 91 42 114 91 114 91 85 89 129 91 91 91 42 39 91 124 55 91 85 91 91 89 
129 91 42 63 77 91 108 22 85 89 89 22 20 42 22 22 42 39 63 63 63 29 39 124 17 76 22 22 22 129 1 60 22 113 99 101 22 129 89 85 61 4 76 22 22 22 22 22 22 22 22 22 42 114 22 114 42 22 42 39 20 39 10 1 71 89 20 27 63 
91 91 91 91 91 76 85 20 42 91 22 22 22 20 20 39 91 85 20 42 42 108 108 42 42 108 20 29 39 63 124 26 50 22 124 63 108 42 42 39 22 63 79 129 22 42 114 22 39 63 20 22 122 17 76 22 22 22 22 22 22 22 22 22 22 
22 22 22 22 76 4 61 85 20 42 22 42 108 108 42 22 42 39 20 39 42 22 42 108 20 29 39 63 20 22 22 42 114 29 20 89 91 20 42 91 91 91 42 108 
108 42 91 42 39 63 124 122 76 76 50 114 42 42 39 20 39 42 42 114 22 39 63 22 22 20 42 22 22 22 22 22 22 
91 91 91 91 91 91 42 1 28 121 66 71 47 101 22 22 22 22 22 22 22 76 4 76 22 22 76 85 20 42 42 39 20 39 42 
22 22 42 39 63 63 39 42 42 39 63 63 39 22 60 1 22 85 20 42 129 42 108 108 10 79 139 40 42 94 113 44 70 63 125 113 66 66 63 113 131 40 44 130 116 66 94 28 28 22 22 22 22 
22 58 119 119 99 140 76 104 76 140 34 47 96 4 36 47 66 66 91 91 91 91 91 40 66 71 117 1 1 39 35 18 63 1 20 124 50 29 40 129 116 125 63 63 31 
44 94 94 42 94 1 94 105 113 69 57 98 22 116 134 116 87 28 47 76 43 77 12 101 60 137 75 12 138 85 100 117 125 103 1 129 27 136 20 39 40 94 63 63 91 20 16 35 
70 125 139 39 1 40 10 103 130 129 1 113 134 116 134 98 91 91 91 91 91 91 22 119 58 28 59 33 96 137 124 140 33 107 120 124 77 85 20 42 91 91 42 55 63 20 42 42 7 131 113 129 91 129 70 20 63 20 91 20 42 91 1 106 20 121 66 20 125 91 91 125 63 
103 70 70 66 71 94 58 119 117 129 125 28 40 40 103 131 63 94 63 20 85 17 52 60 28 28 116 22 28 58 60 60 36 8 137 8 137 99 28 124 96 101 73 76 77 28 
103 91 140 113 1 91 101 52 85 17 124 91 91 91 63 31 1 91 70 70 20 114 63 89 70 70 20 63 20 91 124 26 26 124 91 20 63 63 20 63 40 129 10 63 94 20 125 136 70 63 71 134 63 39 22 22 22 98 98 99 119 105 58 140 73 34 77 96 4 22 52 8 36 76 61 39 63 124 66 94 1 125 134 91 125 113 91 113 1 91 129 89 63 55 10 39 20 
125 125 91 91 91 20 91 4 26 124 91 89 89 91 20 42 42 139 89 20 63 131 125 40 136 87 121 35 98 121 63 63 63 42 91 76 17 122 91 20 52 28 116 113 121 140 28 22 22 22 22 77 52 77 8 50 77 58 99 47 96 137 101 52 96 96 47 1 94 100 70 129 95 79 106 1 40 129 27 27 125 18 70 63 98 125 66 71 1 113 20 20 70 94 22 22 1 89 
2 52 77 28 116 99 22 125 28 137 85 101 76 120 47 47 73 36 36 85 96 76 
91 91 91 91 91 76 17 85 58 71 117 70 66 129 40 18 56 98 1 20 130 63 63 131 129 91 91 42 131 116 134 139 70 109 56 113 129 40 91 98 100 31 63 50 92 54 101 1 66 121 22 66 121 60 60 73 36 36 77 34 36 37 77 12 52 73 113 103 113 63 125 66 106 115 136 108 94 113 106 129 20 70 91 42 7 65 113 71 129 40 39 40 129 106 94 94 40 131 125 1 63 1 113 125 
66 91 66 71 66 25 91 91 91 91 116 116 119 121 99 60 99 120 85 77 36 126 85 99 77 59 120 77 91 129 79 89 63 71 136 108 91 89 108 42 91 129 139 20 31 91 31 40 40 125 103 27 98 91 98 1 98 113 139 71 71 125 87 113 136 31 131 1 31 109 134 134 79 91 30 50 99 22 22 22 22 66 66 22 96 54 61 76 124 40 95 139 94 
20 129 108 115 115 44 125 103 1 91 91 91 91 98 63 47 93 96 47 91 91 131 70 131 1 7 1 1 42 1 139 115 98 125 136 91 8 17 76 42 20 91 20 20 31 71 113 40 129 18 109 27 66 113 44 94 1 22 124 118 37 116 87 99 22 125 28 22 89 2 61 28 103 98 22 22 40 79 
139 10 79 109 106 94 71 98 139 91 42 39 91 66 117 103 91 125 131 129 129 129 70 20 40 103 40 39 20 20 63 125 40 91 17 85 91 91 20 63 63 39 134 63 79 91 39 27 18 113 125 106 103 98 113 106 66 98 91 122 91 91 42 66 119 105 116 116 121 116 22 61 4 76 22 22 22 94 20 117 109 42 100 83 
98 134 130 94 94 91 42 108 108 134 131 70 71 79 100 129 42 39 39 103 1 70 131 63 31 71 125 70 98 91 66 136 129 136 129 125 113 20 131 129 27 29 91 26 8 140 121 119 119 116 66 140 34 138 54 22 22 103 94 94 131 79 139 129 
95 123 129 44 130 1 98 66 91 98 116 60 101 42 63 2 76 76 60 131 70 131 91 40 20 91 20 70 70 139 20 70 40 1 91 91 91 91 91 91 91 129 70 63 99 109 103 116 18 1 66 10 27 113 94 134 66 71 71 
63 1 52 93 101 1 22 105 22 66 66 136 85 93 60 22 28 58 125 39 31 89 10 129 64 94 113 94 116 116 125 10 100 136 125 66 66 71 71 91 94 63 40 103 31 110 129 129 70 89 27 103 121 28 91 47 6 122 91 136 125 
124 89 89 20 63 1 42 39 108 31 134 94 98 134 63 113 134 91 27 94 1 91 76 4 36 101 98 66 116 116 105 58 22 136 52 88 
22 103 125 1 113 31 39 131 110 89 31 103 125 40 63 91 42 108 108 125 71 129 42 108 108 10 79 40 103 129 1 91 66 31 70 94 134 113 94 98 106 1 113 115 106 94 98 22 94 125 98 1 101 92 13 137 
28 22 22 22 22 22 22 76 54 29 137 71 134 125 94 80 129 125 25 39 56 71 66 103 1 98 91 91 91 91 91 91 101 13 43 36 28 63 113 131 39 20 63 79 40 94 100 109 66 58 63 42 22 22 22 129 129 20 94 103 98 113 139 44 136 106 130 71 134 94 
103 94 139 41 100 98 22 22 22 22 22 60 50 92 52 22 66 129 139 106 39 31 136 25 18 131 113 134 71 139 20 103 1 71 91 66 129 94 106 20 117 18 129 70 136 103 125 124 63 39 91 4 26 124 91 20 63 98 1 100 129 129 
35 18 131 63 1 125 134 98 71 134 27 98 91 129 79 68 94 91 105 58 22 22 116 105 101 76 53 124 98 129 98 1 129 139 128 44 89 63 94 66 71 10 136 27 95 129 39 108 56 109 103 63 1 129 129 113 1 125 129 129 113 20 131 71 134 20 124 93 101 22 22 22 22 22 101 15 33 22 129 
27 89 18 44 89 136 115 27 131 91 91 91 91 91 101 93 137 91 71 136 70 117 117 89 70 129 94 116 71 91 129 70 20 20 129 94 130 130 89 139 125 117 63 103 125 9 91 22 105 105 22 22 22 96 50 98 94 106 44 31 44 44 27 106 71 113 103 70 98 98 94 1 106 109 
129 139 106 94 27 63 131 129 91 91 91 129 18 117 63 20 1 40 80 94 129 63 134 125 113 125 113 113 113 25 91 91 116 22 22 116 66 105 104 119 1 103 27 136 40 110 56 40 1 63 115 136 
83 125 103 110 89 82 70 63 129 40 113 63 94 1 125 94 115 103 131 131 125 131 125 91 66 33 26 58 91 22 22 22 22 22 22 22 101 6 22 40 1 108 79 39 40 89 44 1 31 40 91 91 91 60 50 61 91 91 91 42 70 70 136 108 40 94 70 91 
91 129 139 20 139 31 136 136 70 31 125 71 71 91 81 99 22 22 22 22 34 30 99 63 27 128 123 95 109 42 129 136 116 71 131 94 100 63 70 128 115 125 85 48 33 42 20 103 20 42 70 39 63 
134 113 113 66 1 139 57 7 66 91 119 22 119 34 50 50 99 22 94 89 131 39 20 1 129 63 42 42 39 20 108 129 91 42 108 89 91 20 
10 108 89 91 125 131 129 129 131 71 103 1 27 125 134 63 1 134 91 129 129 123 1 66 39 63 71 134 28 63 85 92 33 99 60 58 22 22 22 22 22 
101 17 124 85 63 63 136 10 106 106 32 79 40 139 125 91 91 91 91 91 91 101 15 52 52 98 136 40 1 100 39 70 129 129 70 89 20 91 91 91 20 91 4 4 91 20 124 1 1 1 
117 20 125 66 1 70 40 136 109 66 98 106 130 1 98 131 136 57 23 129 22 66 116 105 22 134 87 28 22 101 6 85 20 89 100 1 129 83 129 70 95 
40 89 109 131 103 70 100 103 66 134 1 71 121 131 44 1 63 39 63 100 109 136 20 103 121 1 91 8 17 91 20 124 28 71 108 63 1 139 129 42 39 20 27 
106 130 134 66 94 103 98 103 134 58 71 129 42 16 79 1 134 22 119 22 116 116 134 121 96 6 124 63 27 131 116 103 44 115 108 79 106 1 134 134 103 129 
129 91 42 7 42 10 89 125 125 63 94 94 40 129 136 103 134 125 103 40 71 113 89 113 113 125 139 117 116 137 22 114 50 4 77 60 22 
116 105 99 22 22 76 17 22 20 63 136 1 129 35 27 139 70 83 70 22 98 40 71 98 1 113 99 101 91 76 17 58 134 136 129 129 44 70 136 42 91 
129 83 63 71 131 1 91 91 91 52 91 70 20 63 103 131 139 39 100 40 40 94 66 116 22 22 39 22 105 58 58 66 71 58 99 76 2 124 63 136 1 98 70 70 40 95 100 83 1 113 
125 125 20 121 58 117 106 91 134 70 113 40 20 40 20 110 117 31 139 131 91 1 42 91 
91 91 91 91 39 63 125 103 136 108 70 40 106 130 134 134 31 125 98 40 91 85 52 15 77 91 116 119 22 22 101 
60 59 8 99 63 113 106 100 134 18 18 94 40 131 125 31 108 39 28 91 136 70 40 63 89 108 42 32 136 1 136 1 1 31 63 103 1 125 129 103 113 136 31 136 109 66 91 1 103 71 91 60 61 4 47 124 99 22 22 22 
22 22 22 22 61 88 60 71 103 70 22 95 115 63 100 35 27 113 113 98 103 129 129 98 125 28 101 91 91 76 4 92 99 125 139 40 63 39 89 70 70 136 129 63 63 70 91 52 91 91 91 20 10 89 66 125 63 20 129 31 108 117 129 130 94 131 134 66 31 20 63 26 30 101 22 22 116 116 116 116 22 61 122 17 20 134 134 129 139 108 31 18 80 20 1 94 40 113 10 
39 134 87 113 129 98 129 139 109 106 63 42 70 95 40 28 131 91 36 4 76 42 1 71 89 20 31 1 89 139 100 108 136 139 71 134 31 71 113 20 98 91 91 91 91 25 91 121 28 
119 22 134 66 71 60 61 4 61 36 66 94 113 95 106 20 128 123 95 22 113 130 103 42 35 103 63 10 91 129 79 108 10 39 20 125 63 103 125 40 129 129 136 91 116 63 94 40 1 1 103 20 103 71 106 113 66 20 29 85 17 137 121 119 58 22 66 119 101 22 76 2 60 105 98 70 42 108 94 100 110 
95 106 94 113 66 58 98 94 125 28 101 76 15 137 58 103 129 70 89 63 39 42 129 129 27 20 31 70 91 124 85 91 91 91 129 70 63 63 129 136 129 129 110 136 130 98 94 1 71 125 52 61 
30 22 22 87 87 22 101 33 50 36 22 1 63 136 89 139 139 80 94 94 63 134 71 103 125 103 1 91 1 108 20 103 70 79 117 129 91 58 40 91 122 17 91 66 116 18 70 1 91 100 70 106 70 94 94 130 66 125 125 116 66 139 129 101 54 33 99 140 119 22 71 22 28 
60 101 30 61 52 70 113 98 131 129 108 100 110 40 134 113 131 42 79 139 40 1 91 91 42 39 89 25 20 20 136 66 113 1 91 1 139 115 103 63 71 66 94 40 129 115 63 103 1 1 70 1 1 94 27 42 4 4 76 91 91 22 22 22 
22 22 22 76 2 124 85 63 63 63 32 89 27 139 44 115 131 129 98 131 20 91 91 91 91 91 91 91 91 91 76 2 91 28 134 131 129 129 100 108 91 20 42 129 70 89 103 94 70 91 91 91 42 16 39 42 129 70 63 66 136 106 116 103 115 27 
20 109 103 113 109 98 98 139 125 71 134 88 1 66 116 22 87 119 63 60 96 30 61 85 125 129 1 1 35 108 42 129 90 130 1 106 94 94 82 70 94 31 134 103 125 105 125 
40 40 125 71 108 106 139 70 89 129 94 22 36 63 42 22 22 42 89 66 125 63 63 108 134 113 83 89 136 66 109 113 113 113 125 125 71 63 98 22 1 139 114 7 108 125 105 119 22 22 116 
66 71 22 61 81 60 125 94 113 134 94 44 123 10 56 113 113 1 91 91 42 108 39 71 131 129 129 7 63 89 70 129 100 70 1 131 113 134 129 63 94 134 66 63 113 91 106 103 1 94 71 125 98 70 103 113 115 113 99 124 63 39 91 91 91 22 60 87 
116 1 22 22 76 4 50 20 40 71 131 83 20 63 40 139 18 70 139 115 39 98 71 129 91 91 91 91 91 91 91 101 30 92 85 89 63 134 10 1 1 55 63 63 71 1 10 136 20 31 91 1 131 91 91 91 42 39 91 91 
39 113 63 95 103 113 89 131 134 94 125 98 31 22 22 89 32 7 55 89 129 134 22 22 22 22 22 22 22 76 30 122 58 60 22 100 39 22 22 7 32 89 27 63 22 20 117 79 42 91 42 39 91 66 94 1 31 103 66 98 40 70 125 124 108 
103 63 10 91 129 35 63 99 91 39 91 85 91 91 91 91 42 39 91 85 89 39 71 131 70 100 79 1 113 70 113 134 66 66 103 103 134 40 134 66 131 1 91 91 101 119 66 113 71 105 105 116 119 96 54 61 101 140 116 125 40 108 27 
106 106 80 18 125 31 20 125 94 31 39 32 79 134 125 70 108 89 70 79 106 125 31 94 71 71 103 106 131 103 1 103 89 94 1 94 66 125 66 99 22 63 17 22 134 99 119 116 71 99 6 22 71 22 125 129 117 39 70 44 39 131 98 125 113 70 91 91 
91 91 91 91 91 101 118 72 91 39 71 136 98 134 56 123 130 100 117 98 89 91 91 91 42 63 28 18 40 131 139 94 106 89 103 98 103 20 124 53 60 22 22 66 116 119 58 22 76 50 39 40 22 42 35 100 95 79 40 70 70 91 113 71 71 66 71 40 91 129 57 103 136 
80 131 1 66 1 1 122 33 30 76 42 20 63 40 40 20 40 70 108 129 103 136 125 98 103 66 125 125 66 116 66 42 91 91 91 91 91 119 105 22 134 22 61 54 96 58 134 95 94 106 89 39 130 1 71 98 
114 42 76 4 76 42 108 108 42 42 39 89 136 136 44 27 129 113 94 44 94 113 94 94 125 103 70 103 98 113 139 94 103 63 99 6 101 22 22 22 22 22 60 73 48 124 40 125 131 42 109 27 108 109 27 1 103 
