64 76 102 65 76 64 60 59 40 58 47 23 40 90 64 31 31 31 31 12 37 40 48 109 83 78 78 26 105 100 16 34 16 64 41 73 71 16 26 48 31 100 4 75 26 48 56 6 92 
71 39 40 31 92 31 31 91 76 73 40 59 40 71 50 102 23 40 47 103 78 48 53 53 78 16 99 57 109 26 26 6 64 60 60 56 57 6 6 109 78 17 78 100 56 92 92 107 109 53 31 109 31 5 31 31 26 
65 76 92 31 31 91 91 64 64 18 40 73 58 1 47 95 40 44 1 42 34 100 105 103 100 31 16 16 34 43 103 43 16 107 107 43 85 6 53 56 6 48 16 107 6 85 56 31 31 23 89 58 69 65 76 31 31 69 64 52 12 79 90 64 23 30 110 18 58 107 6 31 1 73 52 10 59 6 53 6 16 51 4 26 48 93 93 56 56 64 40 10 40 71 
31 94 26 107 56 16 43 51 16 109 92 92 6 79 52 12 65 92 31 91 69 1 65 1 18 44 59 64 73 23 73 60 23 75 56 107 56 93 83 78 100 99 
78 16 105 6 18 10 31 12 89 56 34 100 78 93 103 105 78 16 107 6 83 93 109 31 20 31 89 5 106 64 31 6 64 91 31 31 31 31 69 79 95 12 79 47 58 47 79 47 62 8 4 34 100 26 85 83 56 53 6 85 48 34 31 95 64 76 76 65 64 81 44 64 52 
65 64 106 52 58 31 6 75 55 57 78 109 53 18 10 18 92 48 53 48 4 85 99 53 91 102 7 1 91 91 91 69 64 95 12 1 12 59 95 12 58 93 83 6 56 57 93 85 31 23 58 31 
93 34 26 26 48 53 92 31 107 19 106 69 91 31 69 44 95 
73 58 18 10 74 21 78 17 75 103 100 75 100 56 109 93 107 107 103 103 107 69 23 39 64 102 69 76 23 60 59 102 44 106 58 58 69 40 47 31 92 56 17 83 34 109 1 95 59 93 48 48 75 43 83 48 6 71 101 65 91 69 91 102 40 95 58 47 90 26 26 48 83 85 56 16 48 48 100 56 52 71 34 103 85 103 21 43 56 6 53 92 91 5 1 31 31 91 69 65 18 18 10 1 1 52 12 26 21 21 26 31 26 84 
105 93 34 48 48 56 48 85 109 48 83 6 109 109 53 107 100 
6 92 107 48 48 6 69 53 100 65 19 1 31 6 92 91 31 103 56 31 34 16 78 85 57 34 78 48 99 103 34 94 99 99 99 103 34 31 31 34 94 71 12 31 31 40 56 56 56 94 48 109 34 26 4 16 94 48 109 34 34 100 94 34 103 26 26 2 35 56 4 56 48 16 34 48 75 57 103 87 48 48 8 89 62 60 
50 91 109 92 69 42 24 24 26 34 100 4 34 85 75 17 51 100 16 64 64 78 16 56 56 34 34 100 94 83 56 16 85 34 103 26 26 31 31 12 37 60 71 2 65 31 51 48 92 100 84 56 78 84 85 56 103 6 6 31 31 31 31 31 31 34 78 64 12 31 31 34 
53 91 92 92 92 91 31 92 6 102 18 12 31 8 26 31 100 4 6 6 83 85 78 4 51 34 34 100 94 56 4 26 31 31 26 21 21 26 31 26 8 31 8 31 71 94 34 31 31 31 26 4 31 64 2 31 71 31 31 94 
34 31 26 56 23 31 21 31 71 94 94 31 16 26 31 31 26 4 56 56 56 40 4 64 3 12 31 31 31 34 48 1 31 109 102 58 31 34 94 71 10 20 12 31 31 31 31 31 31 31 31 31 26 8 31 8 26 31 26 4 16 4 87 48 53 94 16 43 56 
31 31 31 31 31 12 71 16 26 31 31 31 31 16 16 4 31 71 16 26 26 21 21 26 26 21 16 40 4 56 64 5 89 31 64 56 21 26 26 4 31 56 17 34 31 26 8 31 4 56 16 31 40 3 12 31 31 31 31 31 31 31 31 31 31 
31 31 31 31 12 20 10 71 16 26 31 26 21 21 26 31 26 4 16 4 26 31 26 21 16 40 4 56 16 31 31 26 8 40 16 94 31 16 26 31 31 31 26 21 
21 26 31 26 4 56 64 40 12 12 89 8 26 26 4 16 4 26 26 8 31 4 56 31 31 16 26 31 31 31 31 31 31 
31 31 31 31 31 31 26 48 65 69 92 53 64 58 31 31 31 31 31 31 31 12 20 12 31 31 12 71 16 26 26 4 16 4 26 
31 31 26 4 56 56 4 26 26 4 56 56 4 31 1 48 31 71 16 26 34 26 21 21 87 17 16 78 26 93 109 105 75 56 107 109 92 92 56 109 56 78 105 85 92 92 93 65 65 31 31 31 31 
31 76 91 31 102 50 12 61 12 50 1 64 47 96 18 58 92 92 31 31 31 31 31 78 92 53 85 48 48 51 84 57 56 48 16 64 41 40 78 34 92 107 93 93 34 
105 93 93 26 93 48 93 91 109 108 8 6 31 92 53 92 69 65 58 12 95 23 47 23 1 79 72 47 90 71 26 85 107 83 48 34 103 103 16 51 78 93 56 56 31 16 45 84 
100 107 16 51 48 78 87 83 78 34 48 109 53 92 92 6 31 31 31 31 31 31 31 91 76 65 90 60 47 79 64 50 60 10 74 64 23 71 16 26 31 31 26 2 56 16 26 26 24 56 109 34 31 34 100 16 56 16 31 16 26 31 48 43 16 69 92 16 6 31 31 6 56 
83 100 100 92 53 93 76 91 85 34 6 65 78 78 83 56 56 93 56 16 71 3 106 1 65 65 92 31 65 76 1 1 18 59 79 59 79 102 65 64 47 58 95 12 23 65 
83 31 50 109 48 31 58 106 71 3 64 31 31 31 56 34 48 31 100 100 16 8 56 94 100 100 16 56 16 31 64 5 5 64 31 16 56 56 16 56 78 34 87 56 93 16 107 103 100 56 53 92 56 4 31 31 31 6 6 102 91 91 76 50 95 64 23 47 20 31 70 59 18 12 10 4 56 64 92 93 48 6 92 31 107 109 31 109 48 31 34 94 56 2 87 4 16 
107 107 31 31 31 16 31 20 5 64 31 94 94 31 16 26 26 16 94 16 56 56 107 78 103 69 69 84 6 69 56 56 56 26 31 12 3 40 31 16 106 65 31 109 69 50 65 31 31 31 31 23 73 23 59 41 23 76 102 58 47 79 58 70 47 47 58 48 93 26 75 85 51 17 43 48 78 34 43 43 107 57 75 56 6 107 92 53 48 109 16 103 100 93 31 31 48 94 
49 70 74 65 31 102 31 107 65 79 71 58 12 74 58 58 95 18 18 71 47 12 
31 31 31 31 31 12 3 71 76 53 85 100 92 85 78 57 21 6 48 16 85 56 56 34 34 31 31 26 56 31 53 16 75 100 21 109 34 78 31 6 26 34 56 89 62 52 58 48 92 69 31 92 69 1 1 95 18 18 23 64 18 73 23 47 73 95 109 83 109 56 107 92 99 75 103 21 93 109 99 34 16 100 31 26 24 66 109 53 34 99 4 78 34 99 93 93 78 56 107 48 56 48 109 107 
92 31 92 6 92 2 31 31 31 31 31 31 91 69 102 1 102 74 71 23 18 44 71 102 23 90 74 23 31 34 17 94 56 53 103 21 31 94 21 26 31 34 16 16 34 31 34 78 78 107 83 43 6 31 6 48 6 109 16 53 53 107 69 109 103 34 56 48 34 100 92 92 17 31 37 41 102 31 31 31 31 92 92 31 47 52 10 12 64 78 51 16 93 
16 85 21 75 75 105 107 48 48 31 31 31 31 6 56 64 13 47 64 31 31 56 100 56 48 24 48 48 26 48 16 75 6 107 103 31 59 3 12 26 16 31 16 16 34 53 109 78 34 57 100 43 92 109 105 93 48 31 64 32 73 31 91 102 31 107 65 31 94 49 10 65 83 6 31 31 78 17 
16 87 17 100 99 93 53 6 16 31 26 4 31 92 85 83 31 107 34 34 34 85 75 16 78 83 78 4 16 16 56 107 78 31 3 71 31 31 16 56 56 4 53 56 17 31 4 43 57 109 107 99 83 6 109 43 92 6 31 40 31 31 26 92 31 91 92 31 69 31 31 10 20 12 31 31 31 93 16 85 100 26 26 36 
6 53 85 93 93 31 26 21 21 53 34 100 53 17 26 34 26 4 4 83 48 100 34 56 34 53 6 75 6 31 92 103 34 103 34 107 109 16 56 34 43 40 31 5 59 50 69 91 91 31 92 50 64 40 52 31 31 83 93 93 34 17 16 85 
51 105 34 105 85 48 6 92 31 6 92 1 58 26 56 49 12 12 1 56 100 56 31 78 16 31 16 100 100 16 16 75 78 48 31 31 31 31 31 31 31 34 100 56 102 100 83 31 57 48 92 87 43 109 93 53 92 53 53 
56 48 70 13 58 48 31 91 31 92 92 103 71 13 1 31 65 76 107 51 34 94 87 34 77 93 109 93 92 92 107 87 26 103 107 92 92 53 53 31 93 56 78 83 34 4 34 34 100 94 43 83 69 65 31 64 27 40 31 103 6 
64 94 94 16 56 48 26 4 21 34 53 93 6 53 56 109 53 31 43 93 48 31 12 20 18 58 6 92 92 31 91 76 31 103 106 32 
31 83 107 48 109 34 4 56 4 94 34 83 107 78 56 31 26 21 21 6 53 34 26 21 21 87 17 78 83 85 48 31 92 34 75 93 53 109 93 6 99 48 109 75 99 93 6 31 93 107 6 48 58 62 63 79 
65 31 31 31 31 31 31 12 52 40 79 53 53 107 93 87 34 107 2 4 21 6 92 83 48 6 31 31 31 31 31 31 58 63 95 18 65 56 109 34 51 16 56 17 78 93 26 100 92 76 56 26 31 31 31 34 85 16 93 83 6 109 16 105 103 99 85 53 53 93 
83 93 16 33 26 6 31 31 31 31 31 1 41 62 106 31 92 34 16 43 4 34 103 2 57 56 109 92 53 16 16 48 48 53 31 92 85 93 43 16 85 57 34 100 103 48 6 64 56 4 31 20 5 64 31 16 56 6 48 26 34 34 
84 57 56 93 48 107 53 6 53 53 43 6 31 34 17 68 93 31 91 76 31 31 92 91 58 12 19 64 6 85 6 48 85 16 26 105 94 56 93 92 53 87 103 43 51 34 51 21 21 100 83 56 48 34 85 107 48 107 34 85 109 16 56 53 92 16 64 13 58 31 31 31 31 31 58 15 60 31 34 
43 94 57 105 94 103 75 43 56 31 31 31 31 31 58 13 79 31 53 103 75 85 85 94 100 34 93 31 53 31 34 100 16 16 34 93 85 85 94 16 107 85 56 48 107 29 31 31 91 91 31 31 31 47 41 6 93 43 105 34 105 105 103 43 53 109 83 75 6 6 93 48 99 100 
34 16 99 93 43 56 34 34 31 31 31 34 57 85 56 16 48 78 21 93 34 56 53 107 109 6 109 109 109 2 31 31 31 31 31 92 92 91 61 91 48 83 43 103 78 4 4 78 48 56 75 103 
36 6 83 4 94 55 100 93 34 78 109 93 93 48 107 93 75 83 56 56 107 56 6 31 92 60 5 76 31 31 31 31 31 31 31 31 58 27 31 78 48 21 17 4 78 94 105 48 34 78 31 31 31 1 41 10 31 31 31 26 75 100 103 21 78 93 100 31 
31 34 16 16 16 34 103 103 100 34 107 53 6 31 25 102 31 31 31 31 64 37 102 56 43 26 105 51 100 26 34 103 31 53 56 93 26 56 75 26 75 107 71 39 60 26 16 48 16 26 100 4 56 
53 109 109 92 48 16 8 24 92 31 31 31 91 64 41 41 102 31 93 94 56 4 16 48 34 56 26 26 4 16 21 34 31 26 21 94 31 16 
87 21 94 31 107 34 34 34 56 53 83 48 43 6 92 56 48 53 31 34 85 105 48 92 51 56 53 92 65 56 71 62 60 102 1 76 31 31 31 31 31 
58 3 64 71 56 56 103 87 99 43 67 17 78 16 107 31 31 31 31 31 31 58 15 106 106 6 103 78 48 26 4 100 34 34 100 94 16 31 31 31 16 31 20 20 31 16 64 48 48 48 
85 16 107 92 48 100 78 103 100 92 6 99 85 48 6 56 103 8 35 34 31 92 31 91 31 53 69 65 31 58 27 71 16 94 26 48 34 36 34 75 51 
78 94 100 56 83 100 26 83 92 53 48 53 69 34 105 48 56 4 56 26 100 103 16 83 69 48 31 59 3 31 16 64 65 53 21 56 48 16 34 26 4 16 43 
43 85 53 92 93 83 6 83 53 76 53 34 26 45 17 48 53 31 91 31 31 31 92 69 47 27 64 56 43 34 92 83 105 75 21 17 43 48 53 53 83 85 
34 31 26 24 26 87 94 6 6 56 93 93 78 34 103 83 92 107 83 78 53 109 94 109 109 6 16 85 31 79 31 8 89 20 23 1 31 
31 91 102 31 31 12 3 31 16 56 103 48 34 84 43 16 100 36 100 31 6 78 53 6 48 109 102 58 31 12 3 76 92 103 34 34 105 75 103 26 31 
34 36 56 53 34 48 31 31 31 106 31 100 16 56 83 56 16 51 26 78 78 93 92 92 31 31 4 31 91 76 76 92 53 76 102 12 49 64 56 103 48 6 75 75 78 51 26 36 48 109 
107 107 16 69 76 85 43 31 53 100 109 78 16 78 16 4 85 34 16 56 31 48 26 31 
31 31 31 31 4 56 6 83 103 21 75 78 43 85 53 53 34 107 6 78 31 71 106 15 23 31 92 91 31 31 58 
1 90 59 102 56 109 43 26 53 57 57 93 78 34 107 34 21 4 65 31 103 100 78 56 94 21 26 67 103 48 103 48 48 34 56 48 48 107 34 83 109 103 34 103 100 92 31 48 83 53 31 1 10 20 64 64 102 31 31 31 
31 31 31 31 10 32 1 53 83 100 31 51 75 56 26 84 43 109 109 6 83 85 34 6 107 65 58 31 31 12 20 62 102 107 16 78 56 4 94 100 100 103 34 56 56 100 31 106 31 31 31 16 87 94 92 6 56 16 34 34 21 85 34 85 93 56 53 92 34 16 56 5 37 58 31 31 92 92 31 31 31 10 40 3 16 53 92 85 16 21 34 57 87 16 48 93 78 109 87 
4 92 91 107 85 6 34 16 100 99 56 26 100 51 78 65 56 31 18 20 12 26 48 53 94 16 34 48 94 16 26 21 103 16 53 92 34 53 109 16 6 31 31 31 31 2 31 69 65 
91 31 92 92 53 1 10 20 10 18 92 93 109 51 99 16 26 105 51 31 109 85 83 26 84 83 56 87 31 34 17 21 87 4 16 6 56 83 107 78 85 34 103 31 92 56 93 78 48 48 48 103 83 53 99 107 92 16 40 71 3 79 69 31 76 31 92 91 58 31 12 49 1 91 6 100 26 21 93 26 4 
51 43 93 109 92 76 6 93 107 65 58 12 15 79 76 83 85 75 94 56 4 26 34 85 43 16 34 100 31 64 71 31 31 31 34 100 56 56 34 103 34 34 4 103 85 6 93 48 53 6 106 10 
37 31 31 69 91 31 58 60 41 18 31 48 56 103 94 16 16 21 93 93 93 53 53 83 107 83 48 31 48 21 16 83 100 17 85 34 31 76 78 31 40 3 31 92 31 57 75 48 31 26 75 43 100 93 93 85 92 107 107 92 92 16 34 58 52 60 102 50 91 31 53 31 65 
1 58 37 10 106 75 107 6 56 34 21 26 4 78 53 109 56 26 17 16 78 48 31 31 26 4 94 2 16 16 103 92 109 48 31 48 16 75 83 56 53 92 93 78 34 75 56 83 48 48 100 48 48 93 43 26 20 20 12 31 31 31 31 31 
31 31 31 12 49 64 71 56 56 56 67 94 43 16 105 75 34 34 6 34 16 31 31 31 31 31 31 31 31 31 12 49 31 65 92 34 34 34 26 21 31 16 26 34 100 94 83 93 100 31 31 31 26 45 4 26 34 100 56 92 103 43 31 83 75 43 
16 100 83 109 100 6 6 16 107 53 53 32 48 92 92 31 69 91 56 1 47 37 10 71 107 85 48 48 84 21 26 34 2 85 48 99 93 93 55 75 93 34 92 83 107 91 6 
78 78 6 53 21 43 16 75 94 34 93 31 18 56 26 31 31 26 94 92 6 56 56 21 92 109 36 94 103 92 100 109 107 109 6 107 53 56 6 31 48 16 8 24 21 107 91 91 31 31 31 
92 53 31 10 25 1 107 93 109 53 93 105 105 87 21 109 109 48 31 31 26 21 4 53 56 34 34 24 56 94 100 85 26 100 48 56 109 53 85 56 93 53 92 56 109 31 43 83 48 93 53 107 6 75 83 109 75 109 102 64 56 4 31 31 31 31 1 69 
92 48 31 31 12 20 89 16 78 53 34 36 16 56 78 16 57 75 16 75 4 6 6 34 31 31 31 31 31 31 31 58 37 62 71 94 56 53 87 48 48 2 56 56 53 48 87 103 16 34 31 48 56 31 31 31 26 4 31 31 
4 109 56 51 83 109 94 56 53 93 107 6 34 31 31 94 67 24 2 94 85 53 31 31 31 31 31 31 31 12 37 40 76 1 31 26 51 31 31 24 67 94 43 56 31 16 85 17 26 31 26 4 31 92 93 48 34 83 92 6 78 100 6 64 21 
83 56 87 31 34 84 56 102 31 4 31 71 31 31 31 31 26 4 31 71 94 4 53 56 100 26 17 48 109 100 109 53 92 92 83 48 92 78 53 92 34 48 31 31 58 91 92 109 6 91 91 31 91 47 52 10 58 50 31 107 78 21 43 
99 43 87 57 107 34 16 107 93 34 4 67 17 53 6 100 21 94 100 17 43 107 34 93 53 53 83 99 56 83 48 83 94 93 48 93 92 107 92 102 31 56 3 31 53 102 91 31 53 102 27 31 53 31 107 34 85 4 75 105 4 56 6 6 109 75 31 31 
31 31 31 31 31 58 32 47 31 4 53 103 6 53 21 105 85 26 85 6 94 31 31 31 26 56 65 57 78 56 16 93 99 94 83 6 83 16 64 19 1 31 31 92 31 91 76 31 12 89 4 78 31 26 84 26 51 17 78 100 100 31 109 53 53 92 53 78 31 34 8 83 103 
87 56 48 92 48 48 40 60 37 12 26 16 56 78 78 16 78 100 21 34 83 103 6 6 83 92 107 6 92 31 92 26 31 31 31 31 31 91 91 31 53 31 10 52 47 76 92 51 93 99 94 4 85 48 53 6 
8 26 12 20 12 26 21 21 26 26 4 94 103 103 105 43 34 109 93 105 93 109 93 93 107 83 100 83 6 109 16 93 83 56 102 27 58 31 31 31 31 31 1 95 39 64 78 107 34 26 100 43 21 100 43 48 83 
