69 69 65 18 58 58 73 44 50 31 31 31 31 31 31 31 12 20 12 12 64 48 31 53 26 31 31 31 26 24 26 31 31 31 26 16 56 8 64 64 31 56 16 31 16 31 71 16 26 31 31 31 31 31 31 
31 31 31 34 78 16 2 48 48 26 34 85 43 94 103 65 76 31 48 92 6 34 48 26 16 56 21 42 24 26 26 92 65 31 48 1 1 31 31 31 58 59 71 59 47 76 102 18 102 102 59 62 79 47 47 1 1 1 59 102 56 83 56 83 93 43 43 107 13 69 56 100 26 109 109 56 
93 6 92 107 28 92 31 31 91 65 38 48 83 85 78 99 99 99 16 16 26 31 26 4 16 16 31 16 26 31 31 31 26 16 56 8 56 16 87 16 16 94 78 64 102 16 65 31 103 31 76 53 48 34 48 53 48 83 31 92 93 34 83 56 26 48 107 48 56 34 31 69 107 75 107 53 53 56 56 103 48 6 94 56 64 16 26 12 20 89 31 40 71 31 53 69 76 31 76 76 69 95 
74 23 47 74 50 102 23 71 58 64 61 74 58 47 65 65 64 76 102 71 31 1 65 64 16 26 31 31 31 31 31 31 31 4 71 106 94 16 89 16 16 40 4 56 16 26 31 31 31 31 
31 26 103 43 4 31 16 26 31 31 31 26 16 31 94 21 26 31 31 26 45 4 87 16 16 94 56 64 16 26 26 16 31 94 16 40 16 16 31 40 21 48 31 31 31 31 31 31 31 31 34 94 71 12 26 103 6 64 31 31 71 62 60 12 12 64 78 34 31 31 31 31 31 31 31 12 1 1 20 12 31 12 40 64 71 47 58 12 59 60 47 23 40 56 31 60 
31 94 31 56 92 34 34 48 78 50 102 78 31 48 34 31 31 26 4 16 16 31 16 26 31 26 4 56 56 56 40 8 31 71 31 31 26 8 40 16 21 26 31 31 26 16 31 16 16 21 34 58 71 103 48 34 56 53 56 31 31 31 16 56 56 16 56 78 34 31 31 31 31 
26 16 56 2 24 26 31 31 31 34 53 92 53 76 65 92 65 65 1 31 
31 31 31 58 79 18 59 64 50 102 1 1 64 44 64 23 10 18 73 44 23 76 65 64 50 92 102 71 71 71 62 106 31 26 4 56 56 4 87 21 21 26 26 103 43 4 71 31 16 31 16 26 31 31 31 31 26 4 31 71 16 16 34 48 56 53 65 56 34 48 100 48 56 4 71 16 43 48 12 1 48 26 31 31 31 26 8 89 31 21 16 40 31 31 31 31 31 31 31 31 31 31 31 31 31 58 73 23 102 4 20 95 18 79 65 58 40 41 47 47 64 76 64 64 64 26 48 31 31 31 31 31 12 37 60 102 107 48 92 
31 107 56 4 4 78 65 16 34 34 21 56 31 56 4 31 89 31 
8 26 31 31 34 84 16 109 83 78 85 34 103 53 6 56 34 92 31 34 34 107 71 10 37 58 31 48 92 65 76 31 1 59 1 70 23 79 73 18 60 62 70 1 40 95 74 23 23 1 56 71 17 48 65 31 78 103 26 31 67 103 99 100 48 78 6 64 100 75 103 87 24 26 26 2 56 16 26 67 75 56 100 31 78 56 83 16 43 78 48 31 87 43 93 4 53 65 64 16 26 31 31 31 31 31 26 8 89 12 31 
31 31 78 92 69 23 31 31 31 58 64 102 79 71 79 95 47 23 59 60 70 12 79 58 44 47 50 58 16 4 26 71 16 26 31 31 26 24 26 26 4 56 56 4 31 64 78 31 64 48 26 31 12 1 48 26 26 100 48 93 16 34 92 92 100 100 48 34 75 92 92 48 48 92 91 31 16 71 31 8 31 31 31 
31 31 31 31 31 31 58 63 74 58 59 18 1 60 59 23 23 44 58 58 58 56 94 31 6 92 92 31 31 92 102 58 31 12 49 64 31 56 53 65 31 103 78 57 84 87 16 31 16 56 31 56 16 31 31 40 32 40 21 103 31 103 93 103 4 
6 48 26 6 31 26 21 93 43 87 31 31 12 60 39 47 6 76 76 92 92 69 69 31 91 69 31 65 1 47 12 64 12 95 74 64 64 79 64 79 60 47 47 64 56 34 31 12 71 67 105 6 92 53 53 92 48 48 48 78 16 21 48 85 105 78 85 107 92 56 31 56 
34 31 34 103 107 56 16 56 83 43 109 83 105 78 48 6 53 53 85 56 53 103 83 31 31 53 83 48 31 31 31 26 16 56 2 24 26 31 31 31 48 31 69 69 92 53 69 102 1 47 58 71 40 12 47 71 64 18 101 47 23 47 18 102 102 71 56 94 100 
100 16 16 34 93 78 16 100 75 109 83 105 43 56 93 48 34 26 84 6 109 53 6 100 107 26 6 6 107 6 107 109 103 56 53 53 83 92 92 107 85 53 107 109 92 83 56 92 109 
92 23 12 12 52 47 69 69 69 31 31 102 69 69 65 102 58 95 59 18 58 1 102 74 79 71 71 79 18 23 76 16 76 53 6 31 31 31 31 31 31 26 100 56 
56 83 53 109 6 109 75 103 99 93 93 78 56 56 48 56 56 65 71 5 37 58 34 16 16 43 83 78 103 83 83 85 109 34 56 93 78 56 53 
109 34 31 31 31 48 92 65 65 31 31 31 102 1 1 47 1 74 79 44 95 12 18 79 47 1 23 31 31 34 53 6 26 53 53 83 93 75 56 93 94 16 43 16 6 1 27 31 4 94 103 92 109 78 93 16 78 
6 93 78 34 6 48 109 53 56 102 65 76 16 26 12 89 8 26 31 34 31 50 31 53 69 31 31 76 91 31 31 69 58 102 69 110 73 64 44 64 65 74 79 64 73 10 31 1 18 56 31 26 17 56 92 94 87 4 16 
34 16 100 85 57 99 107 6 48 92 92 83 109 109 48 6 109 99 99 6 53 109 92 53 34 107 6 16 16 106 15 102 31 69 69 69 69 69 31 102 65 50 47 71 74 23 44 90 47 58 18 102 76 106 47 58 31 31 
31 31 31 48 78 48 3 64 6 92 6 56 83 48 48 16 75 56 107 85 85 109 16 34 31 48 56 31 26 103 34 94 16 92 53 78 16 43 56 93 6 6 93 78 53 92 34 83 31 65 32 31 6 92 69 65 31 31 31 76 50 50 47 64 1 58 74 18 40 106 58 1 64 1 47 
31 48 43 43 107 92 53 6 109 78 99 16 100 78 16 103 92 31 56 5 20 12 26 103 34 56 16 51 103 99 16 6 53 6 109 56 109 56 6 92 92 48 48 31 6 68 21 
43 78 92 91 92 31 69 69 91 76 102 65 64 18 79 23 71 81 12 74 18 102 79 64 69 34 51 75 99 100 48 51 26 16 21 103 83 53 53 93 34 34 107 107 99 107 83 85 109 93 109 92 92 78 48 56 56 4 5 52 31 92 91 31 102 69 65 47 1 64 65 50 18 64 71 59 79 47 1 1 74 65 1 58 31 31 31 31 31 31 31 31 31 12 20 10 106 48 6 31 91 92 93 93 78 83 43 75 78 16 85 83 78 85 31 6 34 31 31 48 78 16 93 109 56 78 85 94 48 53 78 83 109 48 6 48 92 
56 31 31 31 31 48 31 91 64 102 64 50 50 1 64 79 74 60 59 95 1 64 64 92 34 48 92 48 48 109 53 109 99 103 16 16 26 75 103 64 31 71 27 58 34 103 56 103 99 56 93 16 56 107 53 109 93 85 107 53 6 83 53 92 6 78 56 21 55 48 53 92 31 31 31 31 65 91 31 65 65 50 64 74 23 92 73 40 58 47 58 73 18 1 58 12 34 48 100 48 31 26 4 94 105 105 94 56 83 78 93 93 107 109 48 48 107 109 85 93 
34 34 6 6 83 6 56 85 92 31 56 40 40 3 23 53 76 102 91 91 64 18 102 102 64 102 
102 64 64 110 40 12 47 64 23 76 102 53 31 92 18 95 53 53 53 99 34 109 78 51 6 1 13 23 56 56 48 16 85 
6 93 83 53 31 40 91 102 102 64 1 64 50 76 40 10 65 31 93 43 83 109 6 53 53 109 78 85 48 75 93 31 34 21 16 4 26 31 31 26 4 94 26 48 31 93 103 16 93 53 107 56 53 92 48 109 92 53 53 53 34 84 67 57 105 78 93 31 91 91 69 50 91 91 102 76 64 71 64 1 58 47 18 61 58 65 76 50 64 103 36 107 93 100 26 55 85 78 56 6 109 107 53 53 85 34 92 107 48 92 102 104 64 102 65 69 1 64 65 65 58 63 74 
76 102 31 31 31 31 31 10 5 18 91 6 92 31 83 93 6 43 75 75 78 78 94 56 48 56 56 100 42 42 34 34 103 56 75 83 31 53 93 57 109 53 83 107 53 48 103 56 107 76 76 56 31 26 31 91 69 91 31 1 50 50 1 65 79 64 1 40 58 79 12 58 64 1 90 76 85 109 53 43 34 83 75 105 78 80 57 
85 109 103 43 34 85 56 107 107 92 31 53 48 72 64 91 76 91 91 65 50 50 106 12 95 79 102 64 34 105 16 107 53 43 105 75 105 51 75 56 83 6 83 6 48 78 93 53 6 93 93 43 53 92 56 53 6 78 56 93 75 87 31 31 31 31 31 31 69 65 58 58 1 50 102 18 47 23 60 44 64 18 74 65 31 65 53 48 31 
31 31 31 12 19 58 76 34 53 53 93 6 6 93 99 85 48 34 43 85 100 109 6 100 31 48 34 31 31 31 31 34 16 78 93 48 34 78 78 16 100 109 6 109 93 56 56 99 31 92 78 26 31 31 34 31 91 31 107 64 102 102 1 1 79 58 95 95 73 73 47 73 69 76 47 64 107 53 109 48 93 
16 16 16 93 75 16 34 31 31 31 6 85 43 43 103 100 103 107 6 109 93 56 48 92 31 6 48 31 31 6 92 31 91 31 91 69 76 1 64 74 50 64 60 106 18 23 47 64 23 84 34 26 26 103 57 34 48 26 94 4 87 94 56 103 43 92 83 6 53 93 43 93 
83 53 92 93 85 85 48 53 6 83 53 92 53 56 57 93 34 100 31 31 26 24 2 4 83 109 6 65 65 31 31 76 12 50 1 1 50 79 64 73 39 18 23 50 64 79 74 31 31 31 31 48 6 69 12 31 4 56 92 4 34 34 24 56 31 31 16 26 26 4 56 31 64 
64 8 64 3 16 56 92 4 34 31 31 67 75 56 51 4 56 85 103 106 70 32 52 31 6 69 69 69 31 92 69 91 92 31 10 63 18 23 12 59 47 58 71 31 59 10 31 31 31 48 75 56 107 107 6 53 6 75 56 109 103 16 83 34 31 30 47 53 36 56 107 16 
26 34 109 93 93 107 83 107 53 92 31 6 48 31 31 34 31 31 1 1 76 31 31 31 31 76 69 69 102 50 1 64 64 23 30 12 95 18 71 
64 65 47 58 48 53 6 78 84 21 87 17 16 85 34 31 34 4 92 16 103 83 100 57 85 107 109 53 107 6 83 103 93 16 6 85 83 92 16 16 31 31 64 3 64 103 48 31 92 31 92 83 102 58 
1 12 44 58 47 12 52 10 18 58 71 40 31 58 31 94 71 10 59 52 40 31 71 64 31 31 31 31 31 31 31 56 16 71 56 100 34 31 34 26 21 56 53 31 26 83 53 78 34 56 31 56 56 89 16 94 31 31 16 26 26 4 16 34 48 56 34 
6 48 53 92 78 92 107 56 56 34 109 16 6 31 6 100 107 56 16 56 76 71 31 89 20 12 26 69 69 31 92 92 69 31 91 23 12 40 40 1 58 60 23 95 79 18 60 58 70 31 91 83 34 51 16 85 57 34 26 4 56 31 31 56 4 31 71 16 26 31 31 26 4 56 56 34 16 34 31 34 78 
21 78 16 26 92 83 109 109 83 92 107 48 34 31 31 31 31 31 26 17 88 100 92 43 83 31 31 31 69 91 91 50 71 18 102 106 31 52 18 92 71 59 12 12 15 102 76 65 1 4 87 24 2 16 100 105 94 16 31 16 26 26 4 16 21 34 34 57 85 92 6 107 92 76 85 48 
31 53 34 4 92 6 83 107 85 48 48 31 92 48 109 93 93 93 34 48 6 85 107 31 43 83 92 1 31 56 5 37 58 6 92 76 31 91 76 102 50 47 47 12 58 1 41 59 47 58 64 12 48 64 58 31 12 71 64 5 10 71 71 70 23 56 34 56 31 31 6 43 87 26 2 16 78 34 
31 34 16 31 64 53 64 31 4 22 8 56 16 26 26 2 16 53 48 48 109 78 53 107 6 6 16 4 6 6 78 26 16 56 107 34 100 31 12 20 20 65 76 76 48 23 31 6 50 102 31 1 59 
64 23 40 63 64 76 52 59 47 95 18 53 92 107 53 53 56 56 43 16 16 34 31 26 16 16 56 31 31 31 31 40 16 4 48 83 48 48 83 109 16 4 56 78 34 100 93 48 6 93 83 31 92 53 53 83 6 1 20 31 89 20 65 31 102 69 31 31 69 
69 69 65 102 102 74 44 74 23 74 64 63 79 73 71 65 23 18 12 31 31 31 31 87 4 57 84 16 16 78 85 99 93 6 16 83 83 6 6 43 43 56 31 56 6 107 78 92 92 93 6 31 83 103 53 
92 75 83 4 53 92 100 91 92 56 76 23 30 59 18 53 31 64 69 31 31 91 1 31 65 59 64 106 106 58 79 1 73 81 79 12 50 31 31 93 56 76 19 40 1 92 107 53 6 21 16 75 78 6 34 85 
75 16 48 106 3 12 26 21 84 48 92 107 26 26 48 85 93 92 48 56 64 89 37 18 31 31 31 31 76 18 52 47 23 12 73 40 40 23 93 53 91 53 6 31 107 107 91 6 78 57 6 92 94 100 34 31 51 
78 6 31 6 92 56 31 26 16 56 2 65 31 100 48 31 100 34 107 4 103 6 78 109 6 83 93 53 53 16 31 53 92 53 31 40 3 40 102 69 107 91 76 65 91 76 47 1 71 47 1 59 18 64 32 95 
58 18 64 34 42 48 103 8 21 67 43 85 103 109 78 83 92 6 83 31 53 43 99 48 83 34 48 56 109 56 103 6 83 85 34 31 58 9 1 1 69 31 92 69 69 1 74 23 5 12 64 79 79 37 59 58 31 
26 16 106 13 73 1 102 6 109 83 103 34 48 21 75 109 93 16 56 6 64 71 94 94 31 31 26 4 56 16 57 6 6 34 94 85 6 93 16 56 92 6 78 48 32 6 92 76 31 53 50 64 
64 52 79 74 59 47 59 44 44 47 102 75 92 92 107 53 78 99 85 75 34 103 56 56 20 60 64 94 57 6 6 103 21 93 92 85 83 109 93 76 31 56 48 56 34 31 31 31 53 
92 31 76 91 31 69 64 32 23 64 44 47 60 71 23 14 17 56 48 105 85 103 94 48 21 17 16 21 34 48 16 43 85 92 92 83 109 93 93 109 56 85 109 92 6 34 48 48 56 53 
92 34 92 92 78 16 93 56 56 31 31 31 31 31 31 31 31 31 31 31 102 65 1 89 95 44 65 1 60 40 18 59 58 92 92 6 1 58 58 37 10 1 65 76 92 103 34 48 4 57 53 93 85 56 56 16 16 
31 31 71 3 71 31 16 56 16 105 109 107 103 94 43 16 53 109 75 53 48 43 23 46 31 109 69 69 31 91 50 69 50 90 18 23 23 110 95 95 63 58 1 1 51 85 107 53 53 53 92 83 93 93 99 100 83 107 
26 43 56 103 65 71 20 59 31 16 64 6 16 34 53 43 51 56 53 43 85 92 92 56 6 53 93 6 6 34 31 31 58 
37 15 1 6 92 91 69 76 31 69 71 58 44 95 58 18 59 30 73 23 23 71 12 40 49 4 26 31 26 21 21 87 17 43 57 51 78 83 
6 48 93 6 109 34 93 107 53 56 6 6 56 48 109 34 56 6 16 31 27 58 31 31 31 69 1 18 102 64 74 95 47 59 20 18 58 31 31 31 31 31 31 31 31 31 31 31 16 31 31 16 56 76 102 31 4 26 26 21 17 34 31 31 100 16 31 71 8 64 71 3 12 31 26 2 16 103 48 34 4 
48 94 78 31 78 16 56 92 56 16 16 31 106 15 23 31 53 92 69 31 102 102 58 37 62 58 53 100 87 21 17 34 100 26 99 16 26 16 78 107 83 93 6 48 51 26 78 48 34 21 31 71 31 40 59 76 48 100 48 48 26 94 43 16 16 105 107 92 92 92 6 65 65 71 89 3 79 102 91 69 69 69 69 1 50 1 73 10 18 58 39 12 47 95 6 75 94 48 93 77 17 16 56 
34 78 56 83 43 78 107 93 34 107 56 99 83 70 25 65 31 109 91 101 12 31 16 105 75 105 103 57 94 31 31 31 31 12 20 10 106 6 56 31 103 36 43 16 34 48 26 16 31 56 4 26 31 26 103 
16 93 34 100 34 57 75 78 92 93 85 16 109 109 64 31 16 31 31 31 6 92 91 91 92 102 58 52 73 64 23 47 102 31 58 95 95 40 59 47 12 64 78 56 21 87 94 34 109 92 92 100 4 103 103 56 78 6 41 18 78 100 85 100 34 99 16 6 6 83 6 69 31 26 34 6 102 58 31 48 31 31 31 31 92 102 90 41 89 
78 51 105 93 100 100 105 94 6 26 24 67 26 16 78 48 4 4 78 16 103 107 107 107 48 93 56 75 75 109 48 65 58 12 13 91 91 102 69 91 69 102 40 40 5 71 102 102 71 63 31 31 31 47 60 47 31 1 58 31 34 100 42 26 31 48 
26 56 58 18 10 71 31 56 26 92 53 55 43 57 26 56 85 92 71 60 52 59 1 69 69 91 91 76 58 95 71 40 79 64 95 12 63 87 16 107 53 107 48 83 103 100 21 75 48 31 26 16 71 12 12 64 78 34 31 31 48 51 75 57 105 107 53 93 34 31 102 48 56 31 31 71 50 69 92 76 
69 91 65 65 23 106 74 30 79 23 23 63 18 1 87 21 78 34 26 24 26 31 78 100 75 51 21 94 57 6 6 109 56 85 109 85 53 6 51 94 43 75 107 69 31 83 64 15 102 64 76 76 50 91 50 64 47 89 58 58 47 1 73 41 48 109 69 31 50 13 62 1 31 92 31 92 26 105 4 78 16 
26 83 53 71 63 31 94 48 83 48 48 16 75 75 99 109 92 31 76 73 90 12 74 91 91 65 102 76 102 40 40 12 71 73 71 81 40 1 31 34 100 103 92 92 83 85 78 83 75 16 16 4 16 16 56 5 10 89 4 16 48 56 85 34 17 100 6 85 85 92 92 53 56 
76 47 20 71 102 31 31 31 91 76 50 76 64 12 59 18 73 74 44 47 74 12 16 67 21 16 21 85 16 51 100 4 4 99 85 34 53 53 107 6 103 103 34 93 34 65 12 12 63 79 65 76 91 91 1 58 40 72 69 69 
1 58 19 31 31 31 31 31 12 20 62 58 91 31 31 76 6 51 2 85 85 78 53 34 94 5 10 5 56 56 56 94 78 83 85 100 26 56 48 99 31 31 48 89 41 12 92 
69 69 91 76 69 1 40 71 59 47 1 18 12 71 40 31 78 75 6 6 103 85 78 4 78 85 26 64 12 31 12 106 56 78 31 92 57 85 85 26 43 85 34 92 31 92 93 31 40 31 31 31 31 31 31 31 31 31 31 76 76 76 47 44 60 47 23 18 47 40 10 5 78 100 8 57 78 16 43 
75 16 100 99 48 93 53 109 16 85 56 92 53 75 100 48 31 53 92 50 90 50 64 1 1 65 76 47 59 12 58 18 95 47 59 73 31 31 31 31 10 30 18 58 31 48 16 100 21 16 21 34 100 34 92 64 4 5 59 64 56 21 31 102 34 17 16 34 21 
93 107 53 92 31 15 12 1 92 76 69 91 69 50 102 18 10 90 102 65 47 40 40 58 93 6 56 83 85 78 31 78 105 100 53 85 105 31 18 12 12 106 56 78 48 31 48 4 36 56 53 92 92 53 53 64 40 40 89 64 69 31 91 69 91 69 102 58 110 106 90 64 1 
73 18 58 1 107 56 100 100 21 75 85 34 43 16 100 103 93 16 48 107 93 109 48 6 56 103 6 107 65 64 64 74 1 31 76 58 18 95 71 23 18 102 18 60 106 92 64 59 52 12 58 92 92 92 85 78 51 26 85 100 56 31 1 10 64 1 56 56 6 
26 100 93 93 53 53 76 58 73 90 76 65 91 69 58 58 47 47 102 23 95 60 95 31 103 34 6 6 56 34 16 100 34 16 16 43 31 71 31 40 40 56 31 92 83 87 84 4 75 34 92 92 6 53 65 47 89 74 102 91 69 69 76 65 1 90 110 23 71 73 30 79 23 87 21 17 100 75 
99 78 105 105 83 34 34 48 56 6 6 57 16 93 85 109 76 23 12 73 65 92 69 76 1 50 58 32 18 64 79 32 31 31 31 12 37 58 31 31 31 48 51 105 78 48 83 53 31 18 52 56 103 92 109 48 48 75 4 16 103 6 92 6 71 10 12 63 23 91 69 102 76 50 23 50 47 39 47 79 79 110 95 103 99 109 6 107 107 109 75 
103 16 51 85 56 106 10 65 83 48 53 56 17 85 93 83 53 53 48 31 31 103 59 39 12 31 69 69 31 69 76 76 1 58 74 90 74 58 95 73 47 12 87 8 26 75 99 16 16 75 16 75 34 83 93 109 92 53 105 100 16 78 85 83 56 31 40 61 
