78 34 34 12 1 75 75 81 81 81 81 81 81 81 75 34 58 15 34 75 15 74 74 74 100 100 100 100 100 51 52 52 52 52 52 52 8 98 88 84 66 5 5 5 72 5 77 22 22 60 60 58 58 58 58 15 15 15 15 15 15 34 75 75 34 34 75 75 34 34 75 34 75 75 34 
81 75 81 49 75 81 81 81 75 75 75 75 75 75 81 34 81 75 75 15 76 37 37 37 37 37 37 37 100 100 100 100 37 97 97 97 97 97 97 97 97 97 8 8 8 4 4 88 66 66 66 66 66 5 5 5 77 17 17 60 60 35 35 35 35 35 35 35 6 81 1 1 35 1 81 81 81 81 81 75 81 81 78 78 
49 49 78 1 1 49 49 35 63 1 1 1 1 49 49 49 1 1 58 6 76 99 99 72 37 37 37 18 18 29 18 24 24 24 24 24 24 24 98 98 8 47 47 47 47 77 77 77 77 77 77 77 77 17 17 17 17 17 60 60 60 35 35 6 35 1 1 1 1 1 1 1 1 1 49 49 1 33 75 
82 82 81 81 1 92 49 75 1 75 92 75 49 49 92 92 92 75 75 49 75 15 76 74 74 74 74 100 100 100 100 51 18 18 18 18 18 18 18 18 18 24 24 24 36 88 20 20 20 54 54 54 54 54 54 17 17 17 17 17 60 58 58 56 60 58 15 15 34 15 15 15 75 15 15 75 75 75 75 75 75 75 75 75 
1 1 75 1 1 75 75 34 1 1 1 6 63 58 34 34 34 34 34 78 34 82 82 86 81 49 49 49 49 75 78 34 6 6 6 1 34 15 12 76 74 99 99 99 99 37 37 37 37 24 24 24 24 24 24 24 24 98 98 98 98 30 30 98 36 36 64 5 5 5 5 5 5 20 77 77 54 17 17 6 6 6 6 60 60 15 60 60 6 60 15 15 6 15 34 15 15 34 34 31 34 
1 1 1 1 1 1 1 1 1 1 33 1 1 1 1 1 1 1 1 1 33 82 35 1 1 2 71 1 1 1 1 1 1 1 15 76 76 76 74 67 67 67 67 67 37 37 37 37 37 37 16 16 24 24 24 36 8 16 4 4 64 77 77 77 77 77 77 77 54 54 54 17 17 17 60 60 89 60 60 60 60 60 60 60 12 15 58 15 50 15 1 34 1 15 15 15 1 
78 96 34 34 34 34 34 15 50 50 34 50 34 50 50 34 34 78 33 34 33 82 49 78 75 78 56 58 92 86 49 2 49 82 82 82 35 35 96 96 1 34 60 77 74 74 74 74 100 100 100 100 100 51 51 51 51 51 51 51 51 51 41 41 41 41 41 97 16 47 47 47 36 36 20 14 14 14 14 36 64 47 47 47 47 64 64 89 89 89 89 89 89 89 60 60 60 50 50 12 15 12 12 12 15 15 15 15 15 12 15 15 12 50 50 50 
31 1 78 78 1 31 31 78 78 78 31 78 78 78 92 78 78 78 78 31 78 92 86 58 58 58 78 78 34 6 15 74 99 37 37 37 37 37 37 37 37 37 18 18 18 18 18 79 79 30 30 30 30 98 30 30 30 66 66 66 66 66 66 67 77 77 77 17 17 17 60 60 60 6 58 15 58 58 58 34 34 31 31 75 31 78 31 31 31 31 31 31 1 78 
1 33 1 1 1 1 1 1 1 1 1 1 1 33 1 1 1 1 33 78 49 49 2 1 58 1 58 6 58 15 76 76 87 26 87 87 99 87 87 99 37 37 37 37 73 73 73 73 73 73 73 73 73 73 73 73 79 16 98 98 79 57 98 98 98 98 98 98 44 66 20 20 20 54 54 54 54 54 60 60 6 6 6 6 6 6 33 34 1 1 78 1 1 33 33 78 1 1 1 78 33 
62 62 62 62 62 58 58 58 2 58 92 92 92 31 31 31 31 75 31 31 31 31 76 74 74 74 74 74 74 100 37 37 37 37 18 18 18 18 18 18 18 18 18 88 88 88 88 88 88 88 66 66 5 5 5 5 5 5 5 5 5 5 77 17 17 17 60 62 62 62 58 31 31 31 92 92 92 92 92 92 92 92 92 92 92 92 92 92 92 92 92 92 92 92 
1 1 33 33 33 33 96 33 33 33 1 33 33 33 33 33 33 1 78 78 49 35 1 6 6 6 58 6 6 50 76 76 14 14 14 14 14 14 14 53 53 53 53 73 73 73 51 51 51 73 18 18 79 79 24 79 79 79 98 16 47 98 85 85 64 77 77 77 85 77 54 54 64 64 4 4 89 89 89 35 56 60 6 6 6 6 33 6 33 33 33 33 33 1 6 33 33 33 33 33 33 33 6 
50 34 62 50 50 34 15 15 15 34 34 34 58 12 50 34 50 34 34 34 2 2 2 62 89 89 89 89 63 63 58 58 58 58 15 12 63 63 63 12 76 76 76 22 26 26 54 67 74 74 74 74 3 3 3 3 3 3 3 3 51 95 95 95 95 24 24 24 16 8 8 47 47 47 8 20 20 20 20 20 20 20 54 54 54 54 22 22 60 17 17 22 60 22 22 17 60 60 60 60 60 60 60 60 60 60 50 60 60 60 60 60 60 60 50 60 60 50 60 60 50 60 50 60 60 60 60 50 58 15 15 15 58 58 58 35 56 56 35 56 35 35 35 35 2 2 2 2 2 2 2 2 2 2 2 2 2 90 90 2 2 2 2 2 2 35 35 35 35 56 56 60 60 60 58 58 50 6 15 15 15 58 50 50 34 50 34 50 50 50 50 50 34 6 
81 81 81 34 81 75 81 81 81 81 81 81 81 34 81 81 75 75 34 75 15 50 50 81 90 96 62 81 96 81 81 81 62 58 2 2 58 15 76 74 99 99 99 99 99 99 99 100 100 51 51 51 13 13 13 13 13 52 52 52 13 13 13 88 88 88 88 88 66 20 20 20 20 20 20 20 64 64 64 17 17 60 62 62 62 62 58 81 81 81 81 81 81 81 81 81 81 81 75 81 81 81 81 81 81 81 81 81 
78 92 78 78 78 49 92 78 78 78 49 78 81 81 96 78 6 6 50 76 74 74 100 100 100 53 53 53 53 53 51 51 51 51 51 51 97 98 47 47 47 47 47 47 30 36 99 5 5 5 99 99 99 72 54 54 54 54 54 22 89 62 62 62 62 62 62 62 62 62 6 81 81 96 34 81 78 78 78 78 49 49 96 78 78 78 78 96 
78 78 78 96 62 96 78 78 96 78 78 78 78 33 78 78 34 1 96 34 76 74 14 14 14 76 85 53 53 53 51 51 18 18 18 18 18 18 98 98 98 98 98 98 98 4 44 64 47 47 47 36 64 64 14 14 54 54 54 22 89 89 89 60 22 60 12 12 12 12 12 12 12 15 12 12 12 12 12 15 12 12 12 12 12 
49 49 49 49 81 75 49 75 49 49 81 49 75 81 49 75 15 76 74 74 74 74 74 74 74 74 53 53 51 51 51 97 97 97 97 97 97 97 8 8 47 47 47 47 4 20 20 20 20 20 20 54 54 54 77 54 54 17 31 35 35 35 35 62 35 62 62 62 62 62 62 62 62 62 62 62 62 35 35 50 58 34 75 34 58 58 34 34 34 
58 15 15 15 34 34 34 34 34 15 35 35 96 1 34 34 6 6 15 76 74 74 37 37 37 37 37 37 37 18 18 18 18 18 24 18 24 44 44 44 5 5 5 54 54 54 17 60 58 58 34 34 34 78 78 78 78 1 1 78 34 78 78 81 75 78 34 34 1 78 
81 81 49 49 81 49 49 92 81 49 49 81 33 50 34 81 81 81 81 15 76 74 77 14 14 72 72 72 99 99 99 99 74 100 100 100 100 100 100 97 97 97 97 52 52 52 52 8 8 52 8 52 4 4 4 4 4 4 64 64 77 67 67 14 14 14 14 77 77 17 17 35 35 35 35 35 35 35 50 50 81 81 81 81 81 81 49 81 81 81 81 49 81 81 81 81 96 
1 33 1 81 78 1 33 6 1 1 78 78 78 1 81 58 58 58 15 15 15 76 76 74 74 74 74 53 51 51 51 51 51 51 24 24 24 24 24 24 24 24 98 98 98 98 44 44 44 66 5 54 54 54 77 77 77 77 77 17 22 89 62 62 62 60 89 89 58 12 60 60 15 6 12 15 34 34 15 15 34 34 34 34 34 34 15 34 15 34 1 15 34 15 6 34 6 
75 75 75 75 75 81 75 75 75 81 81 49 75 75 75 75 75 81 75 75 75 76 67 64 67 99 100 100 100 100 100 100 100 68 68 68 68 68 68 68 68 68 68 68 68 68 68 68 68 68 8 8 8 8 54 4 88 66 20 20 64 14 14 17 17 35 35 35 35 15 15 15 75 75 15 75 75 75 75 75 75 75 75 75 75 75 75 75 75 75 75 34 
49 49 49 49 49 81 49 49 49 49 49 81 81 49 49 75 49 81 81 49 71 71 81 35 1 58 89 35 49 2 75 58 75 58 58 58 58 76 74 74 74 3 3 3 3 3 3 3 3 3 3 3 3 3 3 3 3 93 93 93 93 36 36 36 36 36 54 54 54 54 54 17 35 35 56 35 35 60 60 60 60 58 15 15 15 75 15 15 34 34 15 34 34 75 75 75 34 
34 34 34 34 34 34 34 34 34 34 34 34 34 34 34 34 34 15 34 34 86 71 31 34 31 2 75 34 75 2 58 58 58 15 76 74 74 74 74 74 3 51 51 51 51 51 30 69 30 30 30 30 30 30 4 4 40 40 64 66 22 66 17 17 66 54 89 89 54 54 54 54 89 89 62 62 62 60 60 60 58 62 62 58 15 15 58 58 34 15 34 34 34 34 75 50 
92 92 92 92 92 92 92 31 75 31 92 92 92 92 92 92 92 92 92 92 92 71 45 2 4 2 2 2 80 76 99 99 99 99 99 99 99 99 99 100 100 100 100 100 87 87 87 40 40 40 40 40 40 66 66 66 66 66 66 66 66 66 5 5 64 64 64 17 17 89 62 62 62 62 62 58 58 58 58 58 58 58 15 15 58 58 58 58 58 1 58 31 58 58 31 58 58 
81 81 75 1 81 81 81 1 81 81 75 75 81 96 78 96 81 81 81 75 58 35 35 35 35 62 62 62 62 81 96 58 2 58 58 58 75 75 34 34 34 34 75 15 76 74 74 74 74 74 74 74 74 74 100 100 100 100 100 100 100 97 97 97 97 97 97 97 8 8 47 47 47 47 47 47 47 47 4 54 66 54 54 54 64 5 5 5 5 5 5 5 5 22 22 22 60 60 60 60 60 60 60 60 60 60 60 60 60 60 58 58 60 12 58 60 12 50 50 12 15 
78 92 1 1 1 15 34 1 1 92 1 78 81 92 92 92 78 1 6 76 67 67 67 74 74 74 73 73 73 73 18 18 18 18 18 87 87 57 24 98 98 98 98 98 98 98 4 4 4 5 5 5 5 5 5 54 54 54 85 77 17 17 17 60 15 15 15 15 15 15 75 31 34 34 34 1 31 78 34 34 34 75 34 34 1 
81 81 81 81 81 81 81 81 81 75 81 81 81 81 81 81 49 49 49 81 12 76 76 74 99 99 74 74 74 74 100 100 100 100 100 100 100 100 100 100 13 13 13 13 13 88 88 88 8 8 8 8 4 4 47 36 20 20 20 54 54 17 17 60 60 62 62 62 62 58 58 62 58 58 58 34 34 81 75 75 75 81 34 81 81 75 81 81 81 81 81 81 81 34 
1 1 75 75 78 75 81 78 78 78 78 81 81 92 78 78 81 81 75 78 78 82 71 2 92 82 34 6 56 56 56 2 2 2 92 1 78 1 1 78 78 78 75 76 37 37 74 3 100 100 100 100 100 51 51 51 51 51 51 87 87 87 46 79 44 44 44 44 44 44 44 64 67 14 14 85 77 14 77 77 77 17 17 60 60 60 60 60 60 60 60 60 60 60 60 60 60 60 60 62 60 60 60 60 60 60 60 60 
49 49 49 49 49 49 49 49 49 49 49 49 49 2 2 49 49 81 75 15 76 74 74 74 74 74 100 100 100 100 93 93 93 93 93 93 93 93 8 52 8 8 36 93 54 54 54 54 54 77 77 17 54 17 89 62 62 62 62 62 62 62 62 58 58 75 34 49 49 75 49 75 75 75 49 
34 49 81 34 34 34 34 34 81 78 81 34 34 15 15 15 15 58 58 58 71 45 2 2 82 35 58 58 34 78 75 78 75 12 63 12 12 74 67 67 74 3 53 51 51 18 18 30 13 13 30 30 30 30 30 30 30 30 84 66 66 66 66 66 66 66 99 99 26 54 54 22 22 89 89 60 60 60 60 60 62 60 60 12 12 15 12 58 15 75 34 34 34 58 34 81 96 
92 92 92 92 92 92 49 96 49 82 92 92 75 92 81 75 75 81 86 15 76 74 74 74 74 74 53 53 53 53 53 53 97 97 97 97 97 97 52 52 52 52 8 4 4 4 4 4 4 84 64 64 5 66 20 20 20 20 99 99 99 54 22 56 56 56 56 56 56 56 56 56 56 60 60 12 12 12 12 15 15 15 12 12 15 15 15 75 34 34 34 34 
1 1 1 1 1 1 1 1 1 1 1 1 1 1 1 1 1 1 58 58 60 81 75 15 60 35 35 1 2 71 71 62 62 62 62 58 58 63 58 31 58 58 1 34 15 6 6 60 76 74 99 74 77 77 85 85 85 85 53 74 74 73 73 73 73 73 73 73 53 73 53 97 26 26 97 8 98 98 4 54 54 77 76 80 77 5 72 5 77 5 5 77 54 54 22 89 89 89 89 89 89 89 89 89 89 89 89 89 89 89 89 89 89 89 89 89 89 60 35 60 35 35 15 60 
78 81 78 78 75 34 78 78 78 78 34 78 34 78 34 63 31 92 92 78 78 82 82 82 82 35 1 58 58 58 58 76 53 53 53 53 53 53 53 53 73 51 53 73 73 51 51 51 18 18 18 18 18 18 13 13 8 47 47 47 30 30 64 72 72 72 72 72 72 72 72 72 72 72 5 64 17 17 89 35 35 56 89 89 89 89 89 63 62 63 62 63 62 58 34 34 34 34 81 81 81 78 78 92 78 78 78 78 78 78 78 78 
78 78 78 78 78 78 78 78 78 92 78 78 78 78 78 78 78 49 15 15 76 74 74 74 100 100 100 100 100 100 100 100 51 51 51 18 30 79 30 30 30 30 30 30 44 44 64 20 20 20 20 20 54 77 77 77 77 17 17 60 6 6 6 6 6 78 78 78 78 78 81 78 81 81 92 78 78 78 
15 15 15 15 15 15 15 1 31 71 2 1 58 58 1 1 1 1 1 1 1 1 1 1 6 15 76 74 74 37 37 38 73 73 38 38 38 38 38 38 57 57 57 57 57 57 4 4 4 4 4 54 54 54 54 54 54 54 54 54 54 54 17 17 60 89 63 63 63 58 58 58 58 15 15 1 1 15 6 6 1 
1 81 1 1 75 81 1 75 1 1 1 1 49 81 81 81 49 81 81 81 75 2 2 81 1 81 1 1 1 1 35 35 81 81 1 81 81 75 1 1 1 1 1 1 81 81 76 76 15 76 74 74 67 3 3 3 3 3 3 3 3 3 13 13 18 18 18 79 30 30 88 88 88 66 5 5 99 99 72 72 72 54 54 54 54 17 60 60 60 35 60 35 60 60 60 60 60 15 15 58 15 15 15 15 15 15 15 
92 92 92 92 78 1 33 92 1 92 92 92 78 1 1 1 1 31 31 15 76 74 74 100 100 100 100 100 100 37 24 24 87 79 79 79 79 98 98 98 98 98 98 98 98 98 16 64 5 5 5 77 77 54 54 54 54 60 60 6 6 6 6 6 6 6 6 6 6 6 6 6 6 6 6 1 6 1 6 1 1 1 1 6 
1 1 1 1 1 1 1 1 81 1 1 1 1 1 1 1 1 1 1 1 1 63 8 12 1 92 1 2 1 58 1 58 1 1 1 31 15 15 76 76 76 17 17 76 76 76 74 74 74 74 37 37 37 37 37 18 18 18 18 18 18 46 46 46 46 46 57 57 44 44 44 64 20 20 20 99 99 99 99 99 99 99 54 54 17 60 58 1 1 34 15 1 15 1 31 1 1 1 1 1 1 1 1 1 75 75 1 1 75 6 
1 1 1 1 1 1 1 1 1 1 1 1 1 1 1 1 1 75 15 76 74 74 74 74 74 3 100 100 100 100 51 51 18 18 18 57 57 44 44 44 44 54 20 20 54 20 20 20 20 54 54 17 17 17 17 17 60 15 1 15 58 75 1 75 75 75 1 1 49 49 1 49 1 1 49 1 1 1 
96 96 96 96 96 96 81 96 96 56 96 96 96 96 71 71 34 34 34 12 76 76 74 26 97 97 53 53 53 53 53 51 51 51 51 98 98 98 98 98 98 98 47 47 64 14 14 14 14 14 14 14 14 14 14 14 54 54 56 56 56 56 56 56 56 56 56 56 35 56 50 50 35 50 50 50 96 96 34 34 96 96 96 96 96 
31 31 31 75 75 31 75 81 31 75 75 31 58 58 58 58 58 58 31 58 15 76 67 37 37 53 53 53 53 53 53 97 69 69 69 69 69 40 40 44 44 44 88 66 66 64 64 64 5 67 67 77 77 17 17 60 60 35 35 35 35 60 60 60 60 60 6 60 60 60 60 89 60 60 60 62 60 12 60 60 60 60 60 60 58 58 58 58 60 6 58 58 6 34 58 58 15 15 15 34 34 75 
