85 47 19 19 57 75 23 47 47 75 75 75 75 74 2 47 19 19 47 23 22 13 17 4 4 25 69 69 69 69 69 63 63 63 63 63 63 64 80 34 40 39 39 39 21 21 45 49 49 14 14 9 9 9 9 19 19 19 19 19 19 47 23 62 47 23 23 23 47 23 23 47 23 23 23 
75 75 75 75 75 75 75 75 75 75 75 75 75 75 75 47 75 75 75 22 13 17 25 25 25 25 25 25 69 69 69 25 25 81 81 81 81 69 63 63 63 63 63 63 63 70 52 80 40 39 39 39 39 39 39 82 82 49 49 14 14 67 67 57 67 67 67 67 67 85 57 57 57 57 75 75 75 75 75 75 75 75 75 36 
74 74 36 36 57 74 75 67 38 26 57 2 2 2 2 75 57 57 9 22 31 44 44 44 25 25 25 25 69 28 28 28 50 50 30 30 50 50 32 64 64 64 64 64 64 82 82 82 82 82 82 82 82 49 49 49 49 49 14 14 14 26 67 67 26 26 26 26 57 57 57 57 2 74 2 74 57 36 23 
56 56 75 75 2 41 2 2 2 2 42 2 2 41 75 41 41 75 23 2 23 22 13 13 13 13 4 4 25 25 25 25 6 6 6 6 6 6 6 6 6 50 28 50 50 70 83 83 83 82 82 82 82 82 82 49 49 49 49 49 14 9 62 54 14 19 19 26 26 26 26 23 23 23 26 23 23 23 42 23 23 23 23 23 
57 57 2 36 36 23 75 36 36 36 57 9 38 19 47 47 47 47 23 36 26 60 60 60 75 74 74 2 2 2 36 47 26 9 67 26 26 22 22 31 13 44 44 44 25 25 25 25 76 76 50 50 50 50 50 50 50 50 32 32 32 32 32 32 32 80 80 39 21 21 39 39 45 83 82 82 82 49 49 14 26 26 9 14 14 14 14 14 26 14 26 26 26 26 26 26 26 26 26 23 47 
57 57 57 57 57 57 57 26 57 57 57 57 57 57 57 57 57 57 57 57 57 56 54 57 57 27 15 2 57 57 57 57 57 57 22 31 31 13 17 17 17 17 17 17 17 17 76 76 76 76 78 78 50 50 50 50 8 8 8 80 45 45 45 45 45 45 45 82 82 82 82 49 49 49 14 14 20 14 14 14 14 14 14 14 19 26 26 26 26 26 26 26 26 26 26 26 57 
85 71 47 47 47 47 47 26 61 61 47 61 47 61 61 26 26 85 71 47 26 56 2 75 2 85 54 9 41 60 60 27 2 60 60 56 54 54 71 71 57 47 22 13 13 13 17 4 4 4 4 4 4 81 81 81 81 81 81 81 81 81 50 50 50 50 50 50 8 64 64 64 64 83 83 77 77 77 77 77 80 64 64 64 66 80 24 20 20 20 20 20 20 38 14 14 14 61 61 19 19 19 19 19 19 62 62 19 19 19 19 19 19 61 61 61 
42 36 36 75 36 42 42 36 36 36 42 36 36 36 41 36 36 75 36 42 36 41 41 26 26 26 85 36 47 36 22 13 39 39 25 25 25 25 25 25 25 25 25 6 6 6 30 30 30 30 30 30 32 32 32 12 12 40 39 39 39 39 39 39 45 82 82 82 49 49 14 14 14 9 26 62 19 26 62 47 47 42 42 42 42 36 42 42 42 42 42 42 75 36 
57 36 57 36 36 57 36 57 57 36 36 36 57 57 57 57 57 36 36 36 60 60 27 57 57 57 26 26 62 22 31 13 88 29 88 88 88 88 88 39 25 25 25 4 43 43 43 43 43 43 43 43 43 43 76 76 8 8 8 8 8 8 8 8 8 8 52 52 52 39 83 83 82 82 82 82 82 49 49 14 14 14 26 26 26 26 26 36 26 57 36 36 36 36 36 36 57 36 57 36 36 
54 54 9 9 9 9 62 62 27 62 41 41 41 42 42 42 42 42 42 42 42 22 13 13 4 4 4 4 4 4 25 25 25 25 25 6 6 6 6 6 6 6 6 6 6 70 70 70 30 90 37 37 24 24 39 39 39 39 39 39 39 21 82 49 49 49 54 54 54 9 9 62 42 42 41 41 41 41 41 41 41 41 41 41 41 41 41 41 41 41 41 41 41 41 
57 57 57 36 57 71 71 57 71 71 57 57 71 57 57 71 57 57 36 85 2 2 57 57 26 61 26 26 61 61 22 13 77 77 77 77 77 77 77 81 43 43 43 43 43 43 43 43 43 76 76 76 76 76 50 76 8 8 8 8 8 8 66 66 45 21 21 82 86 82 82 82 80 80 52 52 20 20 20 54 54 14 14 61 26 26 26 26 71 71 71 26 71 57 26 71 57 71 57 57 71 57 57 
61 47 67 61 26 26 19 19 19 26 26 26 19 19 26 26 61 26 26 47 62 27 27 54 20 20 20 20 38 38 9 9 19 9 19 19 9 9 38 31 31 31 31 31 29 7 82 44 17 4 4 4 4 4 78 78 78 78 78 78 78 78 78 78 78 78 78 78 8 63 63 64 64 64 63 83 83 83 83 83 83 83 82 82 82 49 7 7 14 49 49 7 14 7 7 49 14 14 14 14 14 14 14 14 14 14 61 14 14 14 61 14 14 14 61 14 61 61 61 14 61 14 61 14 14 14 14 61 62 19 19 19 19 19 9 14 54 54 54 54 54 54 54 2 2 2 2 27 27 27 27 27 27 27 27 27 27 60 60 27 27 27 27 2 2 2 54 54 54 54 54 14 14 9 19 26 61 26 26 19 19 19 26 67 26 61 26 26 61 61 61 61 19 26 
75 23 75 23 75 23 75 75 23 75 75 75 75 23 75 75 23 75 23 23 19 67 67 75 15 85 67 75 85 75 75 75 67 62 27 62 22 22 31 13 44 44 44 44 44 44 77 4 4 69 69 81 70 70 70 70 70 70 63 70 70 70 70 70 70 70 40 40 83 83 83 83 83 83 83 83 45 80 45 49 49 14 67 67 67 67 67 75 75 75 75 75 75 75 75 75 47 75 75 75 75 75 75 75 75 75 75 75 
85 85 85 85 85 85 41 85 85 85 85 85 85 85 47 47 47 71 61 22 13 4 4 4 4 81 81 81 81 81 81 43 43 81 81 78 50 32 64 64 64 64 64 64 32 52 39 39 39 44 44 44 44 21 82 82 52 52 24 7 20 20 67 67 67 9 67 67 67 67 67 47 47 85 47 85 85 85 85 85 85 85 85 85 85 85 85 85 
85 85 85 85 67 85 85 85 85 85 85 36 85 36 36 36 47 57 85 22 31 13 77 77 66 66 66 66 81 81 81 25 25 6 6 6 6 6 50 32 32 32 32 32 32 52 12 80 64 77 64 77 77 77 77 77 82 82 49 7 7 20 20 14 7 14 14 14 19 19 19 19 19 19 19 19 19 19 19 19 19 19 19 19 19 
2 74 2 2 75 2 74 2 75 85 75 2 2 75 2 2 22 13 13 13 13 13 13 13 4 4 4 81 81 81 81 81 81 81 81 63 63 63 63 64 64 64 64 64 64 83 83 83 83 83 83 82 83 82 82 82 82 49 42 67 67 67 67 67 67 67 67 67 67 67 67 67 67 67 67 67 67 67 67 67 9 47 2 47 47 47 47 47 47 
62 26 19 26 26 26 26 26 26 26 2 2 67 75 36 47 26 22 22 22 13 17 4 43 43 43 43 43 43 6 6 6 6 6 50 30 50 35 35 37 39 82 82 82 82 82 49 14 9 26 26 47 47 36 36 36 36 42 36 36 47 36 36 75 42 36 75 36 75 36 
74 75 74 75 75 85 74 2 74 75 74 75 71 61 47 75 75 74 75 22 13 13 13 13 77 77 44 44 44 44 44 44 4 4 4 69 69 69 69 69 69 63 63 63 63 63 63 63 63 63 63 63 64 64 52 80 80 80 80 45 45 45 45 45 77 45 45 45 45 49 49 54 54 54 71 71 54 71 67 67 74 75 75 75 75 85 74 75 74 75 74 85 85 75 75 85 85 
57 57 36 75 36 57 26 26 57 85 36 36 36 57 47 26 9 9 62 22 22 31 13 13 17 4 4 81 81 81 81 81 32 50 50 50 50 32 50 50 50 50 30 30 30 32 30 80 80 37 39 39 24 82 49 13 24 24 82 49 7 20 67 67 14 14 20 20 9 19 14 14 26 26 26 26 26 26 26 26 26 26 26 26 26 26 19 26 19 26 36 26 26 26 26 26 71 
23 23 2 75 23 75 2 2 2 75 75 2 2 2 2 75 23 75 23 2 23 13 45 39 39 39 4 4 69 69 69 69 69 69 69 69 69 69 79 79 79 79 79 79 79 79 79 79 87 87 63 52 52 52 52 52 52 39 83 83 39 77 77 49 49 14 67 67 67 67 19 23 23 23 23 23 23 23 23 23 2 23 75 23 23 23 23 23 23 23 23 47 
2 2 75 75 75 75 75 75 75 2 75 75 75 75 74 75 75 75 75 2 27 15 85 54 57 9 20 2 2 27 62 9 47 62 9 62 22 31 13 17 17 17 17 17 17 17 17 17 25 4 25 25 48 48 48 48 48 79 79 28 79 79 28 28 83 83 82 77 77 82 49 49 54 54 54 54 14 14 14 14 14 14 62 19 26 62 19 19 23 26 23 26 23 23 23 23 47 
47 47 47 47 47 47 47 47 47 47 47 47 47 47 47 47 47 19 47 47 41 15 42 26 42 27 75 47 62 27 9 9 22 22 13 17 17 17 17 17 25 43 43 43 32 32 90 90 90 90 32 90 90 90 64 64 90 37 37 37 7 37 49 49 37 24 20 20 82 82 82 82 7 20 20 14 9 14 14 14 9 20 9 19 62 19 19 19 47 19 47 47 19 47 75 61 
41 41 41 41 41 75 41 42 75 42 41 41 41 41 41 41 41 41 41 41 41 27 65 27 54 62 27 27 89 13 44 44 44 44 44 44 44 44 44 4 4 25 25 25 25 6 37 37 37 37 37 37 37 37 39 39 39 39 39 39 39 39 39 39 80 80 80 49 49 20 67 9 9 9 9 9 9 9 9 9 62 62 62 26 62 9 62 62 26 26 62 62 62 62 62 62 62 
85 75 2 57 75 47 75 57 57 75 2 2 75 85 75 85 75 75 75 62 62 20 67 67 2 67 9 54 54 85 85 9 62 9 9 62 62 23 47 47 47 36 75 22 31 13 4 4 4 4 4 4 4 4 4 4 69 69 69 69 69 69 69 63 63 63 63 63 64 64 64 64 64 64 64 64 64 64 64 82 39 24 24 24 24 24 39 24 24 24 24 24 24 24 24 24 14 14 14 14 14 14 14 14 14 14 14 14 14 19 19 19 19 19 19 19 19 19 19 19 19 
36 41 75 75 36 26 26 36 57 41 57 85 75 41 41 41 36 57 22 31 45 45 17 17 17 4 43 43 43 76 76 6 6 6 6 6 6 50 50 50 50 50 50 50 64 64 64 64 80 24 24 24 24 24 39 24 24 24 86 82 49 49 49 14 19 26 26 26 26 62 62 62 47 26 26 36 36 36 26 23 47 75 47 75 2 
75 75 75 75 75 75 75 75 75 75 75 75 75 75 75 75 75 75 75 75 22 66 13 4 4 44 44 4 4 4 4 4 4 69 69 69 69 69 69 69 69 70 70 70 70 70 70 63 63 63 63 52 52 52 64 52 83 83 83 83 82 49 49 20 20 67 67 67 67 67 67 67 9 9 47 67 47 75 23 23 23 47 47 75 75 75 75 75 75 75 75 75 75 47 
75 23 23 23 36 23 75 36 36 36 85 75 75 75 36 36 75 75 75 75 36 56 15 27 41 60 47 26 54 54 54 27 27 27 41 57 75 57 85 85 36 75 23 13 25 4 4 4 4 4 4 4 69 69 69 69 69 48 48 6 16 37 35 30 35 35 35 37 80 80 32 80 44 77 77 66 13 77 82 82 49 49 49 14 14 14 14 14 14 14 14 14 14 14 14 14 14 14 14 14 14 14 14 14 14 14 14 14 
2 74 74 2 2 2 60 2 2 2 2 2 74 2 2 2 2 2 22 22 31 13 13 4 4 4 4 4 25 69 69 69 79 79 79 79 79 79 79 79 79 63 28 79 82 82 82 82 82 82 82 49 49 49 20 20 20 67 67 67 67 67 67 9 67 2 47 2 2 2 2 2 2 2 2 
36 75 75 75 23 47 47 75 75 36 75 47 23 19 19 19 19 19 19 9 15 65 27 27 56 54 9 9 26 75 75 36 75 19 38 22 22 13 17 17 4 4 43 43 43 43 30 30 70 70 70 32 32 32 32 32 32 32 80 39 39 39 39 39 39 39 39 83 82 82 82 7 7 20 20 14 14 14 14 14 67 14 14 19 19 19 19 26 23 23 47 19 23 9 47 47 85 
41 85 85 41 41 85 85 85 60 60 75 41 2 75 75 75 75 75 41 22 13 17 17 4 4 4 81 81 81 81 81 81 81 63 63 63 63 63 63 63 63 63 63 52 52 64 64 64 12 80 80 80 39 39 83 83 83 83 44 44 44 82 7 20 54 54 54 54 54 54 54 54 54 14 14 19 19 19 19 19 19 19 19 19 19 19 23 23 23 23 23 47 
57 57 57 57 57 57 57 57 57 57 57 57 57 57 57 57 62 26 26 9 14 47 75 62 14 20 54 57 27 15 27 54 54 54 9 9 9 9 62 42 26 62 2 26 26 9 22 22 31 13 44 13 45 13 66 66 66 66 66 13 13 43 43 43 43 43 43 43 81 81 81 81 76 29 29 50 50 32 52 24 24 21 66 66 66 21 21 21 21 21 21 21 24 24 7 20 20 20 20 20 20 20 20 20 20 20 20 20 20 20 20 20 20 20 20 20 20 14 20 14 54 61 2 14 
36 75 36 36 75 36 36 36 36 36 47 75 36 36 47 38 42 41 41 36 36 56 56 56 56 54 57 47 9 9 22 31 13 4 81 81 43 43 43 43 43 43 43 43 43 43 43 43 6 6 6 6 6 6 70 70 64 64 64 64 32 80 80 83 83 44 44 44 44 77 21 21 21 21 45 80 24 20 20 20 20 54 20 20 20 20 20 38 20 38 38 38 9 9 47 47 47 36 75 47 75 85 75 41 85 85 85 85 85 36 36 85 
85 85 36 75 36 36 41 85 41 41 85 85 36 36 36 75 36 75 22 22 31 4 4 4 4 4 4 4 4 4 69 69 69 69 30 30 30 30 30 30 30 30 30 32 32 80 80 83 83 83 82 83 82 82 82 82 49 49 49 14 67 26 26 26 26 36 36 36 75 36 75 75 75 75 75 36 36 85 
19 19 19 26 62 26 26 26 42 15 27 2 26 9 57 57 57 57 57 57 57 57 57 57 26 22 31 29 17 25 25 76 76 76 76 76 76 76 76 76 87 87 87 87 87 87 52 52 52 64 52 24 24 24 24 24 24 24 24 24 24 49 49 49 14 20 38 38 9 9 9 62 26 26 26 26 26 26 26 26 26 
75 75 57 2 23 75 2 75 57 75 57 36 2 75 75 75 75 75 75 75 75 27 27 75 75 75 57 75 57 57 54 54 57 75 2 75 75 2 57 57 57 57 57 47 75 75 31 31 22 31 13 17 17 17 17 17 4 4 25 25 43 48 48 48 6 6 6 30 30 30 50 80 70 39 39 39 44 44 44 44 82 82 82 82 49 49 14 14 14 54 14 14 14 14 14 14 14 14 62 62 62 62 19 19 19 19 19 
36 41 41 41 36 57 57 41 57 41 41 41 36 36 57 57 36 26 22 22 31 13 4 4 4 4 4 4 25 76 76 76 76 76 30 30 30 32 32 32 32 32 32 32 32 32 80 45 24 44 24 21 21 24 82 82 49 14 14 54 14 54 54 54 54 14 14 26 14 26 14 26 26 26 26 57 26 26 26 26 57 57 57 26 
36 57 57 2 57 75 57 2 75 57 57 57 57 57 57 57 75 57 2 57 57 9 63 19 26 75 36 2 57 26 57 26 26 57 62 42 22 22 31 31 13 49 49 31 86 13 13 17 17 4 25 25 76 76 76 76 76 76 35 35 35 35 35 35 35 35 35 35 35 52 80 80 83 83 83 44 44 83 44 44 83 44 82 82 49 14 62 26 57 23 26 26 62 57 26 36 57 57 57 57 57 2 2 57 62 2 36 26 62 26 
57 57 57 57 57 57 57 57 57 57 57 57 57 57 57 2 57 2 22 22 13 17 17 17 17 4 4 4 69 69 69 69 6 6 6 87 35 35 35 35 35 24 83 82 82 82 82 82 82 82 82 82 49 49 49 49 14 26 26 26 62 2 26 23 2 2 2 57 74 2 57 74 57 57 2 57 57 57 
71 85 85 85 85 85 85 85 56 54 71 71 71 71 27 27 26 19 47 31 31 13 29 29 29 78 4 81 81 81 81 81 81 81 32 32 32 90 32 32 32 32 64 66 80 77 77 77 77 77 77 77 77 77 77 77 82 49 20 54 54 54 54 54 54 54 54 54 54 54 61 71 67 61 61 61 71 71 47 47 47 71 85 47 85 
42 42 75 75 47 42 75 75 42 75 75 42 9 31 62 9 9 26 62 62 22 31 44 39 25 43 81 81 81 81 81 81 6 6 6 6 6 6 6 6 30 52 52 39 39 39 45 45 45 45 45 45 45 49 49 14 14 14 14 14 14 14 14 14 14 14 9 67 14 14 14 20 14 14 14 9 14 14 14 14 14 14 14 14 14 9 62 62 14 9 62 9 26 26 19 62 62 19 62 47 62 62 
