81 34 34 34 81 34 50 34 75 75 34 56 35 33 81 49 49 49 81 50 60 17 17 85 10 39 39 83 59 48 80 61 42 42 66 88 88 88 52 95 95 95 95 95 25 25 25 25 25 25 29 29 29 26 22 22 63 63 63 63 63 63 60 60 12 12 50 12 15 34 15 50 34 34 34 75 75 34 34 34 34 34 50 
34 34 34 34 34 34 34 34 34 34 34 34 34 34 34 96 34 34 34 34 35 35 50 34 34 34 34 34 34 34 2 34 34 34 86 70 70 19 19 55 59 59 59 48 80 43 42 42 94 94 66 66 66 84 84 21 21 21 21 95 95 7 13 13 13 13 13 13 13 13 13 13 13 13 13 13 13 13 13 13 64 64 64 64 64 64 64 64 37 37 26 67 26 22 63 63 63 63 63 63 63 63 63 63 63 6 63 58 50 50 50 50 50 50 50 50 50 34 34 50 
49 49 49 49 49 49 49 49 49 49 81 49 49 49 49 49 49 1 6 6 35 49 49 90 90 90 90 90 90 80 80 61 27 27 27 27 27 27 27 42 84 84 84 25 25 25 25 25 95 95 95 95 93 93 93 93 93 93 93 93 93 26 26 87 87 87 26 26 26 26 26 26 26 26 22 22 63 63 63 63 63 56 63 63 58 58 1 34 75 75 75 49 49 49 49 75 49 49 49 
34 34 1 34 34 34 1 34 34 78 34 1 1 49 33 35 34 34 58 34 12 2 2 15 60 31 71 82 35 6 89 89 89 89 56 56 63 63 56 60 6 34 33 1 49 1 34 1 60 85 10 10 10 39 39 39 39 39 39 39 59 59 80 43 42 42 42 42 84 84 84 21 21 21 21 21 21 21 21 21 21 11 11 11 11 11 11 11 87 87 87 87 87 87 26 26 26 26 26 22 22 63 22 63 63 60 12 12 58 12 12 12 12 15 12 15 12 12 12 12 12 12 12 12 15 15 12 12 12 
60 35 6 33 33 33 50 33 33 33 33 33 50 33 33 6 50 96 33 96 96 1 1 33 78 1 1 15 76 85 85 10 10 39 39 83 55 55 55 55 55 59 48 43 43 43 9 9 9 23 9 9 9 9 66 37 37 28 28 28 28 28 28 28 46 46 46 46 46 46 46 46 46 46 46 87 87 37 26 26 26 93 26 22 22 63 6 6 56 56 6 50 50 6 33 1 50 50 33 33 1 58 33 33 33 33 33 33 33 6 1 33 
33 33 33 33 33 33 33 33 33 33 33 96 96 33 33 33 35 35 33 33 1 2 1 33 33 33 34 76 77 67 77 10 10 83 83 83 83 83 83 55 55 48 61 61 42 42 42 42 42 42 94 36 36 36 16 28 28 28 28 28 28 28 28 28 28 28 28 28 28 93 87 87 87 87 26 26 26 26 68 26 22 63 63 63 63 63 63 63 63 63 50 33 34 33 33 33 33 33 33 33 33 33 33 
96 96 96 96 96 96 96 96 96 96 96 96 96 96 96 96 96 96 96 33 6 85 85 10 39 39 39 55 55 55 55 59 59 48 80 43 27 23 23 23 23 23 23 9 9 9 66 21 21 7 7 7 7 7 7 7 7 7 7 7 7 7 16 16 7 16 16 16 51 51 51 51 51 51 51 37 37 37 26 29 26 26 26 22 22 63 63 63 63 63 63 63 63 63 50 50 50 50 50 50 50 50 50 50 50 50 50 34 50 50 50 
78 78 33 78 33 78 33 78 78 78 78 78 78 33 78 78 78 78 78 78 78 1 2 2 92 92 1 78 92 86 86 82 82 33 78 78 78 92 82 6 76 14 85 85 10 10 39 39 55 55 55 55 48 48 61 42 42 42 42 94 94 94 91 91 84 84 21 21 21 21 28 28 28 28 28 21 21 21 21 21 21 21 46 46 46 46 46 46 46 46 46 46 46 46 37 37 37 37 37 37 37 26 26 26 26 26 22 22 63 63 63 63 63 63 12 12 12 12 12 12 12 12 34 12 12 34 34 34 34 34 34 33 33 33 
33 33 33 33 33 33 33 33 33 33 33 33 33 33 33 33 33 33 33 15 85 85 10 10 10 10 39 39 39 39 39 39 39 55 55 55 48 80 61 42 42 9 9 42 9 91 91 91 21 21 21 21 21 21 21 21 46 46 46 46 46 46 46 57 57 57 57 57 57 57 87 87 93 93 93 26 22 63 63 63 63 63 63 63 63 63 63 33 33 33 33 33 33 33 33 33 33 33 33 33 33 33 33 
78 34 1 1 78 34 78 1 34 34 34 34 58 58 58 6 34 50 63 58 71 71 34 34 15 1 58 58 58 58 58 78 78 78 78 78 78 1 34 6 6 82 82 6 76 77 85 85 85 10 32 32 32 19 19 59 80 43 23 23 23 23 23 23 23 9 9 84 21 21 21 21 21 21 21 21 21 21 21 21 21 21 46 46 46 46 46 87 87 87 87 87 87 87 87 87 87 87 87 87 26 26 26 26 22 22 63 63 56 89 89 89 63 63 63 63 63 12 12 58 12 34 34 12 12 12 12 12 12 58 12 12 12 
50 50 63 63 63 50 50 50 33 33 33 33 33 33 33 96 33 50 62 62 6 76 47 47 47 47 10 10 10 83 83 83 83 83 55 59 48 80 61 23 42 42 42 9 91 84 84 30 29 29 29 29 29 29 29 29 29 29 93 93 93 93 93 93 93 93 57 93 87 93 26 26 26 12 31 31 50 50 31 71 50 50 50 50 50 33 50 33 33 33 33 33 96 33 33 33 33 33 33 50 33 50 50 50 50 50 50 33 33 33 
49 49 33 49 33 49 33 33 33 33 49 81 49 49 49 81 49 33 35 35 56 56 63 62 35 62 62 62 62 62 50 58 34 81 33 34 50 6 6 31 85 85 85 85 85 10 10 10 10 10 10 48 48 80 61 61 43 42 42 42 4 4 4 84 16 16 16 16 28 16 16 16 16 16 16 16 16 16 16 16 16 29 29 29 29 3 26 26 26 54 26 54 22 22 63 63 63 50 50 50 50 50 50 50 50 50 50 50 50 50 50 50 33 75 33 33 34 49 33 
81 81 96 96 81 96 81 81 81 34 96 81 81 81 81 96 81 34 34 34 50 34 86 62 62 81 34 81 96 96 81 58 6 6 75 2 85 47 47 85 10 39 39 39 55 55 55 48 80 61 42 42 42 42 42 84 84 84 84 25 25 25 25 25 25 25 25 25 11 13 13 13 13 87 87 41 41 87 87 87 87 87 87 87 87 87 26 37 73 26 26 26 22 50 50 60 60 50 15 12 12 15 34 81 96 34 81 34 81 81 78 81 96 81 81 96 81 81 96 
81 96 96 96 49 81 81 49 33 96 96 81 96 96 96 78 78 96 96 96 96 49 49 96 96 96 96 96 96 96 50 50 6 60 76 85 10 10 10 10 10 48 48 48 61 61 61 61 42 42 42 84 84 66 3 3 3 3 3 7 7 7 7 7 7 7 7 7 7 7 7 3 3 3 3 100 100 37 100 100 26 87 87 87 22 62 2 58 63 63 63 62 50 50 34 96 96 33 96 96 96 81 96 96 81 33 96 96 96 96 81 81 49 78 96 96 96 
96 96 96 96 96 96 82 82 82 96 96 78 96 96 50 2 2 71 45 45 45 45 45 45 45 45 45 59 80 43 43 42 84 66 21 21 21 7 7 7 7 7 95 7 7 7 7 7 7 7 7 41 7 7 93 87 87 93 93 26 26 26 26 26 22 22 22 22 22 89 89 22 22 22 22 22 22 12 12 12 12 12 12 12 12 12 12 12 12 12 50 50 
34 96 34 34 34 15 34 34 34 81 81 75 81 75 96 96 34 1 1 92 71 70 70 19 19 19 59 80 43 43 54 54 54 94 94 66 66 66 25 25 25 28 28 28 28 28 28 21 21 7 7 7 7 7 7 7 41 41 58 26 26 26 12 22 22 63 63 63 63 50 50 50 50 50 50 50 34 50 50 50 34 34 15 75 34 34 34 34 15 15 34 96 
50 50 50 50 50 50 50 50 34 34 50 62 62 62 50 50 34 50 50 50 35 2 82 49 50 34 34 63 63 50 50 50 33 33 22 8 10 70 70 70 19 19 19 48 80 43 23 9 9 9 9 66 21 21 28 28 28 7 7 7 7 7 7 13 13 93 93 93 93 93 74 26 26 54 22 22 63 63 63 63 63 12 50 12 12 12 15 15 15 15 15 50 50 33 34 34 50 50 
96 81 78 96 49 96 96 96 81 81 49 96 96 96 96 96 96 96 96 96 96 96 96 96 96 96 96 96 34 34 58 58 31 85 85 85 85 10 10 83 83 71 45 45 71 48 61 61 27 27 27 27 27 84 84 84 84 84 37 37 37 37 3 95 95 95 95 95 95 95 95 95 93 95 93 25 25 25 25 29 29 29 29 29 73 74 74 74 77 22 22 22 22 63 63 63 62 50 50 50 50 50 96 50 96 34 96 96 96 96 96 96 96 96 96 96 
78 96 96 96 96 96 96 33 96 33 96 96 33 1 33 50 62 58 58 15 31 86 39 39 39 59 48 80 61 61 23 23 23 23 23 42 84 84 84 84 36 29 29 29 29 29 29 29 29 29 29 29 24 24 24 24 24 24 73 73 74 22 22 63 63 63 63 63 63 63 12 63 12 12 50 50 50 50 58 96 96 96 96 96 78 33 33 96 96 
81 34 81 81 75 75 75 34 34 34 34 34 81 75 81 34 34 81 81 75 35 35 34 33 78 34 81 75 75 81 81 81 81 81 81 75 75 75 34 34 34 15 85 85 10 83 32 32 32 32 19 19 59 80 61 42 94 94 94 94 94 91 91 66 66 25 25 25 25 25 21 25 25 11 11 11 11 11 11 11 11 11 11 11 93 93 93 93 93 93 93 93 93 93 26 26 26 22 63 63 63 63 63 58 50 12 12 12 12 12 12 15 12 12 12 12 12 34 12 34 15 34 34 75 34 
81 81 81 81 81 34 81 81 1 81 49 81 81 81 49 49 96 81 81 49 81 2 71 2 92 92 81 81 81 81 75 49 92 92 82 82 2 1 35 62 81 81 81 34 6 62 62 62 62 62 60 60 58 58 58 34 86 86 70 70 45 19 45 59 80 61 94 94 94 91 91 91 91 91 66 66 66 66 66 66 67 3 3 25 25 25 25 3 7 7 7 7 7 7 7 7 7 3 3 3 3 3 3 67 26 26 26 22 22 89 60 89 60 89 22 22 17 22 22 12 60 12 12 12 12 12 12 15 15 12 15 15 15 12 50 
15 34 15 75 15 34 34 31 34 34 34 31 34 31 34 34 34 34 34 34 22 85 70 70 70 45 45 19 59 59 80 43 42 42 9 91 91 91 91 91 21 21 11 11 11 11 11 11 11 11 11 11 11 93 93 87 26 26 26 77 22 22 22 63 63 89 63 60 62 60 62 62 62 62 62 63 60 58 58 58 58 58 34 34 34 34 58 
1 1 1 1 78 1 1 1 78 78 34 1 50 34 81 34 1 1 34 34 1 82 82 33 56 56 75 34 34 1 35 15 10 85 54 85 10 39 39 39 39 55 32 19 19 59 80 43 9 9 91 91 91 91 7 21 28 28 28 28 28 28 28 28 28 28 21 21 21 11 11 11 87 87 87 87 99 99 99 99 99 77 77 22 89 56 56 56 56 56 56 56 56 58 58 58 63 58 58 6 58 58 58 6 58 34 58 58 34 34 34 
56 56 56 56 56 56 56 56 56 56 56 50 50 96 96 96 34 50 86 86 31 86 39 39 70 19 19 19 19 19 59 80 61 61 61 42 64 84 84 84 7 21 95 95 95 95 95 95 95 95 95 95 95 7 7 64 64 64 64 64 64 26 37 37 37 26 26 100 64 26 94 94 94 22 63 63 63 63 56 56 63 63 56 56 63 63 50 50 50 56 63 50 50 63 56 63 50 50 96 
92 92 92 92 92 92 92 92 92 92 92 92 92 92 75 75 1 34 6 34 86 86 70 39 39 39 39 55 19 19 59 59 80 61 23 23 23 23 23 23 23 9 66 66 7 28 28 28 28 95 95 95 95 7 11 11 11 11 46 87 87 87 87 87 87 87 87 87 26 26 26 26 17 22 22 22 89 62 56 56 89 89 89 89 89 89 89 89 89 89 89 89 89 89 89 89 89 22 89 89 22 
96 33 33 96 96 33 34 96 96 96 96 81 96 81 96 96 96 96 35 96 96 96 60 54 77 77 85 10 10 39 39 32 32 19 19 19 59 59 80 43 43 42 42 84 84 84 84 84 25 25 25 25 25 25 95 95 95 95 25 25 25 93 88 88 52 88 88 88 88 88 88 66 64 64 88 87 22 22 63 63 63 63 50 50 50 50 34 50 34 50 50 50 50 50 50 34 34 96 50 50 50 96 96 
96 96 78 78 33 34 78 78 33 78 78 78 96 78 78 78 33 78 78 96 12 17 85 10 39 39 39 55 55 55 59 48 43 23 9 9 9 9 9 84 84 21 21 21 21 21 21 7 7 7 7 7 46 46 46 46 29 29 46 29 29 29 26 26 26 26 22 63 63 63 63 63 63 63 63 63 63 63 12 34 34 34 34 33 50 96 34 50 34 96 34 34 33 
96 96 34 96 96 81 81 49 49 96 81 81 96 33 96 50 96 35 33 33 78 86 86 90 70 70 70 45 45 90 90 80 43 42 42 42 42 84 84 84 84 84 84 21 28 28 28 28 28 28 16 95 28 93 93 93 93 93 93 93 93 93 26 26 26 26 26 26 26 22 63 63 63 63 63 63 63 63 60 50 60 60 50 50 12 12 50 50 12 50 34 34 34 
34 34 34 34 58 34 12 34 50 34 34 34 34 34 78 78 78 75 78 6 31 83 83 70 45 45 45 55 48 61 43 43 9 9 9 9 9 9 9 84 84 21 21 21 7 7 7 7 7 7 7 7 7 7 7 7 46 87 87 87 87 26 26 26 26 26 22 22 63 63 63 63 63 62 62 50 34 58 12 50 50 12 34 34 34 34 34 34 34 34 34 31 34 34 
49 96 96 78 96 96 96 96 96 81 96 81 96 96 78 96 12 76 77 17 15 39 39 70 70 19 19 19 59 80 61 23 23 23 23 23 84 84 84 7 7 7 7 7 7 7 7 7 7 7 7 41 41 41 41 41 41 41 41 41 41 41 37 37 37 37 26 22 89 89 56 56 56 56 56 56 56 89 89 89 63 63 63 63 60 50 12 50 50 50 12 12 12 12 12 63 12 12 12 
96 96 33 33 50 50 50 50 50 63 50 62 63 62 63 89 89 56 56 56 1 71 71 82 1 35 62 89 62 56 56 56 56 56 56 56 63 50 50 56 92 71 17 85 85 10 39 83 83 55 55 55 55 55 55 55 55 55 55 55 55 55 59 48 61 43 23 23 23 23 42 9 91 84 84 21 21 21 21 28 28 28 28 28 28 28 28 7 28 28 28 87 26 87 87 38 87 38 38 38 38 38 38 38 38 38 38 22 22 22 22 63 63 63 63 63 63 63 63 63 63 63 63 63 63 63 63 63 63 63 50 50 50 50 50 50 
50 50 50 50 50 50 50 50 34 50 50 50 96 96 96 96 15 63 89 60 15 10 39 39 83 83 83 83 83 55 55 55 55 59 48 80 43 61 23 23 23 65 84 30 30 95 95 95 95 95 95 95 95 95 95 95 95 95 95 95 95 95 7 7 7 3 7 7 7 3 3 3 3 3 3 3 3 3 3 37 37 37 26 87 87 87 87 87 87 87 89 89 89 89 63 63 63 63 63 63 50 50 50 50 50 50 50 50 50 96 96 50 96 96 96 96 96 96 96 50 96 33 96 96 96 96 96 96 96 96 34 96 96 96 96 96 96 96 56 56 96 96 96 96 96 96 96 96 96 96 96 96 96 96 34 50 96 96 96 96 96 96 96 96 96 50 96 96 
78 78 78 78 78 78 50 33 78 78 78 33 78 78 78 78 78 78 78 34 15 85 85 10 10 39 39 39 39 59 59 80 43 23 91 91 91 91 91 91 21 21 21 21 21 21 21 21 21 21 21 29 29 29 29 29 29 29 29 29 93 18 37 26 26 22 22 63 63 62 63 63 6 60 6 50 6 50 6 12 12 34 34 34 34 34 31 34 78 78 34 78 78 
15 12 15 15 6 58 1 1 1 1 1 1 1 1 1 1 1 1 1 1 92 71 71 71 45 70 45 45 45 45 45 59 80 43 43 42 42 42 42 42 42 91 91 66 66 25 25 25 93 25 25 25 25 25 25 11 11 11 87 87 87 57 87 87 87 87 87 87 26 26 26 26 22 49 50 58 58 12 12 76 12 12 12 12 12 76 76 12 12 12 12 12 12 12 12 12 12 12 12 12 15 12 12 12 
50 50 81 78 81 81 78 78 81 78 81 81 81 78 81 81 78 34 34 78 2 71 70 70 55 55 55 55 59 48 61 42 42 42 91 91 84 21 21 21 21 25 11 11 7 11 11 11 11 11 11 11 87 87 87 3 26 26 26 26 22 22 60 63 50 50 50 60 50 50 50 50 50 50 50 50 12 50 50 34 34 34 34 34 34 
78 78 78 78 78 78 78 78 78 78 78 33 78 78 78 78 34 75 31 86 86 39 70 70 45 45 45 45 45 80 43 43 64 44 44 42 94 42 94 84 84 84 84 37 29 29 29 29 29 29 29 29 79 79 79 46 46 46 46 46 46 46 46 46 87 18 87 38 37 26 26 26 26 77 22 22 22 22 63 63 6 6 6 6 6 6 6 6 6 6 6 6 6 6 6 6 6 6 6 6 6 6 
1 1 33 33 1 1 33 33 33 1 33 1 33 33 1 1 1 1 33 12 50 92 71 35 35 33 1 1 33 33 1 71 48 5 5 76 85 85 39 39 32 32 32 32 55 59 59 59 80 43 42 94 94 91 91 66 66 66 21 21 25 28 28 28 28 28 21 21 25 25 25 25 46 46 46 46 46 46 87 46 87 87 87 87 87 87 87 3 3 26 26 26 26 22 63 58 1 33 1 1 33 33 1 1 1 33 1 1 1 1 1 1 1 1 34 34 15 
33 33 33 33 33 50 33 33 33 33 33 33 33 50 50 33 50 50 35 50 56 56 56 56 89 89 56 50 63 63 63 58 50 50 50 33 76 77 85 85 85 10 10 10 10 10 83 48 48 80 61 43 61 42 42 84 16 16 16 16 95 95 95 95 95 95 95 95 95 95 95 7 95 29 29 29 37 37 37 26 26 26 26 22 22 89 63 63 50 50 35 96 33 96 33 33 33 1 33 33 33 33 96 33 96 33 49 33 
96 96 96 96 96 96 96 96 96 96 96 96 96 96 96 96 96 96 96 96 96 82 82 96 96 50 50 75 75 85 39 39 39 39 39 83 59 48 48 80 61 61 61 42 42 42 91 91 64 64 37 3 95 95 95 95 95 95 95 95 51 51 51 51 29 29 29 29 51 51 53 53 53 53 14 14 26 54 22 89 56 56 56 56 56 56 56 56 56 56 56 56 50 33 96 50 96 50 50 50 96 34 96 96 
78 92 78 78 78 92 78 92 92 78 78 78 81 81 86 92 86 86 86 34 31 90 39 39 55 55 55 55 55 55 59 80 43 23 9 9 9 9 91 91 91 91 84 84 21 7 7 7 7 7 7 7 7 7 7 7 7 41 41 41 41 41 87 87 87 87 87 87 18 100 100 100 100 100 100 100 100 100 100 100 100 26 26 63 63 63 63 63 50 81 58 81 62 62 62 62 62 62 62 62 62 62 50 62 62 50 50 62 60 60 60 60 
