62 24 24 43 58 16 24 24 62 16 16 16 16 16 58 24 1 43 24 24 43 27 61 61 61 29 29 29 29 10 10 10 10 10 10 10 32 53 56 56 23 31 31 31 31 31 31 20 20 34 34 1 1 1 1 43 1 43 43 43 24 24 24 24 24 24 24 24 24 24 24 24 24 24 24 
62 16 16 16 58 16 16 16 16 16 16 16 16 22 16 24 16 22 22 43 27 12 12 12 12 12 29 29 29 29 29 29 29 60 11 11 10 10 10 10 10 10 32 10 32 56 40 56 23 23 23 23 23 31 31 7 7 20 20 34 34 1 57 65 57 57 57 58 1 16 65 65 65 65 24 58 16 16 22 16 16 24 62 62 
16 65 62 62 65 16 16 57 63 65 65 58 58 16 16 16 65 65 1 43 43 70 28 28 12 12 12 12 64 64 54 33 44 44 44 44 44 44 44 44 32 6 6 6 6 7 7 7 7 7 7 7 20 20 20 20 20 20 34 34 34 57 57 57 65 65 65 65 65 65 65 65 58 65 16 16 58 65 22 
65 13 62 62 58 5 58 58 58 58 22 22 16 5 5 5 5 22 22 16 22 43 27 61 27 61 61 61 29 29 29 11 54 54 54 54 54 54 54 54 47 44 33 44 44 56 23 23 7 7 7 7 7 7 7 20 20 20 20 20 34 1 58 50 34 1 34 1 24 24 24 43 22 24 24 22 22 22 22 22 22 22 58 22 
65 65 58 24 65 22 24 62 65 65 65 1 63 1 24 65 24 24 24 62 24 19 19 5 62 16 16 16 58 58 62 24 65 1 57 65 24 43 43 27 27 28 28 28 28 12 12 12 12 54 44 44 44 44 44 44 44 44 44 41 41 41 41 41 41 40 40 31 31 31 31 31 31 70 70 7 7 20 34 1 1 1 1 34 34 1 34 34 1 34 30 24 24 24 24 1 24 24 24 22 30 
65 65 65 65 65 65 65 24 65 65 65 65 65 65 65 65 65 65 65 65 65 13 50 65 58 19 2 58 58 65 65 65 58 65 43 43 43 27 70 70 70 45 45 45 45 45 12 12 12 12 33 44 44 44 44 44 44 53 53 53 53 7 7 7 7 7 7 7 7 7 7 20 20 20 34 34 15 34 57 34 34 34 34 34 34 24 65 30 30 43 65 24 65 30 30 24 65 
62 13 24 24 24 24 24 24 30 30 24 30 24 30 30 24 24 62 13 24 65 58 58 62 58 62 50 1 5 5 5 19 58 5 5 13 50 50 13 13 65 30 34 27 70 70 61 61 29 61 29 64 64 11 11 11 11 11 11 11 11 11 44 44 66 44 44 44 44 6 6 32 41 9 9 9 9 9 9 9 40 6 6 6 6 46 20 15 15 15 15 15 15 15 34 34 34 30 30 43 43 30 43 34 43 24 24 43 43 24 24 43 30 30 30 30 
22 65 62 62 22 22 22 62 62 62 22 62 62 62 5 62 62 62 62 22 62 5 5 1 1 1 62 65 24 65 43 27 23 23 12 12 12 45 12 12 12 12 12 54 54 54 54 33 33 33 33 41 41 53 41 41 41 23 23 23 23 23 23 23 31 7 7 20 20 20 34 34 1 1 1 1 1 1 1 24 24 22 22 22 22 62 22 22 22 22 22 22 22 62 
65 65 65 65 65 65 62 65 65 65 65 65 65 65 65 65 65 65 65 62 5 16 58 58 1 65 65 65 1 43 43 27 39 18 39 39 39 39 39 12 12 12 12 12 60 60 53 53 11 11 11 11 11 53 11 11 11 53 53 53 53 53 53 53 53 53 53 53 46 23 28 28 7 7 7 7 7 20 20 34 34 1 1 65 65 65 65 65 22 65 62 65 65 65 65 62 65 65 65 62 62 
57 50 57 57 57 1 1 1 22 1 5 19 5 22 22 22 22 22 22 22 22 43 27 61 61 61 61 61 61 61 29 12 12 12 54 54 54 54 54 54 54 54 54 54 3 56 56 56 56 56 3 23 31 31 31 31 31 31 31 31 31 31 7 20 20 20 50 50 50 57 1 1 22 22 5 22 5 5 22 5 5 5 5 5 5 5 5 5 5 5 5 5 5 5 
65 65 65 65 65 13 13 65 65 13 65 65 13 65 65 13 65 65 62 62 58 58 65 65 65 30 1 1 30 30 43 27 70 9 9 9 9 9 9 60 60 60 60 11 11 11 11 11 11 11 54 54 54 54 44 53 53 53 53 53 6 53 6 6 7 7 7 7 27 7 7 7 46 46 46 46 15 15 15 50 50 34 57 30 30 65 65 65 65 13 65 30 13 65 65 65 65 65 65 65 13 65 65 
30 24 57 30 30 24 1 24 30 24 24 24 1 43 30 24 30 24 24 24 1 19 19 50 15 15 15 15 63 63 1 1 1 1 43 43 63 63 63 43 43 27 18 18 18 18 7 70 61 61 61 61 64 64 64 64 64 64 64 64 64 64 64 64 64 33 33 10 10 32 32 6 6 6 32 70 70 70 70 70 70 70 7 7 7 20 20 15 34 20 20 20 34 15 20 20 34 34 34 34 34 34 34 34 34 34 30 34 50 34 30 34 34 34 30 34 30 30 30 34 30 34 30 34 34 34 34 30 1 43 43 24 1 1 1 57 50 50 50 50 50 50 50 58 58 58 58 58 19 19 19 19 19 19 19 19 19 19 19 19 19 19 19 58 58 58 58 50 50 50 50 34 34 1 1 1 30 1 24 24 1 1 30 30 30 30 24 30 30 30 30 30 24 30 
16 16 16 24 16 22 16 16 24 16 16 16 16 24 16 16 22 16 24 24 24 57 57 16 17 24 57 16 13 16 62 16 57 1 19 22 1 43 43 27 28 28 28 28 28 28 28 64 64 64 64 64 64 10 10 10 10 10 10 10 10 10 10 56 56 56 56 56 23 23 23 23 23 23 28 9 9 40 40 20 20 34 57 57 57 57 57 24 16 16 16 16 16 16 62 16 24 16 16 16 16 16 16 16 16 16 16 16 
62 5 62 62 62 16 5 62 5 62 62 62 62 62 13 62 65 30 30 43 27 61 61 61 61 60 60 60 60 60 11 11 11 11 11 11 44 44 6 6 41 41 41 41 41 46 28 31 31 28 28 28 28 28 7 7 7 46 7 20 15 57 57 57 57 57 57 57 57 57 57 1 24 62 62 16 62 62 62 62 62 16 13 62 62 62 62 13 
62 62 5 13 57 13 5 62 62 62 62 62 62 62 62 62 22 65 13 24 43 27 9 9 9 6 6 60 60 60 11 11 11 54 54 54 54 54 44 41 41 41 41 41 41 41 56 41 41 9 9 9 9 9 9 9 7 7 20 20 15 15 15 34 34 34 34 34 34 34 43 34 34 24 34 30 30 34 34 24 43 43 30 43 43 
58 16 16 16 16 58 16 16 16 16 16 16 58 16 16 58 43 27 27 27 27 27 61 61 61 61 61 64 64 64 64 10 10 10 10 10 10 10 32 32 6 6 6 6 32 23 23 23 7 7 7 7 7 7 7 7 7 20 22 57 57 57 57 57 57 57 57 57 57 57 57 57 57 57 57 57 57 57 57 57 1 24 58 24 1 1 24 24 24 
1 24 43 24 24 24 24 24 24 24 58 58 13 65 24 24 1 24 43 43 27 61 61 64 64 64 64 64 64 54 54 54 54 54 54 54 44 67 54 23 7 31 7 7 7 7 20 34 1 1 24 24 62 62 62 62 62 22 65 62 24 62 62 22 22 62 62 62 62 62 
16 16 16 16 16 16 16 5 16 16 16 16 30 30 24 16 16 16 16 43 27 70 70 70 70 70 70 28 28 28 28 28 61 29 29 29 29 29 29 10 10 10 10 10 10 10 10 10 10 10 32 32 32 41 56 41 41 40 40 31 70 70 70 70 9 70 70 70 27 20 20 50 50 50 13 13 50 13 30 57 16 16 16 16 16 16 16 16 16 16 16 16 5 16 16 16 62 
65 65 65 16 62 65 65 65 65 62 62 62 62 65 65 1 1 1 1 43 43 43 27 27 61 61 61 60 60 11 11 11 11 11 11 44 44 44 44 44 44 44 44 44 53 53 41 41 56 3 31 23 7 7 27 27 27 7 7 20 20 15 57 57 57 34 15 15 1 34 34 34 24 24 24 24 24 24 24 24 24 24 24 24 24 24 43 24 24 24 65 24 24 24 24 24 13 
22 22 16 16 16 16 16 58 58 16 16 16 58 22 16 16 22 16 16 16 22 27 70 23 40 29 29 29 29 29 29 29 29 29 29 47 47 47 47 47 47 47 47 47 47 47 47 47 47 47 32 32 32 32 3 3 3 23 23 23 31 9 9 20 20 34 57 57 57 57 43 24 22 22 43 24 22 22 16 16 58 22 16 16 22 22 22 22 22 24 16 24 
58 16 5 16 16 16 16 16 16 5 16 16 16 16 16 16 16 58 16 16 19 19 62 50 58 57 15 58 58 19 58 1 24 1 1 1 1 43 27 61 45 45 45 45 45 45 45 45 45 45 45 45 64 45 64 64 64 21 21 21 21 21 21 56 21 40 9 9 9 7 20 20 50 50 50 50 50 34 34 34 34 1 1 43 24 58 24 24 24 24 24 24 24 24 16 24 24 
24 24 24 24 24 24 24 24 24 24 24 24 24 24 24 24 24 43 24 24 17 2 22 24 22 19 58 24 22 19 1 1 1 43 27 61 61 61 61 61 45 64 11 11 11 11 66 66 41 41 41 41 41 41 41 41 3 3 3 3 7 23 20 20 23 7 15 15 7 7 7 7 15 15 57 57 57 34 34 34 1 57 57 1 1 43 1 1 24 24 24 24 24 24 24 30 
22 5 5 5 5 22 5 22 22 22 5 5 5 5 5 5 5 5 5 5 5 19 25 19 50 58 19 19 14 27 70 28 28 28 28 28 28 28 28 29 29 29 29 29 39 39 39 3 3 3 3 3 3 3 23 23 23 23 23 23 23 23 23 31 40 53 6 20 20 15 57 57 57 1 1 1 1 1 1 1 1 1 43 24 1 1 1 1 1 65 1 1 1 1 22 1 1 
16 62 58 58 16 58 58 65 16 16 58 58 16 13 62 13 58 16 16 58 58 57 57 57 58 57 57 57 57 62 13 1 58 1 1 1 58 58 24 62 24 62 58 24 43 27 61 61 61 61 61 61 61 61 61 29 29 29 29 29 29 29 10 10 10 10 10 44 6 32 6 6 6 6 6 6 6 6 32 7 23 7 7 7 31 31 31 31 31 31 31 31 31 31 20 20 34 34 34 34 34 34 34 34 34 34 34 34 34 34 1 1 34 34 1 34 34 30 30 30 1 
62 62 58 62 62 24 24 62 62 62 62 62 16 5 5 5 62 65 30 43 70 31 45 61 61 61 60 12 12 12 12 12 39 39 39 39 39 44 44 44 44 44 44 41 41 41 41 41 46 31 31 31 31 31 31 7 7 7 6 7 20 20 34 34 24 24 24 24 24 24 22 24 24 24 24 62 22 62 24 24 24 58 24 22 58 
16 16 62 16 22 16 16 16 16 16 16 16 16 16 16 16 16 16 16 16 43 27 27 29 29 28 61 61 61 61 61 29 29 29 29 29 29 64 64 64 64 10 10 10 10 10 10 56 32 32 32 32 32 56 6 56 23 23 7 7 7 20 20 34 57 57 57 57 57 57 57 57 1 1 1 24 24 24 22 22 22 24 24 22 16 16 62 16 16 16 16 16 16 24 
65 16 22 24 62 24 16 62 62 62 62 16 62 16 62 62 22 22 16 62 62 58 19 58 5 5 62 24 50 50 50 19 58 19 58 58 62 65 65 62 62 62 22 27 12 61 61 61 61 61 64 64 64 64 64 64 64 64 66 39 35 35 67 67 67 67 67 67 41 41 41 23 70 9 9 27 27 9 7 27 27 20 20 34 34 34 34 34 34 34 34 34 34 34 34 34 34 34 34 57 34 34 34 34 34 34 34 34 
16 16 16 16 16 5 5 16 16 16 58 16 16 58 58 16 16 16 24 43 43 27 61 61 61 61 61 29 29 29 29 21 21 21 21 21 21 21 21 21 32 32 32 21 7 7 7 7 7 7 20 20 20 20 15 57 57 57 57 57 57 57 57 1 57 58 24 16 16 58 16 58 58 58 16 
24 16 16 24 24 24 24 24 16 62 62 24 24 24 24 43 24 1 1 1 17 25 19 19 5 50 1 1 24 62 22 62 22 1 63 43 43 27 70 70 61 61 64 11 11 11 54 11 11 10 10 41 41 41 41 41 41 41 56 23 23 23 23 23 23 23 23 28 7 7 7 20 15 15 15 57 57 34 34 34 57 34 34 34 34 24 43 1 24 58 24 24 24 1 24 24 62 
5 5 5 5 5 5 16 13 5 5 5 5 58 5 58 22 16 5 5 43 27 61 61 61 61 61 60 60 60 60 60 60 10 10 10 10 10 10 10 10 10 10 32 32 32 46 46 41 41 56 7 40 31 23 28 28 28 28 28 28 28 7 18 15 50 50 50 50 50 50 50 50 50 34 34 34 34 34 43 43 43 43 43 43 24 43 24 24 24 24 24 24 
65 65 65 65 65 65 65 65 65 65 65 65 65 65 58 58 58 65 1 1 34 62 22 58 34 50 50 58 58 19 19 50 50 57 1 1 1 63 1 22 24 1 58 65 1 1 1 34 43 27 28 61 9 27 27 6 6 6 60 60 60 60 60 60 60 60 60 60 60 60 60 60 12 12 18 32 44 53 46 7 7 31 27 14 27 31 70 31 70 31 31 7 7 7 15 15 15 15 15 15 15 15 15 15 15 15 15 15 15 15 15 15 15 15 15 15 15 34 50 34 50 50 58 34 
62 22 62 62 22 24 62 62 62 62 24 62 24 62 30 63 22 5 22 62 62 19 19 58 19 50 65 58 1 1 1 27 60 60 60 60 60 60 60 60 60 11 60 11 11 11 11 11 54 54 54 54 54 54 56 10 32 41 41 6 41 41 40 70 70 28 28 28 28 9 70 70 70 31 31 20 20 20 15 57 50 50 15 15 15 15 15 63 63 63 63 63 1 1 24 24 24 62 24 62 62 62 62 5 62 62 62 62 62 62 62 62 
62 62 62 62 62 62 5 62 5 5 62 62 62 62 62 62 62 16 24 43 27 61 61 61 61 61 61 61 29 29 29 11 11 11 11 54 11 33 33 33 41 41 41 41 41 41 40 23 28 28 7 28 7 7 7 7 7 20 20 34 57 1 65 1 1 62 62 62 62 62 62 62 62 16 62 62 62 62 
43 43 43 43 43 43 24 58 22 19 19 58 1 1 65 65 65 65 65 65 65 65 65 65 1 43 27 61 61 12 12 12 12 12 12 12 12 12 51 51 51 51 51 51 51 51 46 46 46 46 46 7 7 7 7 7 7 7 7 7 7 7 20 20 34 15 63 63 63 1 1 1 1 43 1 65 65 24 65 65 65 
16 16 65 58 16 16 58 58 65 16 58 62 16 16 16 62 16 16 58 16 58 19 19 24 65 16 65 65 58 65 50 50 65 16 58 16 16 58 65 58 58 62 65 65 16 16 43 27 43 43 27 61 45 45 45 45 45 45 45 64 64 64 64 64 54 54 54 44 44 44 44 56 56 23 28 28 28 28 28 70 28 7 7 7 20 20 34 34 34 50 34 57 34 34 34 1 34 34 1 1 1 1 43 43 43 43 43 
62 5 5 62 62 65 13 5 65 5 5 22 62 62 65 65 62 22 22 43 27 27 61 61 29 29 29 29 29 12 12 12 12 54 53 53 53 53 53 53 53 53 53 53 53 53 53 7 7 28 31 7 7 7 7 7 20 34 34 50 50 50 50 50 50 50 34 1 34 1 34 50 65 1 65 65 1 24 65 65 65 65 65 1 
65 65 65 58 58 58 58 58 16 65 65 65 65 65 65 58 62 65 58 58 58 63 32 43 65 62 65 58 58 1 65 1 65 65 58 22 43 43 43 34 27 20 20 27 27 27 61 61 61 61 12 12 12 12 12 54 54 54 54 54 54 67 67 67 67 67 51 51 67 51 46 40 23 23 28 28 28 28 28 28 28 28 7 7 20 1 1 65 65 24 24 22 24 65 22 62 65 65 58 65 65 58 58 65 58 58 62 65 58 1 
65 65 65 65 65 65 65 65 65 65 65 58 58 65 58 58 58 22 43 43 27 61 61 61 61 61 61 29 64 64 64 64 54 54 54 51 51 67 67 3 67 7 7 7 7 7 7 7 7 7 7 20 20 20 20 20 34 24 65 24 58 58 24 24 58 58 58 65 16 16 65 16 65 65 16 65 65 65 
13 13 13 13 13 13 62 13 13 50 13 13 13 13 19 19 24 24 24 43 27 27 61 61 61 61 61 60 60 60 60 11 11 11 11 11 53 66 53 53 41 41 6 6 40 9 9 9 9 9 9 9 9 9 9 9 7 20 15 50 50 50 50 50 50 50 50 50 50 50 50 13 57 30 30 30 13 13 24 24 13 13 13 24 13 
22 22 22 22 24 22 22 22 22 22 22 22 1 1 1 1 1 1 22 1 43 27 70 39 12 60 60 60 60 60 60 11 11 54 54 54 3 3 3 3 3 3 56 23 23 31 31 31 31 31 31 31 31 20 20 34 34 34 34 50 30 34 30 34 34 34 1 57 34 34 57 50 57 34 50 57 34 34 34 34 34 34 34 34 1 1 1 1 34 1 1 1 1 24 1 1 1 43 43 24 24 22 
