13 31 31 2 5 23 31 23 5 23 23 23 23 23 23 31 31 2 31 31 2 21 55 55 55 12 47 47 47 47 47 17 17 17 17 17 17 36 38 6 46 49 49 49 49 49 28 59 59 59 59 45 45 45 45 2 31 2 2 2 31 31 31 31 31 31 31 31 31 31 23 31 31 31 31 
26 23 23 23 23 23 23 23 23 23 23 23 23 26 23 23 23 23 57 31 21 12 12 12 12 12 12 12 47 47 47 47 47 47 47 47 47 47 7 7 7 7 7 7 7 38 38 38 46 46 49 49 46 49 49 49 28 28 59 59 59 45 45 5 5 54 45 5 45 23 5 5 5 5 23 23 23 23 57 23 23 23 26 26 
23 5 26 5 5 23 23 45 35 5 5 23 23 23 23 23 5 5 45 2 2 20 12 20 12 12 12 11 11 11 11 37 37 37 37 37 37 37 56 7 7 7 16 36 16 28 28 28 28 28 28 28 28 28 59 59 59 59 59 45 45 45 45 45 5 5 5 5 5 5 5 5 23 5 23 23 5 5 23 
24 24 23 5 23 26 23 24 5 23 57 57 23 26 26 26 26 57 57 23 57 2 21 55 21 55 55 55 12 12 12 11 11 11 11 11 11 42 42 42 42 37 37 37 17 46 46 46 28 28 28 28 28 28 28 28 28 28 59 59 59 45 45 54 45 45 2 45 31 31 31 57 57 31 31 57 57 57 57 57 57 57 57 57 
5 5 57 5 5 57 31 5 5 5 5 45 35 2 31 5 31 31 31 5 31 24 24 50 23 23 24 23 24 23 5 5 5 45 45 5 31 2 2 21 21 12 20 20 12 12 12 12 11 37 37 37 37 37 37 37 37 37 56 7 7 56 7 56 56 46 46 49 49 49 49 46 49 20 28 28 28 28 59 45 45 45 45 45 2 45 45 45 45 45 31 31 31 31 31 31 31 31 31 57 31 
5 5 5 5 5 5 5 31 5 5 5 5 5 5 5 5 5 5 5 5 5 24 54 5 5 50 50 5 5 5 5 5 5 5 2 2 2 21 55 55 12 12 12 12 12 12 12 19 19 19 48 37 37 37 37 37 16 16 38 38 36 49 28 28 28 28 28 28 28 28 28 28 59 59 59 59 35 45 45 45 45 3 3 2 2 31 5 31 31 2 31 31 5 31 31 31 5 
13 13 31 31 31 31 31 31 3 31 31 3 31 3 3 31 31 13 13 31 5 24 24 26 57 13 54 45 26 50 24 24 24 24 24 24 54 54 13 13 5 13 3 21 55 55 55 55 55 55 55 55 44 44 44 44 44 44 44 44 44 44 33 33 33 33 33 33 7 7 7 7 7 40 40 40 40 40 40 40 38 36 36 36 36 36 28 59 35 35 35 35 35 35 3 3 3 3 3 2 2 3 2 2 2 31 31 2 2 31 31 2 2 3 3 3 
57 5 26 26 5 57 57 26 26 26 57 26 26 26 26 26 26 26 26 57 26 26 26 31 31 31 26 5 5 5 2 21 46 46 46 12 12 12 12 12 11 11 11 11 11 11 42 42 42 42 42 56 56 56 51 51 51 46 46 46 46 46 46 46 49 28 28 28 59 59 59 45 45 45 31 31 45 45 31 31 31 57 57 57 57 26 57 57 57 57 57 57 5 5 
5 5 5 5 5 5 5 5 5 5 5 5 5 5 5 5 5 5 5 26 26 26 24 5 5 5 5 5 31 2 2 21 32 9 32 32 12 32 12 12 12 12 12 55 19 19 19 19 19 19 19 19 19 19 19 19 56 56 56 56 16 4 16 36 36 36 36 36 38 46 20 20 20 28 28 28 28 28 59 59 45 45 45 5 5 5 5 5 57 5 5 5 5 5 5 5 5 5 5 5 5 
54 54 45 45 45 45 45 57 57 57 57 50 26 57 57 57 57 57 57 57 57 57 21 55 55 55 55 55 55 55 39 11 11 11 11 11 11 11 11 11 11 11 42 42 58 58 58 58 58 58 8 46 49 49 49 49 49 49 49 49 49 49 28 28 59 59 54 54 54 45 45 57 57 57 57 57 57 26 57 26 26 26 26 26 26 26 26 26 26 26 26 26 26 26 
5 5 5 5 5 13 13 5 5 13 5 5 13 5 5 13 5 5 5 13 24 24 5 5 5 3 45 45 3 3 2 21 40 40 40 40 40 40 40 39 39 44 44 44 44 19 44 44 44 19 19 19 19 19 37 19 56 37 56 56 36 36 36 36 28 28 28 28 21 28 28 28 38 38 38 17 34 35 35 54 54 35 45 3 3 5 5 5 13 13 13 13 13 5 5 13 5 13 5 5 13 5 5 
3 31 54 3 31 31 2 31 31 31 31 31 45 2 3 31 3 31 31 31 45 57 57 54 35 35 34 34 35 35 45 45 45 45 2 2 45 45 35 2 2 21 9 9 9 9 28 20 55 55 55 55 48 48 48 48 48 48 48 48 48 48 53 53 53 37 37 37 37 17 7 36 36 7 7 40 20 40 20 20 20 20 28 28 28 28 59 59 59 59 59 59 59 59 59 59 59 59 59 59 59 59 59 59 59 59 3 59 54 3 3 3 3 3 3 3 3 3 3 3 3 3 3 3 2 3 3 3 45 2 2 2 45 45 45 54 54 54 54 54 54 54 54 24 24 24 57 24 24 50 24 24 50 50 50 50 24 50 50 24 24 24 24 24 24 24 54 54 54 54 54 3 45 45 45 45 31 31 31 31 2 45 3 45 31 3 31 3 3 3 3 3 31 3 
23 23 23 23 23 23 23 23 23 23 23 23 23 31 23 23 57 23 23 23 31 3 3 23 50 13 54 23 13 23 23 23 45 31 50 57 2 2 2 21 20 20 20 20 20 20 40 55 55 44 44 44 53 53 53 58 17 17 17 17 17 17 17 17 17 17 46 46 46 20 20 20 20 20 20 40 36 36 36 28 59 59 3 45 45 45 45 23 23 23 23 23 23 23 23 23 23 23 23 23 23 23 23 26 23 23 23 23 
26 26 26 26 26 23 26 26 26 26 26 26 5 13 13 13 13 13 3 2 21 55 55 55 55 44 44 44 44 44 44 44 44 44 44 44 37 56 56 36 51 51 51 51 51 51 46 49 49 49 20 20 20 20 28 28 38 38 28 59 59 59 54 54 45 45 45 45 45 45 45 13 13 13 31 23 23 26 26 26 26 26 13 26 26 26 26 13 
26 26 26 13 13 13 26 26 13 26 26 26 13 13 26 26 57 5 13 31 2 21 40 40 36 36 36 39 39 39 44 11 11 11 11 11 11 58 33 56 56 56 51 51 51 38 38 51 51 40 40 40 40 40 40 40 28 28 28 59 59 35 35 59 59 59 59 59 2 2 2 2 2 31 2 3 31 2 2 31 2 2 3 2 2 
23 23 23 23 23 23 23 23 23 23 23 23 23 23 23 23 2 21 21 21 21 21 55 55 55 55 55 44 44 44 44 44 53 53 53 53 7 7 7 7 7 7 7 7 38 46 20 20 20 20 20 28 28 28 28 28 28 59 57 54 54 54 54 54 54 45 54 45 54 3 45 45 54 3 54 3 45 45 54 3 45 31 57 31 31 31 31 31 31 
31 31 2 31 31 31 31 31 31 31 24 24 13 5 23 31 31 31 2 2 21 55 55 48 48 48 48 11 11 11 11 11 11 11 42 42 42 42 42 46 49 49 49 28 28 28 59 45 45 31 31 31 5 5 26 5 26 57 5 26 31 5 23 26 57 23 23 31 26 26 
23 23 23 23 23 23 23 23 23 23 23 23 3 3 31 23 23 23 23 2 21 21 40 21 40 20 20 20 20 20 20 20 55 55 47 47 47 47 47 47 47 7 7 7 7 7 7 7 17 17 17 17 17 7 38 51 38 38 38 49 49 49 49 40 40 40 40 21 21 28 59 54 54 54 54 54 54 54 3 3 23 23 23 23 23 23 23 23 23 23 23 26 26 23 23 23 13 
5 5 5 23 5 5 5 5 5 5 5 5 5 5 5 31 45 45 2 2 2 2 21 21 55 55 55 39 44 44 44 44 44 44 37 37 37 56 37 37 37 37 56 56 56 56 38 51 38 46 46 46 28 28 21 21 28 28 28 28 59 35 45 45 45 45 54 54 45 2 45 45 31 31 31 31 31 31 31 31 31 31 31 31 31 31 2 31 31 31 5 31 31 31 31 31 13 
57 57 23 23 23 23 23 23 23 23 23 23 23 57 23 23 57 23 23 23 57 21 40 46 46 12 12 12 47 47 47 47 47 47 47 47 47 47 34 41 34 34 41 17 41 41 17 17 34 34 7 16 17 34 34 38 46 46 46 46 46 40 40 28 59 59 54 31 45 45 2 31 57 57 2 31 23 23 23 23 23 57 23 23 57 57 57 57 57 23 23 31 
23 26 26 23 26 23 23 23 23 24 23 23 23 23 23 23 23 23 23 23 50 50 23 54 5 45 35 31 23 50 31 45 31 31 45 31 2 2 21 55 55 55 55 12 12 12 12 48 48 48 48 48 48 48 48 48 48 48 41 41 41 41 43 43 46 46 28 28 28 28 28 59 54 54 54 54 54 54 3 3 45 45 31 2 31 31 31 31 31 31 31 31 31 31 23 31 31 
31 31 31 31 31 31 31 31 31 31 31 31 23 31 31 31 31 31 31 31 50 14 57 31 57 57 57 31 57 57 45 45 31 2 21 55 55 55 55 55 48 44 44 44 44 44 58 58 58 58 51 58 58 51 51 51 58 34 46 46 28 46 59 59 46 46 59 59 28 28 28 28 59 35 45 45 45 45 45 45 45 54 45 2 31 2 2 45 31 31 31 31 31 31 31 3 
57 26 26 26 26 57 57 57 57 57 57 57 26 26 26 57 26 26 26 26 26 50 14 50 54 57 50 57 15 21 20 20 20 20 20 20 20 20 12 55 47 47 47 47 32 32 32 32 34 8 8 8 8 8 46 46 46 46 46 46 46 46 46 49 46 36 36 59 59 59 45 45 45 45 45 45 45 45 45 45 2 57 2 31 31 45 31 31 31 5 57 57 31 57 57 31 31 
23 23 23 5 23 23 23 5 23 23 23 23 23 13 23 13 23 23 23 31 31 54 54 23 24 45 54 54 54 13 13 45 23 45 45 45 31 57 31 5 31 23 23 31 2 21 55 55 55 55 55 55 55 55 55 47 47 47 47 47 47 47 47 47 7 7 7 7 7 7 7 7 7 7 7 36 36 36 36 28 46 46 46 46 46 46 46 46 49 49 49 49 49 9 9 59 59 59 59 59 59 59 59 59 59 45 2 3 2 45 45 31 45 2 45 45 45 45 3 3 31 
26 26 26 26 26 31 31 5 26 26 26 26 23 26 26 26 5 5 31 2 49 49 55 55 55 55 19 19 19 19 11 11 11 11 11 33 32 33 33 33 33 33 33 33 7 7 51 36 51 49 49 49 49 49 49 28 28 28 36 28 59 59 59 45 31 31 31 31 31 31 57 57 31 31 31 5 57 5 31 31 5 23 31 57 26 
23 23 26 23 23 23 23 23 23 23 23 23 23 23 23 23 23 23 23 23 2 21 21 55 55 55 55 55 55 55 55 55 55 47 47 47 47 47 47 47 47 58 58 58 58 17 17 17 17 17 17 17 17 38 36 38 46 46 46 28 28 28 59 59 59 45 54 45 45 45 45 45 45 45 45 31 31 23 57 57 57 23 31 23 23 23 23 23 23 23 23 23 23 31 
5 23 57 23 5 31 23 26 26 13 26 23 23 26 26 26 23 23 23 26 26 24 50 24 26 50 13 31 54 54 54 24 24 50 26 5 26 5 5 26 26 26 31 21 12 55 55 55 55 55 55 44 44 44 44 44 44 44 33 32 32 32 42 42 42 42 42 42 51 51 51 46 40 40 40 21 21 40 28 21 21 59 59 59 59 59 59 59 59 59 59 59 59 59 45 59 59 59 59 45 45 45 45 45 45 59 59 59 
23 23 23 23 24 24 24 24 24 23 23 24 23 24 24 23 23 23 31 2 2 21 55 55 55 55 55 55 47 47 47 47 47 41 41 41 41 17 17 17 17 17 17 17 28 28 28 28 28 28 28 28 28 59 54 54 45 35 54 45 45 45 45 45 31 23 31 23 23 23 23 23 23 23 23 
31 26 23 23 23 23 31 23 23 23 23 23 31 31 31 2 31 45 45 45 50 14 57 50 24 54 45 45 31 23 57 23 57 2 35 2 2 21 55 20 55 55 44 44 44 11 11 11 58 58 58 58 58 58 58 51 51 51 46 46 46 46 46 46 46 46 20 20 20 28 28 28 59 59 35 35 54 45 59 45 45 3 2 3 3 31 2 45 31 57 31 31 31 45 31 5 13 
26 26 26 26 26 26 24 13 24 24 26 26 23 26 23 23 23 26 26 2 21 55 55 55 55 55 39 39 39 44 44 44 47 47 7 7 7 7 58 7 7 17 17 17 38 38 38 51 51 38 28 46 49 46 20 20 20 20 20 20 20 28 9 35 54 54 54 54 54 54 54 54 54 3 59 2 2 2 2 2 2 2 2 2 31 2 31 57 31 31 31 31 
5 5 5 5 5 5 5 5 5 5 5 5 5 5 5 5 31 5 31 45 45 23 26 57 59 54 54 24 24 50 50 54 54 54 45 45 45 35 45 57 31 45 5 5 31 45 31 2 2 21 20 55 40 21 36 36 36 36 39 39 39 39 39 39 39 39 39 39 39 39 39 47 19 33 47 33 33 56 16 28 28 49 21 15 21 49 49 49 20 49 49 28 28 28 9 35 35 35 35 35 35 35 35 35 35 35 35 35 35 35 35 35 59 35 59 35 35 59 54 59 54 54 31 35 
26 57 26 26 57 31 23 26 26 26 31 26 31 26 13 3 26 26 57 26 13 24 24 24 24 54 5 31 45 45 45 21 39 39 39 39 39 39 39 44 44 44 44 44 19 44 44 11 11 11 11 11 11 11 58 58 7 7 51 36 51 51 40 20 20 20 20 20 20 40 40 49 20 49 49 28 59 59 59 54 54 54 54 35 35 54 35 35 35 35 35 45 45 45 31 31 31 31 23 23 26 13 26 26 13 26 26 26 26 26 26 26 
26 26 26 26 26 26 26 26 26 26 26 26 26 26 26 26 23 23 31 2 21 55 55 55 55 55 55 55 55 44 44 44 44 44 44 11 56 56 56 56 56 56 56 56 51 51 46 46 20 20 20 20 28 28 28 28 28 28 59 59 45 45 5 5 45 5 5 5 26 23 23 23 26 23 26 26 26 26 
2 2 2 2 2 2 31 5 57 50 24 24 5 45 5 5 5 5 5 5 5 5 5 5 31 2 21 55 55 12 12 19 19 19 19 19 19 19 19 19 4 4 4 4 4 4 16 38 38 38 38 28 28 28 28 28 28 28 28 28 28 28 28 59 59 35 35 35 45 45 45 2 2 2 31 5 5 31 31 5 5 
23 23 5 5 23 23 23 23 5 23 5 5 23 23 23 23 23 23 23 23 23 24 24 23 5 23 5 5 5 5 54 54 5 23 5 23 23 23 5 5 5 5 5 5 23 23 2 21 2 2 21 55 55 29 48 48 55 55 48 48 48 48 48 11 11 11 42 42 42 56 17 42 46 46 20 49 20 20 20 20 20 28 28 28 28 59 59 59 54 54 45 54 45 59 3 45 45 2 45 45 31 31 2 2 2 2 2 
26 26 26 26 26 5 13 26 5 26 26 26 26 26 5 5 5 31 31 2 21 21 55 55 55 55 55 55 12 19 19 19 19 19 56 56 56 56 56 56 56 56 56 56 56 56 56 46 49 20 49 28 28 28 28 28 59 59 59 54 54 54 54 54 54 54 45 45 45 45 45 45 45 45 5 5 45 31 5 5 5 5 5 31 
5 5 5 5 5 5 5 5 23 5 5 5 5 5 5 5 5 5 5 5 5 35 7 2 5 26 5 57 5 5 5 5 5 5 5 57 2 2 2 59 21 28 59 21 21 21 55 55 55 55 12 19 19 19 19 19 11 11 11 11 11 1 1 1 1 4 4 4 4 4 38 46 46 20 20 20 20 20 20 20 20 20 28 28 59 45 45 5 5 31 31 5 31 5 57 5 5 5 5 5 5 5 5 5 57 57 5 5 57 45 
5 5 5 5 5 5 5 5 5 5 5 5 5 5 5 5 5 57 2 2 21 55 55 55 55 55 55 55 47 47 47 11 11 11 11 4 4 4 4 4 4 28 28 28 28 28 28 28 28 28 28 28 21 28 21 59 2 31 5 31 31 5 31 31 31 57 5 5 23 23 5 23 5 5 5 5 5 5 
13 13 13 13 13 13 13 13 13 54 13 13 13 13 50 50 31 31 31 2 21 21 55 12 55 48 55 39 39 39 44 44 44 44 56 56 56 33 56 56 56 51 36 36 36 40 40 40 40 40 40 40 40 40 40 40 28 59 54 54 54 54 54 54 54 54 54 54 54 54 54 3 54 3 3 3 13 13 31 31 13 13 13 13 13 
57 57 57 57 31 57 57 57 57 57 57 57 7 2 31 45 45 31 57 31 2 21 20 12 12 39 39 39 39 39 39 39 11 11 11 11 58 34 42 42 42 38 46 46 46 49 49 49 49 49 49 49 28 28 59 59 45 54 54 54 3 2 3 45 45 45 45 3 45 45 45 54 45 45 54 45 45 3 2 2 45 2 2 45 45 45 45 45 45 45 31 45 31 31 45 31 57 2 2 31 31 57 
