23 23 23 23 23 23 23 23 57 3 31 23 23 23 45 13 31 31 31 23 2 21 21 28 36 7 7 7 17 17 17 17 17 17 17 17 17 34 17 38 38 6 38 51 51 51 51 51 49 49 49 49 49 28 59 59 59 45 45 45 45 45 45 2 2 2 2 2 31 31 2 57 31 31 57 57 57 57 57 31 23 
57 57 26 57 57 23 57 57 57 23 23 57 57 57 57 57 57 57 23 57 2 49 49 49 46 46 17 17 58 17 41 33 33 33 34 33 33 33 33 33 33 33 33 42 33 33 58 58 7 7 7 7 38 38 46 46 49 49 49 49 49 49 49 28 59 59 59 31 31 31 5 31 5 5 23 23 57 23 31 57 57 57 57 57 57 57 23 23 
24 23 23 23 23 23 23 23 23 23 23 23 23 24 23 23 23 23 23 23 2 28 28 28 28 28 28 16 16 7 7 7 7 7 37 37 7 33 33 33 33 33 37 53 33 37 37 37 37 37 37 37 43 43 43 38 38 38 38 25 25 25 25 9 49 49 21 21 28 59 31 31 31 31 31 23 23 23 23 23 23 23 23 23 23 23 23 23 23 23 23 23 23 
26 57 57 57 57 57 57 57 57 57 57 57 57 57 57 57 57 57 57 57 57 50 50 50 50 26 57 23 13 5 5 31 21 20 20 20 20 20 20 20 20 20 46 38 51 51 51 42 58 58 42 42 42 42 42 42 42 42 42 42 42 42 42 33 42 42 38 38 38 38 38 38 25 25 25 9 9 49 9 2 9 28 59 59 3 3 3 45 45 45 45 31 57 31 57 57 57 57 31 57 57 31 31 57 57 57 57 31 
26 26 26 26 26 26 26 26 26 26 26 26 26 26 26 26 26 5 5 31 2 21 49 49 49 49 51 51 56 56 37 36 33 37 37 37 37 37 37 37 37 37 37 37 37 37 37 37 37 37 37 37 51 51 25 25 25 25 49 49 49 49 49 49 49 28 28 59 45 54 54 54 54 54 45 45 45 5 45 45 31 31 31 31 5 5 57 5 26 5 26 26 26 13 
5 54 5 5 5 5 5 5 5 50 5 5 5 5 5 5 5 5 5 2 21 21 49 49 49 59 36 7 7 16 16 33 4 4 4 16 16 16 41 16 16 4 33 16 16 16 16 36 36 36 36 36 10 25 25 25 28 49 21 49 49 21 21 21 21 9 59 59 2 45 5 5 5 5 5 5 5 5 5 5 31 5 5 5 5 
26 31 23 57 23 5 23 31 31 5 31 23 26 26 26 26 26 26 23 31 26 50 50 57 2 21 21 40 40 40 40 36 36 36 36 36 7 33 33 33 33 33 33 33 33 32 32 33 32 33 33 32 33 33 33 17 7 7 7 38 36 38 10 10 25 25 25 25 25 40 40 40 40 40 40 40 40 40 28 38 59 59 59 54 54 54 54 54 54 45 45 3 54 45 45 45 45 45 45 45 45 45 31 31 31 31 31 31 31 31 31 
26 26 26 26 13 13 26 26 26 26 26 26 26 26 5 13 54 13 13 26 26 14 14 14 50 14 14 26 26 26 26 50 50 26 26 2 21 20 20 20 20 20 20 20 20 20 20 20 20 20 46 51 51 56 56 56 42 56 42 56 42 56 56 56 56 56 56 42 56 56 42 42 42 42 42 42 38 51 51 51 51 10 10 25 25 25 46 12 12 12 12 12 12 12 12 49 28 28 28 28 28 59 59 35 35 35 35 35 45 45 45 45 45 45 31 31 31 57 31 26 26 26 26 26 26 26 26 26 26 26 
23 5 26 26 23 23 23 13 23 13 23 13 31 5 13 31 5 31 2 2 40 20 20 20 20 20 20 40 51 56 16 16 16 16 16 16 37 33 56 33 33 33 33 33 33 33 33 33 33 33 33 33 16 16 16 36 38 38 46 46 46 20 28 28 28 59 59 3 3 3 31 31 26 13 23 23 23 5 26 13 13 5 5 23 5 5 23 23 13 23 
26 26 26 26 26 26 26 26 26 26 26 26 26 26 57 57 57 57 31 26 2 21 49 49 49 49 49 40 38 38 42 17 34 34 34 34 34 34 34 34 34 34 58 34 34 34 42 58 58 58 58 58 51 51 51 51 51 25 25 25 46 49 49 49 49 40 40 40 36 33 36 28 59 59 54 45 45 45 45 45 57 57 57 57 57 57 57 57 57 57 57 57 57 57 57 2 57 57 57 2 2 2 
23 3 5 13 5 23 23 23 5 5 5 26 5 5 31 2 31 5 57 5 5 2 2 40 40 40 40 40 36 36 56 56 56 56 37 37 37 37 37 37 37 37 37 37 37 16 16 4 16 16 16 38 38 38 36 36 36 28 49 49 28 28 28 28 9 59 45 35 3 3 3 3 31 3 31 31 57 57 31 31 26 26 23 5 5 23 13 
23 5 23 23 5 5 5 5 5 23 23 23 23 23 23 23 13 5 5 23 24 24 5 54 5 13 24 3 54 5 5 31 31 45 3 3 35 28 20 20 20 20 20 20 20 46 16 16 16 16 16 16 16 16 16 16 16 16 16 16 16 16 16 16 16 16 16 16 36 36 36 36 36 38 46 46 20 20 20 28 28 28 59 59 3 3 54 3 3 3 3 3 3 3 3 5 31 31 31 3 31 31 5 3 5 5 31 31 
26 26 26 23 57 23 23 23 23 26 23 23 23 23 26 23 23 23 31 2 21 20 20 20 40 40 40 36 36 7 17 17 17 17 17 17 17 17 17 17 17 17 17 17 17 17 17 17 17 17 17 58 38 6 6 6 6 6 46 20 20 20 20 40 36 36 36 36 59 59 59 45 45 45 45 23 23 26 23 23 23 26 26 26 26 26 23 23 23 23 23 23 23 23 23 23 23 
26 26 26 13 26 26 5 26 26 26 26 26 13 13 31 2 31 31 31 2 21 20 20 20 36 36 56 56 56 56 56 56 56 56 56 56 56 58 56 56 56 51 51 51 51 51 51 51 10 10 10 40 20 20 20 20 20 20 20 9 59 59 59 54 54 54 54 45 35 45 45 45 45 45 45 45 13 31 13 13 26 26 26 26 26 26 26 26 26 13 
26 26 13 13 26 26 26 26 13 26 26 26 26 26 26 23 26 26 26 2 21 20 20 40 40 40 40 40 40 51 51 56 56 56 58 58 33 33 58 33 33 33 58 33 33 33 33 7 7 7 51 51 51 51 51 6 38 40 40 40 40 40 40 40 40 40 28 9 59 59 59 59 59 2 2 2 2 2 2 31 31 31 26 57 26 13 23 26 26 23 26 23 26 26 26 13 
5 23 23 23 23 23 31 31 23 31 23 23 31 31 5 23 31 31 31 31 26 23 31 31 23 5 23 23 23 31 23 23 57 31 23 26 23 23 2 21 55 20 20 40 40 36 16 16 56 56 33 33 33 33 33 27 27 53 53 53 53 53 53 53 53 53 17 33 7 7 38 38 38 38 38 10 38 10 10 10 20 20 20 20 20 20 20 28 28 59 45 59 54 54 54 35 54 45 45 45 45 45 45 45 45 45 45 45 45 45 45 45 45 45 45 45 3 45 31 3 3 45 
26 5 31 26 26 57 57 23 31 23 23 26 2 21 2 31 31 31 2 2 21 20 20 46 6 38 38 38 38 42 42 42 42 42 42 42 42 42 42 42 38 38 38 38 46 46 49 49 28 28 28 59 45 45 45 45 45 45 31 2 2 2 2 31 31 57 57 57 57 31 57 31 57 5 5 26 
23 23 23 23 3 9 2 23 23 3 23 23 23 23 23 23 23 23 57 57 2 21 40 40 40 40 28 38 38 7 7 7 7 7 7 7 7 7 7 7 7 7 7 7 7 7 7 7 7 7 7 7 7 38 38 38 38 38 38 38 10 38 46 28 28 49 49 21 28 28 9 9 59 35 35 35 54 35 35 35 3 3 3 3 3 3 13 13 23 23 13 23 23 13 13 13 13 
26 26 26 26 26 26 26 23 23 23 31 31 45 45 45 54 54 54 54 54 54 54 54 54 35 3 45 45 31 31 26 26 2 2 31 45 5 31 2 20 46 46 46 38 51 51 56 56 56 56 56 56 56 56 56 56 56 56 56 56 56 56 56 56 56 56 56 56 46 28 49 28 49 49 28 28 59 54 54 59 35 35 35 45 2 2 59 2 59 2 2 2 2 2 2 2 2 2 2 2 2 2 2 2 2 2 2 2 
57 31 31 45 23 57 23 23 57 57 57 23 23 23 23 23 57 57 57 57 57 21 21 46 40 40 40 40 21 36 38 7 7 34 34 34 34 34 34 34 34 34 34 34 34 34 34 34 34 34 34 34 34 34 34 16 38 38 38 38 38 38 38 38 38 49 49 40 21 21 21 28 28 59 59 59 59 31 31 5 23 23 31 31 2 3 3 2 57 57 57 57 57 57 57 23 23 
26 26 26 26 26 26 26 26 26 26 26 26 26 26 23 23 23 23 23 31 2 21 21 15 21 9 36 36 33 41 41 41 41 41 41 41 41 41 41 41 41 41 41 41 41 41 41 41 41 43 17 46 46 46 46 46 40 40 28 28 28 28 59 59 54 54 54 54 3 5 3 5 31 31 31 31 2 31 31 57 57 31 57 57 57 31 23 57 57 23 
57 57 57 57 57 57 57 57 57 57 57 57 57 57 57 57 57 57 31 31 2 20 46 46 46 46 38 38 38 34 34 34 34 34 34 34 34 34 34 34 34 34 34 34 38 46 25 25 25 25 25 25 46 28 20 20 20 28 28 21 28 28 59 59 45 45 45 45 45 45 45 31 57 57 57 57 57 57 57 57 57 57 57 
26 26 26 57 57 57 57 26 26 26 26 26 26 26 26 57 45 45 57 57 57 50 24 24 2 21 20 20 20 20 40 36 51 51 38 46 34 34 58 8 32 32 32 8 8 8 8 8 8 8 8 8 8 8 8 46 25 25 25 25 25 25 46 20 20 20 20 20 9 28 46 28 59 59 45 45 45 45 45 45 57 57 57 57 57 57 57 57 57 57 57 57 57 57 57 57 57 57 57 57 26 
23 31 31 31 23 13 23 31 31 23 23 31 31 23 13 13 3 3 31 31 5 57 50 5 23 23 24 24 24 23 23 24 23 2 2 20 20 28 36 60 36 36 36 7 7 7 7 7 7 7 7 7 7 7 7 7 7 7 7 7 7 7 7 7 7 36 51 38 38 38 25 46 49 49 49 49 49 49 49 49 49 49 49 9 59 35 35 54 35 54 54 54 3 3 3 3 45 3 3 31 31 31 31 3 13 13 23 
57 26 26 26 26 26 26 57 26 26 26 26 26 26 57 57 26 26 57 2 21 9 49 49 49 51 51 51 33 33 34 34 17 17 33 33 7 33 33 33 33 33 33 33 33 33 33 33 7 7 51 38 38 38 28 25 46 49 49 49 49 49 28 28 59 59 2 31 31 45 2 2 31 2 2 31 31 31 31 31 31 31 31 31 31 31 31 31 2 31 
45 45 31 23 31 23 23 31 23 23 23 23 23 23 23 23 23 23 31 2 2 21 40 40 40 40 40 49 36 36 7 17 17 17 17 17 17 17 17 17 17 17 17 17 17 17 17 17 17 17 17 17 17 17 17 38 46 46 46 40 40 28 28 59 59 59 3 3 23 23 23 23 23 23 31 31 23 23 23 31 23 23 23 23 23 23 23 23 23 57 
26 57 26 26 26 26 26 57 26 57 26 57 26 26 26 26 5 26 26 26 26 26 13 5 26 5 5 45 45 45 26 26 45 45 31 2 31 31 31 2 45 45 2 21 40 40 40 40 40 40 43 56 56 33 33 42 42 1 42 42 42 42 42 42 42 42 42 42 42 42 42 38 51 25 51 51 25 10 21 25 39 40 40 40 40 40 21 21 21 21 59 59 59 59 59 59 59 59 45 45 45 45 45 45 45 45 45 45 45 45 45 59 45 45 45 
23 23 23 23 23 23 23 23 23 23 13 23 23 57 57 57 31 3 31 2 2 21 20 28 36 36 36 7 7 7 41 41 41 41 41 41 41 41 41 41 17 17 17 38 38 38 51 10 10 10 28 49 28 28 28 28 28 38 38 54 54 54 35 35 35 35 35 35 45 3 23 23 23 23 23 23 23 23 23 23 23 23 23 23 23 23 31 13 
31 23 23 31 31 31 31 31 31 31 23 23 23 31 23 23 31 31 31 31 31 50 57 57 50 24 50 50 57 45 31 31 31 13 23 31 31 31 2 2 20 20 46 6 51 51 58 58 58 58 58 58 58 58 58 58 58 58 58 58 58 58 58 17 38 6 6 46 20 20 20 55 55 28 28 9 59 59 2 45 3 2 3 3 31 31 31 31 2 2 2 2 31 31 31 31 31 31 31 
23 23 23 26 23 23 23 23 31 23 26 23 3 3 31 23 23 26 23 23 26 50 50 50 57 31 31 23 5 23 5 23 2 21 20 20 55 20 20 20 20 20 20 49 38 38 51 51 7 7 7 7 7 7 17 17 17 17 17 17 17 17 17 17 17 17 7 7 51 51 51 51 51 25 25 25 12 49 49 49 49 49 49 20 28 9 35 54 54 54 54 54 35 35 35 59 59 2 2 2 2 31 31 31 31 31 2 2 2 2 2 2 31 31 2 31 31 
5 5 5 26 5 5 26 26 5 26 5 24 5 5 5 2 45 45 45 45 50 14 14 14 24 54 35 45 45 13 5 5 5 2 49 49 49 49 49 49 49 49 49 49 49 49 49 36 7 7 7 7 7 17 7 7 7 7 7 7 33 7 7 38 7 7 36 36 36 39 39 39 39 39 39 39 39 19 49 21 49 49 49 49 49 49 9 38 46 28 4 28 4 59 59 35 35 35 35 35 35 35 35 45 45 54 45 45 45 5 31 5 5 5 5 5 5 5 26 26 5 5 
26 13 26 26 13 13 31 13 26 26 26 13 13 13 13 13 26 45 45 5 26 50 14 14 26 50 50 31 13 13 13 3 3 3 45 59 20 20 20 20 20 40 40 7 7 7 33 33 33 33 47 47 47 37 47 47 47 47 47 47 47 33 33 7 7 7 51 51 51 51 51 51 51 51 51 51 51 6 49 40 40 20 20 20 20 20 20 20 28 4 59 54 54 54 54 35 35 35 35 35 45 31 57 31 31 31 31 23 13 13 26 13 26 26 26 26 23 26 26 26 13 13 
26 57 26 26 26 26 26 26 26 26 26 26 26 26 26 57 57 57 57 2 2 20 46 46 46 46 46 6 42 51 51 42 42 42 42 42 42 42 42 42 42 42 42 42 42 42 42 42 42 38 25 25 25 25 46 49 49 21 21 21 21 21 59 59 45 45 31 57 57 31 2 57 45 57 57 57 57 57 57 57 57 57 57 57 57 
57 57 57 57 57 26 26 26 26 26 26 26 26 26 5 5 5 5 5 5 10 21 40 40 40 40 40 36 36 36 16 4 4 4 4 4 4 4 4 4 4 4 4 4 4 4 4 4 34 34 4 38 38 38 38 38 10 10 21 21 49 21 49 49 28 28 59 59 59 59 59 45 45 45 45 45 2 2 2 2 2 2 2 2 2 2 2 2 
31 5 5 23 31 31 5 23 23 23 5 23 23 23 23 23 5 31 31 2 21 55 20 20 20 20 20 20 46 17 16 16 16 17 34 34 41 41 41 41 41 41 41 41 41 41 41 41 41 17 17 17 38 46 51 51 20 20 20 20 46 46 34 59 34 54 54 54 35 35 54 35 45 45 45 45 31 45 31 31 31 31 57 57 31 2 2 31 2 2 2 2 2 2 2 2 2 2 2 2 2 2 2 2 2 13 24 3 2 2 2 2 2 2 2 2 2 2 2 2 2 2 2 2 2 2 2 2 2 2 2 2 2 2 2 2 
57 57 5 5 5 31 31 5 5 5 45 31 57 57 26 57 57 26 26 57 2 21 49 49 28 36 56 56 56 56 56 56 42 42 1 1 16 42 42 4 42 4 4 42 42 42 42 42 56 56 56 42 56 56 38 38 49 49 49 49 49 28 28 28 28 21 59 59 3 5 5 5 5 5 5 5 5 5 5 5 5 5 5 5 5 5 5 5 5 57 5 26 57 57 
26 26 26 26 26 26 26 26 5 26 26 26 26 26 26 26 26 26 26 57 2 21 40 40 40 40 40 36 51 51 16 16 4 4 4 4 4 4 4 4 4 4 4 4 4 4 4 4 4 4 4 4 4 34 4 38 38 38 38 25 25 25 25 25 25 49 49 20 20 55 20 49 20 28 21 28 59 45 45 57 57 57 57 57 57 57 57 57 57 57 57 57 57 57 57 57 57 57 57 57 2 
5 5 5 5 5 5 5 5 5 5 5 5 5 31 5 5 5 24 50 5 50 22 22 55 20 20 20 20 40 36 36 36 16 17 41 41 4 4 4 4 4 4 4 4 4 4 38 38 25 25 25 25 49 49 49 49 28 28 28 9 9 21 2 2 5 5 5 5 54 54 5 5 23 5 5 5 5 31 45 45 31 31 45 
13 13 13 13 13 13 13 13 13 13 13 13 13 13 13 13 13 13 13 13 13 24 24 50 14 57 2 2 21 21 40 40 40 21 36 36 36 56 33 33 33 33 58 33 33 33 33 33 33 33 33 33 56 51 51 51 51 51 51 51 51 51 51 46 40 40 40 40 40 40 40 40 40 40 28 28 59 35 54 54 35 54 54 35 54 3 54 3 3 3 3 13 31 3 45 3 3 13 31 13 13 13 13 
45 45 45 31 31 45 45 45 45 45 45 45 45 45 45 45 45 45 45 45 45 57 24 13 2 2 31 31 2 21 20 49 49 49 40 40 51 51 58 58 58 58 58 58 58 58 58 58 58 58 58 58 58 58 58 58 58 58 58 58 8 6 6 6 6 6 25 25 25 46 49 49 49 28 9 9 59 59 59 59 35 59 59 59 59 59 59 59 59 45 59 59 45 2 2 2 2 2 2 2 2 2 57 31 31 57 57 31 31 57 31 2 31 2 31 31 31 31 31 45 57 31 57 50 50 31 31 57 2 24 24 31 31 57 2 31 31 2 45 45 2 45 45 45 45 45 2 45 45 45 45 45 45 45 
