74 47 47 47 47 23 47 47 23 2 74 54 54 71 74 74 74 74 74 47 14 49 31 86 53 58 58 58 89 89 3 3 59 59 59 40 40 40 18 18 18 18 18 18 18 18 18 18 18 16 28 28 28 29 7 7 38 38 38 38 38 38 14 9 19 19 61 19 19 26 19 61 47 47 47 23 62 47 47 47 23 47 19 
47 47 47 47 47 47 47 47 47 47 47 47 47 47 47 47 47 47 47 47 54 54 47 47 47 47 47 47 47 47 27 47 47 47 15 15 65 55 55 11 11 5 58 89 89 3 59 59 1 1 1 40 40 40 40 34 34 34 34 34 34 34 34 34 34 70 70 70 70 70 70 70 70 70 70 70 70 70 70 70 70 70 70 80 80 80 80 80 25 25 17 45 45 7 38 38 38 38 38 38 14 38 9 38 38 9 9 47 61 61 47 47 61 61 61 61 61 47 47 61 
74 74 74 2 74 74 74 74 74 74 75 2 74 74 2 2 74 26 67 67 67 74 60 60 15 15 15 15 89 89 3 3 46 46 46 46 46 46 46 84 59 40 40 18 18 18 18 18 18 18 18 18 18 79 79 79 79 79 79 79 88 88 88 88 88 88 88 29 88 29 29 29 29 29 7 7 38 38 38 38 54 54 54 9 9 9 57 74 2 23 23 74 2 74 74 2 2 74 74 
47 47 26 26 47 47 57 26 47 36 26 57 74 74 57 57 47 47 62 26 19 27 27 62 14 42 15 60 54 54 20 20 20 20 54 54 38 38 54 14 54 26 47 57 74 57 47 57 14 86 53 53 53 58 58 58 58 58 11 11 11 89 89 3 59 84 84 84 12 80 40 34 34 73 73 73 73 73 73 73 73 16 16 16 16 16 16 16 16 16 16 16 88 88 29 29 29 29 29 7 7 38 7 38 38 14 14 14 19 19 31 31 19 19 19 19 19 19 19 19 19 19 19 19 19 19 19 19 19 
14 71 61 71 71 71 71 71 57 71 71 71 71 71 71 54 61 71 71 71 71 57 62 57 36 57 57 22 31 86 86 53 53 58 58 5 5 5 5 5 5 5 89 3 3 24 24 24 46 46 46 24 24 24 39 17 68 68 68 68 68 68 68 68 28 35 35 35 35 35 35 35 35 16 16 16 88 88 29 29 29 28 88 7 7 38 54 9 54 54 54 61 61 61 61 57 61 61 26 26 26 26 57 71 71 71 71 57 57 26 57 71 
71 57 71 71 71 71 57 57 71 71 71 85 85 71 71 71 54 54 71 71 2 27 57 71 71 71 22 31 13 45 45 53 53 58 58 5 5 5 5 5 5 89 3 3 84 84 84 84 84 84 59 40 40 83 33 33 68 68 68 68 68 68 68 68 68 68 68 68 68 68 88 88 88 88 88 29 88 88 79 7 7 38 38 38 38 38 38 38 38 38 61 61 26 57 71 71 71 71 71 71 57 57 57 
47 71 71 71 85 85 85 85 85 85 85 85 71 71 71 85 85 85 71 71 22 86 86 53 58 58 11 11 11 11 5 5 89 89 3 3 46 46 46 46 46 46 46 46 1 72 37 73 80 48 33 33 33 33 33 33 33 33 33 33 33 33 33 33 33 48 8 78 48 78 81 25 81 81 81 25 25 25 25 28 76 88 88 7 7 38 38 38 38 38 38 38 38 38 61 61 38 61 61 61 61 61 61 61 61 61 61 47 61 61 61 
36 36 71 36 71 36 36 36 36 36 36 36 36 36 36 36 36 36 36 36 36 57 27 27 41 41 57 85 41 60 60 56 56 71 85 85 36 41 56 22 31 45 86 86 53 53 58 58 5 5 5 5 89 89 3 84 84 84 84 1 1 1 72 72 72 72 73 73 73 73 73 73 73 73 73 73 73 73 73 73 73 73 35 35 35 35 35 35 35 35 35 35 35 35 25 25 25 25 25 25 25 29 88 29 29 29 7 7 38 38 38 38 38 38 38 14 31 61 19 19 61 61 26 19 19 26 26 36 26 36 36 36 36 36 
71 71 71 71 71 71 71 71 71 71 71 71 71 71 71 71 71 71 26 22 86 86 53 53 53 53 58 58 58 58 58 58 58 5 5 5 89 3 3 84 84 84 84 84 84 72 72 72 73 73 73 73 73 73 73 73 35 35 35 35 35 35 35 35 35 35 35 35 88 88 88 88 79 79 79 7 7 38 38 38 38 38 38 38 38 9 61 71 71 71 71 71 71 71 71 36 71 71 71 71 57 36 71 
85 47 36 47 36 47 85 36 47 47 47 26 26 9 9 9 47 9 38 9 15 15 26 26 62 2 9 9 9 26 26 36 85 75 85 85 85 36 47 9 26 56 56 22 31 13 86 86 53 53 5 55 55 55 55 89 89 3 46 46 46 46 46 46 46 12 72 40 34 73 73 73 73 73 73 73 73 73 73 73 73 37 35 37 35 37 37 37 16 16 88 88 88 88 88 88 88 88 88 88 88 88 88 88 7 7 38 38 38 20 20 20 38 38 38 38 9 9 9 9 19 19 26 19 19 19 19 19 9 9 19 19 19 
61 61 38 38 38 61 61 71 71 71 71 71 71 71 71 71 71 61 67 67 14 31 64 64 64 64 53 53 58 58 58 5 5 5 5 5 89 3 46 46 46 46 46 1 72 12 12 32 28 28 28 28 28 28 28 28 28 28 28 79 79 79 79 79 79 88 88 88 88 79 79 29 88 31 42 26 61 61 42 15 61 61 61 61 71 61 61 71 71 71 71 71 71 71 71 71 61 71 71 61 71 61 71 61 61 61 61 71 71 71 
74 74 74 74 74 74 74 74 71 74 74 74 74 74 74 74 74 74 54 71 54 20 38 67 54 54 54 67 67 9 67 26 19 74 74 74 61 61 26 42 86 86 86 86 86 53 53 53 53 53 53 53 89 89 3 3 3 59 59 59 59 52 52 40 8 8 8 78 78 78 78 78 8 8 8 8 8 8 8 8 8 28 28 28 69 69 29 29 29 82 29 24 7 7 38 38 38 61 61 61 61 61 61 61 61 61 61 61 61 61 61 61 74 74 74 74 74 74 71 
85 47 47 71 75 85 47 47 47 47 47 47 75 47 47 47 47 47 47 47 47 23 60 9 67 47 47 74 71 71 47 47 67 67 62 62 86 77 64 53 53 58 58 5 5 5 5 89 89 3 59 59 59 59 12 12 12 40 40 34 18 18 18 18 18 18 18 18 18 70 70 70 70 70 70 90 90 88 88 88 88 88 88 88 88 88 29 25 29 29 29 29 7 61 61 14 19 61 19 19 19 19 47 47 47 47 47 47 47 85 85 85 74 85 47 85 85 47 71 
85 85 85 71 74 85 85 85 85 85 85 85 85 85 85 85 85 71 85 85 85 2 2 85 85 85 85 71 71 47 47 61 67 22 31 86 53 53 53 53 53 53 53 53 3 3 66 66 59 84 59 59 59 39 40 48 48 48 48 48 48 48 48 48 48 48 48 48 48 48 48 48 25 25 25 25 25 25 4 25 88 88 88 88 7 9 27 62 38 38 38 9 9 47 47 71 47 57 85 85 85 85 85 85 75 71 85 85 85 47 75 85 85 85 85 85 85 
71 71 71 85 85 85 56 56 56 85 85 85 71 71 47 27 27 65 65 65 65 65 65 65 65 65 65 89 3 3 84 84 59 40 34 34 73 33 33 33 33 33 33 33 34 34 34 34 34 90 90 90 48 48 48 88 88 79 29 29 29 29 29 82 7 7 7 7 7 7 7 7 38 7 7 7 7 7 7 61 61 19 19 19 19 19 61 61 61 61 61 61 
47 47 47 47 47 19 47 47 47 47 74 23 74 2 74 71 47 57 2 41 15 65 65 55 55 55 11 89 3 59 59 59 59 59 59 59 40 40 40 16 68 68 68 68 68 73 73 73 73 34 48 48 48 48 48 48 48 48 19 29 29 29 31 7 7 38 38 38 38 61 61 61 61 61 61 47 47 61 61 71 47 47 62 2 47 47 47 47 47 23 47 71 
61 61 61 61 61 61 61 61 26 26 61 67 54 67 61 61 61 61 61 61 54 27 56 74 61 61 47 38 38 61 61 61 26 26 7 86 53 58 65 65 55 55 11 89 3 84 84 84 84 84 72 40 40 73 68 68 73 73 73 34 34 34 34 34 48 79 79 79 79 29 29 44 82 82 7 7 38 38 38 38 38 61 61 19 19 19 19 19 19 19 19 61 61 71 26 61 61 61 
85 85 85 85 74 71 71 71 74 74 85 85 71 85 71 71 85 71 85 85 71 71 71 74 71 71 71 47 47 36 9 62 42 31 86 86 86 53 53 58 58 65 65 65 15 89 3 3 46 46 46 46 46 12 12 80 80 80 80 25 25 25 25 34 10 10 18 18 18 18 18 18 18 18 18 18 18 28 28 28 28 28 28 28 76 17 29 29 82 7 7 7 7 38 38 38 38 61 61 61 61 61 71 71 71 47 71 71 71 71 71 71 71 71 71 71 
36 71 71 85 71 71 71 71 71 71 71 71 71 57 71 61 67 9 26 62 23 58 58 58 58 58 89 3 3 66 46 46 46 46 46 84 12 12 40 40 34 28 28 28 28 28 28 28 28 28 28 28 28 50 50 50 50 50 29 43 29 7 7 38 38 38 38 38 38 38 38 38 61 14 61 61 61 61 26 71 71 71 71 71 36 71 71 71 71 
23 23 74 75 23 23 23 74 47 23 47 47 74 2 47 47 47 74 75 47 71 71 47 74 36 74 75 23 23 74 75 75 75 74 74 2 75 75 75 75 36 31 86 86 53 58 5 5 5 55 55 55 11 89 59 59 1 1 1 1 1 1 1 40 40 40 16 16 73 73 73 73 16 16 16 16 16 16 16 16 16 16 16 16 16 79 79 79 79 79 79 79 79 69 29 29 29 7 38 38 9 38 38 9 61 19 19 19 19 19 19 19 19 19 19 19 19 19 19 23 23 19 23 23 19 
74 74 74 75 75 47 47 74 57 57 74 74 74 74 74 74 74 74 74 74 74 27 27 27 60 41 85 36 74 74 2 2 41 41 60 60 27 2 67 67 47 75 74 47 26 9 38 9 38 9 14 14 14 26 9 47 85 41 15 65 65 65 65 89 89 3 59 1 1 1 1 1 1 1 1 1 39 39 39 39 17 17 68 16 16 18 18 48 48 48 48 48 48 48 48 48 48 48 48 48 48 17 17 17 29 29 82 7 7 20 20 20 20 20 7 7 49 7 7 14 14 31 19 19 31 19 19 19 19 19 19 19 19 19 61 
19 47 62 62 62 47 47 42 47 47 47 42 47 42 47 23 47 47 47 47 7 53 58 65 65 65 65 55 11 89 89 3 59 59 1 72 72 72 72 72 37 37 37 37 37 37 37 37 16 16 16 16 16 16 79 88 88 29 29 49 7 7 7 38 38 20 38 14 20 14 20 20 14 9 9 38 14 9 9 9 9 9 47 47 47 26 9 
57 57 57 57 85 57 57 57 85 85 47 57 61 47 47 47 47 57 47 47 57 56 56 57 54 54 42 61 26 57 47 22 53 53 45 86 53 58 58 58 11 11 11 55 11 11 89 3 59 72 72 72 72 72 34 37 68 68 68 68 68 68 68 68 68 68 73 73 73 16 16 16 16 16 88 88 88 88 44 44 88 24 29 7 20 54 54 54 54 54 54 54 54 9 9 9 14 9 9 26 26 9 9 9 9 47 26 62 62 47 47 
54 54 54 54 54 54 54 54 54 54 54 61 61 61 71 71 47 61 42 15 42 15 58 11 11 55 55 55 55 55 11 89 3 3 66 66 59 40 40 34 34 34 10 10 10 10 10 10 10 10 10 10 10 33 48 80 80 24 24 24 25 25 25 25 25 25 25 29 24 24 24 24 24 7 38 38 38 38 38 38 38 38 38 54 38 38 61 61 61 61 38 38 61 38 38 38 61 61 71 
41 41 41 41 41 41 41 41 41 41 41 41 41 75 75 75 75 26 26 26 41 15 11 58 58 58 11 11 11 11 11 89 89 3 59 46 46 46 46 46 46 1 40 40 48 68 68 68 68 78 78 78 78 33 16 16 16 16 16 16 88 88 88 88 88 88 88 88 29 29 29 29 49 7 7 7 20 20 54 20 20 20 20 20 20 20 20 20 20 20 7 20 20 20 7 20 20 7 20 20 7 
71 71 71 71 71 71 47 74 74 71 74 74 74 47 71 71 71 71 71 74 71 85 22 24 86 82 86 53 53 58 58 11 11 11 55 11 11 89 89 3 59 59 59 59 40 40 40 40 40 40 18 18 18 18 18 18 18 18 28 28 28 79 79 79 79 70 70 70 70 70 70 39 48 80 70 37 7 7 38 38 38 38 61 61 61 61 47 47 47 61 61 47 47 71 71 47 47 74 47 47 61 71 71 
85 85 85 85 36 36 85 85 71 85 85 85 85 85 85 85 71 85 85 85 61 66 86 53 58 58 58 11 11 11 11 89 3 84 84 1 1 1 72 72 34 34 34 34 34 34 34 34 48 48 48 48 48 48 48 48 48 28 35 28 28 28 29 29 29 29 7 38 38 38 38 38 38 38 38 38 38 9 19 47 19 47 26 71 71 47 47 47 47 71 47 47 71 
74 74 47 71 71 74 74 74 74 74 74 74 74 71 71 61 71 61 36 57 36 42 15 15 15 65 65 65 65 15 60 60 3 84 12 12 12 12 12 12 12 40 34 34 73 68 68 68 68 78 78 78 18 18 18 18 79 79 79 79 79 79 29 29 29 29 29 29 29 7 38 38 38 38 38 38 38 38 14 61 14 14 19 61 19 19 61 61 19 61 23 74 74 
47 47 47 47 47 47 19 47 47 47 47 26 47 47 36 85 85 75 36 47 62 58 58 65 65 65 65 5 89 3 59 59 1 1 1 1 1 1 72 72 80 34 34 34 34 34 33 34 34 34 34 34 34 34 34 34 37 48 48 48 48 29 29 29 29 29 7 7 7 38 38 38 9 9 9 61 19 62 19 61 19 19 19 23 47 47 47 47 47 47 47 23 47 47 
85 85 85 85 85 85 85 85 85 75 85 85 85 85 85 71 31 31 13 49 62 58 11 11 11 55 55 55 89 3 3 46 46 46 46 46 59 80 34 34 34 34 34 34 10 34 34 34 48 48 48 90 90 90 90 90 90 90 90 90 90 29 25 25 25 25 88 88 7 38 38 38 38 38 38 38 38 38 38 38 38 38 38 38 14 61 19 19 61 61 19 19 19 19 19 38 19 19 19 
71 71 71 71 61 61 61 61 61 38 61 38 38 38 38 38 20 20 38 38 57 27 15 56 57 54 20 20 20 20 54 54 54 54 54 54 38 61 61 54 60 15 49 86 86 53 58 58 58 5 5 5 5 5 5 5 5 5 5 5 5 5 5 89 3 3 46 46 46 84 84 1 72 72 80 40 73 73 73 68 68 68 68 68 68 68 68 33 68 68 68 88 29 88 88 88 88 88 88 88 88 88 88 88 88 88 88 7 7 7 7 38 38 38 38 38 38 38 38 38 38 38 38 38 38 38 38 38 38 38 61 61 61 61 61 61 
61 61 61 61 61 61 61 61 47 61 61 61 71 71 71 71 22 38 38 14 62 53 58 58 58 5 5 5 5 5 5 5 5 5 89 89 3 3 46 46 46 46 12 34 34 10 10 10 10 10 10 10 10 10 10 10 10 10 10 10 10 10 48 48 48 48 48 48 48 48 48 48 48 48 48 48 25 25 25 25 25 25 88 88 88 88 88 88 88 88 87 87 7 7 38 38 38 38 38 38 61 38 61 61 61 61 61 61 71 71 71 71 71 71 71 71 71 71 71 61 71 71 71 71 71 71 71 71 71 71 47 71 71 71 71 71 71 71 54 54 71 71 47 71 71 71 71 71 71 71 71 47 71 71 47 61 71 71 71 71 71 71 71 71 71 61 71 71 
36 36 36 36 36 85 61 71 36 36 85 36 36 85 36 36 85 36 36 22 22 86 86 53 53 58 58 58 11 11 89 89 3 59 72 72 72 72 72 72 72 73 73 73 73 73 73 73 73 73 73 30 30 28 28 28 28 28 28 28 88 25 25 29 29 7 7 38 38 9 38 38 9 14 61 61 61 61 61 19 19 47 47 47 26 36 36 47 36 36 36 36 36 
19 19 19 26 26 26 57 57 57 57 57 57 57 57 57 57 57 57 57 57 41 15 15 15 15 15 65 65 65 65 65 15 89 3 3 84 84 84 84 84 84 72 72 72 40 16 16 16 79 16 16 16 16 16 28 16 16 16 88 37 88 88 88 88 88 88 88 88 88 25 29 29 7 74 74 9 9 19 31 31 31 31 31 31 31 31 31 31 31 31 31 19 19 19 19 19 19 19 19 19 19 31 31 19 
61 61 74 85 85 74 85 85 74 85 85 85 75 85 85 74 36 47 47 36 27 15 58 11 5 5 5 5 5 89 3 84 84 84 72 72 72 40 40 34 34 34 18 18 18 18 18 70 18 16 16 16 16 16 88 68 29 29 29 29 7 7 14 38 61 61 61 14 61 61 38 61 61 61 61 61 19 61 47 47 47 47 47 47 47 
36 36 36 36 36 36 36 36 36 36 36 36 36 36 36 36 26 75 42 42 42 58 11 65 65 65 65 65 65 89 3 84 80 80 80 84 84 84 1 12 12 12 80 43 43 28 28 28 28 28 28 30 30 30 30 35 35 35 35 35 35 35 35 35 88 6 88 76 76 29 29 29 29 24 7 7 7 7 38 38 61 14 38 61 54 38 54 54 54 54 54 14 26 14 26 26 26 26 26 26 26 9 
74 57 57 57 57 57 57 57 57 57 57 57 57 57 57 57 57 57 57 61 61 42 27 54 57 57 57 57 57 57 57 27 89 45 24 31 86 86 58 11 11 11 11 11 11 11 11 89 89 3 84 1 1 1 1 1 40 40 40 73 73 73 73 73 73 73 73 73 73 28 16 16 16 16 16 16 37 16 16 16 16 16 16 16 88 88 88 68 17 17 29 29 29 7 9 9 26 57 57 57 57 57 57 57 57 57 57 57 57 57 57 57 62 57 26 26 23 
71 71 71 71 71 61 71 71 71 71 71 71 57 71 61 71 71 61 54 61 54 54 54 54 20 20 20 38 38 38 38 9 61 61 61 71 31 86 86 86 86 53 53 53 53 53 58 58 89 3 3 3 3 84 84 12 8 8 78 78 78 78 78 78 78 78 78 78 78 78 78 78 78 48 48 48 25 25 25 29 29 88 88 7 7 7 38 9 61 61 61 71 74 74 74 71 57 57 71 71 71 71 85 71 71 71 74 85 
71 71 71 71 71 71 71 71 71 71 71 71 71 71 71 71 71 71 71 71 71 56 56 71 71 61 47 75 62 86 58 58 58 58 58 58 58 89 89 89 3 3 3 84 84 84 72 72 80 80 80 78 10 78 10 10 10 10 10 78 78 78 69 69 69 69 69 69 69 69 78 81 81 77 29 29 29 29 7 38 38 38 54 54 20 20 20 38 38 38 20 61 61 71 71 61 71 71 61 61 71 47 71 71 
85 75 75 85 85 41 85 75 75 85 85 75 75 75 41 41 41 41 41 47 42 58 58 58 11 11 11 11 11 11 5 89 3 59 1 1 1 1 72 72 72 72 72 40 34 34 33 33 33 33 33 33 33 33 33 33 33 90 90 90 90 90 88 88 88 6 6 6 6 69 69 69 69 69 69 69 4 4 4 4 69 29 29 7 7 38 38 38 67 47 67 67 67 67 67 67 67 67 67 67 67 67 67 67 67 61 61 67 14 14 14 14 
