23 31 31 31 23 31 3 31 57 23 13 54 54 13 23 23 23 23 23 3 59 59 59 2 60 30 30 22 22 15 15 10 25 25 46 46 17 17 17 53 53 53 53 53 29 29 29 29 29 29 43 12 12 9 9 9 35 35 35 35 45 45 45 45 2 3 3 2 31 31 2 31 31 31 31 31 31 31 31 31 31 31 3 
31 31 31 13 13 13 13 31 13 13 31 31 31 31 31 13 31 31 31 13 54 54 3 31 13 13 13 31 13 31 57 31 13 31 50 14 52 52 52 22 22 22 22 15 15 10 10 25 6 6 46 46 6 6 43 18 18 18 18 27 27 27 27 27 27 58 58 58 58 58 58 58 58 58 58 58 58 58 58 46 46 46 46 46 46 46 46 12 12 12 12 49 9 9 35 35 35 35 35 35 45 45 45 35 3 45 45 3 3 3 3 3 3 3 3 3 3 31 3 3 
23 23 23 23 23 23 23 23 23 23 23 23 23 23 23 23 23 5 45 45 5 23 26 50 50 50 50 50 15 15 15 10 10 10 10 10 10 10 10 10 6 6 43 43 29 29 29 29 29 53 53 53 41 41 41 41 41 41 41 41 41 41 32 32 32 32 12 12 12 12 55 9 9 9 9 35 35 35 35 35 54 54 54 45 45 45 5 5 23 31 23 23 23 23 23 23 23 23 23 
31 31 5 31 31 5 5 31 31 13 31 5 5 23 5 5 31 31 31 31 3 57 57 31 45 57 50 24 54 54 34 34 59 35 54 54 35 35 54 45 54 31 5 5 23 5 23 5 59 21 60 60 60 30 30 30 30 30 30 22 22 22 15 10 10 25 25 10 51 6 46 18 18 18 18 18 18 18 18 18 18 8 8 8 8 8 8 8 32 32 32 32 32 32 9 12 12 12 41 9 9 35 35 35 35 35 3 45 2 2 2 2 2 2 2 2 2 2 2 2 2 2 2 2 2 2 2 2 2 
54 54 3 5 13 13 13 13 5 13 13 13 13 13 13 54 3 13 13 13 13 5 57 5 13 5 5 2 21 21 36 60 60 30 30 22 22 22 22 22 22 22 15 15 10 25 25 25 25 25 25 25 25 46 46 12 29 29 29 29 29 29 29 29 1 1 1 1 1 1 1 1 1 1 1 12 12 12 12 12 12 41 41 9 9 35 54 45 54 54 54 3 3 3 3 5 3 3 5 5 31 31 5 13 13 13 13 13 5 5 5 13 
13 5 5 13 13 13 5 5 13 13 13 13 13 5 13 13 54 54 13 13 5 24 5 13 5 13 31 2 21 40 28 60 60 30 22 22 22 22 22 52 22 15 15 10 10 10 10 10 25 25 25 46 46 46 16 29 29 29 29 29 29 29 29 29 29 29 29 29 29 41 29 12 32 32 12 12 41 41 41 9 9 35 35 35 35 35 35 35 35 3 3 3 31 5 54 5 13 3 13 13 5 5 5 
13 13 13 13 13 13 13 13 13 13 13 13 13 13 13 13 13 13 13 13 2 21 21 60 30 30 30 22 22 22 22 22 22 15 15 10 10 10 10 10 10 25 25 25 25 6 46 18 18 18 18 18 18 27 27 27 27 27 27 27 27 27 16 16 27 16 16 16 48 48 44 48 44 44 44 12 12 12 12 37 19 9 9 9 35 35 35 35 35 35 3 35 3 3 3 3 3 3 3 3 3 3 3 3 3 3 3 31 3 3 3 
5 13 13 13 13 13 13 13 13 13 13 5 5 13 13 13 13 13 26 26 5 5 57 57 26 26 5 26 26 26 26 13 13 13 13 13 5 26 24 5 21 40 36 60 60 60 30 22 22 22 22 22 15 15 10 10 10 25 25 25 25 25 6 6 6 6 18 18 18 18 18 18 18 18 18 18 18 18 18 18 18 18 1 1 1 1 1 1 1 1 1 1 1 1 1 12 12 12 12 12 12 12 12 12 9 9 9 59 35 35 35 35 3 35 35 2 2 3 2 3 3 3 31 3 2 31 31 31 31 31 31 5 13 13 
13 13 13 13 13 13 13 13 13 13 13 13 13 13 13 13 13 13 5 2 21 60 60 60 60 60 30 30 30 22 22 22 22 22 22 22 22 15 10 10 25 25 25 25 25 6 6 6 18 18 18 18 18 18 18 18 1 1 1 1 1 1 1 4 4 4 4 4 4 4 32 41 41 41 41 9 9 35 35 35 35 35 35 35 35 45 3 3 13 13 13 13 13 13 13 5 13 13 13 5 5 5 13 
13 31 5 5 13 5 5 5 13 31 31 31 31 45 31 45 13 3 35 45 50 50 5 31 31 24 45 45 45 5 45 26 26 26 26 26 26 5 5 45 5 24 24 31 2 21 21 60 60 60 22 52 52 52 52 22 15 10 10 25 25 25 25 25 25 6 6 6 18 18 18 18 18 18 18 18 18 18 18 18 18 1 1 1 1 1 1 8 8 32 32 32 32 32 32 32 32 32 32 32 32 12 9 9 9 9 35 35 35 35 35 35 35 35 35 35 45 45 45 45 3 31 31 45 2 31 3 2 45 45 2 2 3 
3 3 3 35 3 3 3 3 13 13 13 13 13 13 13 13 13 3 54 54 45 36 36 36 36 36 60 60 60 30 22 22 22 22 22 22 15 15 10 10 10 10 25 25 6 6 43 43 43 43 43 43 43 43 43 43 43 41 41 41 41 41 41 41 41 41 41 41 41 41 41 41 9 2 57 31 3 3 50 50 3 3 3 3 13 3 3 13 3 13 13 13 13 13 13 13 3 13 13 3 13 3 3 3 3 3 3 3 13 3 
23 23 13 23 23 23 23 13 13 23 23 23 23 23 23 23 23 13 54 54 54 34 35 45 54 54 54 54 54 45 3 31 31 23 5 31 3 3 31 57 21 21 21 21 60 60 60 60 60 60 60 60 15 15 15 10 10 10 38 38 38 38 38 17 43 43 43 43 29 29 29 29 16 16 16 16 16 16 16 16 16 41 41 48 48 48 12 20 20 28 9 9 9 35 35 35 35 3 3 3 3 3 3 3 3 3 3 3 3 3 31 3 5 23 23 23 23 23 13 
13 13 13 13 23 13 23 23 23 23 13 13 23 31 13 13 13 13 31 31 3 57 50 45 35 31 31 23 13 13 23 31 3 45 31 57 36 36 36 60 60 30 30 22 22 22 22 22 15 10 10 10 25 38 6 6 6 6 43 27 43 29 29 29 29 29 29 27 8 58 58 58 58 32 32 32 32 32 32 32 32 32 32 32 32 12 12 12 39 9 9 9 9 3 3 3 2 3 2 2 2 31 31 23 13 31 13 31 13 23 13 13 13 23 23 13 23 23 13 
13 13 13 13 23 13 13 23 13 13 13 23 13 13 13 13 13 13 13 13 13 24 24 13 13 13 13 13 13 13 3 3 3 2 2 21 60 60 60 60 60 60 60 60 36 10 10 10 10 10 10 6 46 46 48 48 48 48 48 27 27 27 27 27 27 27 27 27 27 27 27 48 48 48 48 12 12 12 12 12 12 41 41 32 35 45 50 45 35 35 35 45 45 31 3 13 13 13 13 13 13 13 13 13 23 13 13 13 13 13 23 5 13 23 13 13 13 
13 13 13 13 13 13 24 24 13 13 13 26 13 13 3 57 50 14 14 14 14 14 14 14 14 14 14 22 15 10 10 10 46 8 8 18 18 18 27 27 27 27 53 27 27 27 27 27 27 27 27 27 27 27 41 12 12 41 41 12 12 12 40 9 9 9 35 9 35 35 35 35 35 35 9 9 59 59 59 3 3 3 3 3 2 3 3 3 3 3 3 3 
13 13 31 31 31 31 31 31 31 23 23 31 23 23 13 13 31 5 5 26 50 14 52 52 52 52 22 15 10 28 28 46 46 46 46 46 46 8 8 29 29 29 29 29 29 29 29 18 18 27 27 27 27 27 27 27 33 33 2 9 12 12 9 9 9 35 35 35 3 3 3 3 3 3 3 31 31 3 3 13 31 31 31 31 31 31 31 31 31 31 31 13 
3 3 3 3 3 3 3 3 31 31 3 54 54 54 3 3 31 3 3 3 54 24 24 23 3 31 31 35 35 3 3 3 5 5 59 7 60 30 14 52 52 52 52 15 15 10 25 25 25 25 6 6 8 18 29 29 18 18 18 18 18 27 27 27 27 41 41 41 41 41 39 20 9 9 9 35 35 35 35 35 35 3 3 2 2 2 2 2 31 31 2 3 3 13 31 31 3 3 
13 13 13 13 23 13 13 13 13 13 13 13 13 13 13 13 13 13 13 13 13 13 13 13 13 13 13 13 31 5 45 45 57 2 21 21 21 60 60 22 22 14 14 14 14 15 15 10 10 10 10 10 10 6 6 6 6 43 48 48 12 48 48 53 53 53 53 53 53 53 27 27 27 27 27 27 27 43 43 43 43 43 43 48 19 55 55 55 9 9 9 59 59 35 35 3 3 3 3 3 3 3 13 3 13 3 13 13 13 13 13 13 13 13 13 13 
13 13 13 13 13 13 13 13 13 13 13 13 13 5 13 3 45 45 45 2 57 30 30 30 22 30 15 15 36 10 51 51 25 25 25 25 6 6 6 43 43 43 43 43 43 43 43 37 37 37 37 37 37 37 37 37 37 37 47 39 39 9 59 35 35 35 35 35 35 35 3 35 3 3 3 3 3 3 31 13 13 13 13 13 13 13 13 13 13 
23 31 23 23 23 57 23 13 31 23 23 31 23 57 23 31 31 13 23 31 54 54 23 13 13 23 23 23 57 23 23 23 23 23 13 23 23 23 23 23 5 2 21 60 60 22 22 22 52 52 52 52 22 15 10 6 6 6 25 25 6 6 6 6 8 8 8 8 29 18 18 18 8 8 8 8 8 8 8 8 8 8 8 8 41 41 41 41 41 41 41 41 41 47 47 47 9 9 35 35 45 35 3 45 3 3 2 3 3 2 3 31 2 2 2 31 2 31 31 31 2 31 31 23 31 
23 23 23 23 23 23 23 23 5 23 23 23 23 23 23 23 13 23 23 23 23 24 50 57 50 50 23 23 23 23 57 23 50 26 24 24 24 24 54 45 23 23 23 23 45 45 35 45 54 45 45 45 45 45 45 31 26 50 14 14 14 52 14 14 15 10 46 6 25 6 6 6 6 6 6 6 46 46 46 12 12 29 29 29 29 29 48 48 27 27 27 27 27 27 27 27 48 48 48 48 48 48 48 48 48 20 9 9 35 35 35 59 35 35 59 59 59 59 59 59 59 2 2 2 2 2 2 2 2 2 2 2 2 2 3 
2 31 2 31 31 31 31 57 57 31 31 57 31 57 57 57 31 31 31 31 59 60 30 14 14 14 14 52 52 22 15 10 10 10 25 6 6 6 6 6 8 8 8 8 8 8 8 8 8 8 8 8 41 41 41 32 32 47 9 9 9 59 59 35 35 35 35 45 45 45 35 35 45 45 45 35 45 45 45 45 45 45 31 31 31 31 45 
5 5 5 5 13 5 5 5 5 13 5 5 3 31 23 31 5 5 23 31 5 24 24 13 54 54 57 31 31 5 31 2 60 60 28 60 60 30 30 30 30 52 52 52 52 22 15 10 25 6 6 6 6 6 27 8 29 29 29 29 29 29 29 29 29 29 18 18 18 8 8 8 32 32 12 12 12 12 12 12 12 9 9 9 35 54 54 54 54 54 54 54 54 45 45 45 45 45 45 45 31 31 45 45 45 31 31 45 31 31 3 
54 54 54 54 54 54 54 54 3 54 3 3 3 3 13 13 31 3 26 50 57 50 30 30 52 52 52 52 52 52 22 15 10 10 10 10 36 46 43 18 27 18 53 53 53 53 53 53 53 53 53 53 53 27 27 46 46 46 46 46 47 12 12 12 12 12 12 39 9 9 9 46 46 9 35 35 35 35 35 35 35 35 35 54 35 35 3 3 3 3 35 3 3 35 3 3 3 3 13 
26 26 26 26 26 26 26 26 26 26 26 26 26 26 23 23 57 31 31 31 26 50 30 30 30 30 30 52 52 52 52 15 15 10 10 25 25 25 25 10 25 25 46 46 48 29 29 29 29 53 53 53 53 27 8 8 27 8 1 32 32 32 32 32 32 32 32 12 12 12 12 9 9 9 9 35 35 54 54 35 35 35 35 35 35 35 35 35 35 35 59 59 35 35 59 35 35 59 59 59 59 
13 13 13 13 13 13 31 13 13 13 13 23 13 23 13 13 13 13 54 13 13 13 3 59 21 28 21 60 30 30 30 52 52 52 52 52 52 30 15 15 10 25 6 6 6 6 6 6 43 43 43 43 43 43 43 43 43 43 43 43 43 41 17 17 17 17 17 17 17 17 46 46 46 46 46 32 35 35 35 35 35 35 3 3 3 3 23 3 31 3 3 3 31 13 13 31 13 13 3 3 3 13 13 
13 13 13 13 13 5 13 13 13 13 13 13 13 13 13 13 13 13 13 13 3 36 21 60 30 30 30 22 22 52 22 15 10 25 25 25 25 6 6 6 6 18 18 18 18 18 18 18 27 27 27 27 1 1 1 1 1 37 1 1 1 37 12 55 47 9 9 35 35 35 35 35 35 35 35 35 35 45 45 31 31 31 31 13 3 13 3 13 13 13 31 31 13 
13 13 13 13 13 23 23 23 23 13 23 23 13 13 13 3 13 3 5 5 5 57 50 50 14 14 14 14 14 50 50 15 10 10 6 6 6 6 6 6 6 6 43 43 43 29 29 29 29 29 16 29 29 41 41 29 41 41 41 41 41 41 41 47 47 47 9 9 9 9 35 35 35 35 35 35 35 35 3 3 3 3 3 3 3 3 3 3 2 3 31 23 23 
31 31 31 31 31 31 3 3 3 31 31 31 31 31 26 26 26 23 13 31 57 60 14 14 14 14 14 22 15 10 10 10 25 25 25 25 25 25 6 6 18 18 18 18 18 27 27 27 27 27 27 27 27 27 27 27 1 32 32 32 32 12 12 55 47 9 9 35 35 35 35 35 45 45 45 3 31 31 31 3 3 2 31 31 31 31 31 31 31 31 31 57 31 31 
26 13 13 26 13 13 13 13 13 23 13 26 13 13 13 13 2 21 21 59 2 30 30 52 52 52 52 52 22 15 10 10 10 10 10 10 38 51 6 27 27 27 27 27 27 27 27 27 27 27 27 33 33 33 33 33 33 33 33 33 33 33 12 12 12 12 12 9 35 35 35 35 35 35 35 35 35 35 35 35 35 35 35 35 3 3 3 3 3 3 3 3 2 2 3 3 3 2 3 
13 13 13 13 3 3 3 3 3 35 3 54 35 35 35 35 35 35 35 35 5 50 50 24 5 54 35 35 54 54 54 54 54 54 54 54 54 3 3 54 24 50 59 21 60 60 30 30 22 22 22 22 22 22 22 22 22 22 22 22 22 22 22 15 15 10 10 10 10 25 25 25 6 6 6 18 18 18 18 29 29 29 29 29 29 29 29 27 29 29 29 32 12 32 32 32 32 32 9 12 32 32 12 12 12 49 32 9 9 9 35 35 35 35 35 35 35 35 35 35 35 35 35 35 35 3 3 35 35 3 3 3 3 3 3 3 
3 3 3 3 3 3 3 3 31 3 3 3 13 13 13 13 31 35 35 59 2 60 30 30 22 22 22 22 22 22 22 22 22 22 15 15 10 10 10 10 10 51 51 51 53 53 53 53 53 53 53 53 53 53 53 53 53 53 53 53 53 53 48 48 48 48 48 48 48 48 48 48 48 48 48 48 48 12 12 12 12 12 12 32 32 32 32 32 32 32 35 35 35 35 35 35 35 35 35 3 3 3 3 3 3 3 3 3 3 13 13 13 13 13 13 13 13 13 13 3 13 13 13 13 13 13 13 13 13 13 31 13 13 13 13 13 13 13 54 54 13 13 13 13 13 13 13 13 13 13 13 13 13 13 3 3 13 13 13 13 13 13 13 13 13 3 13 13 
13 13 13 5 5 13 3 13 13 26 5 13 13 13 5 13 13 26 23 31 2 21 60 60 30 30 30 30 30 22 30 15 10 25 6 6 6 6 6 6 18 18 18 18 18 18 18 18 18 43 43 43 43 43 43 43 43 43 37 41 41 11 11 47 9 9 9 35 35 45 35 3 45 3 3 3 3 3 3 2 2 31 31 31 31 13 57 31 5 13 13 26 13 
2 2 2 31 45 31 5 5 5 5 5 5 5 5 5 5 5 5 5 5 26 50 50 14 14 14 14 14 14 14 14 14 15 15 10 10 25 25 25 25 25 6 6 6 8 8 8 41 41 8 8 8 8 8 43 8 8 8 32 32 32 4 32 32 32 32 32 32 12 12 12 9 9 23 3 45 45 2 2 2 2 2 2 2 2 2 2 2 2 2 2 2 2 2 2 2 2 2 2 2 2 2 2 2 
3 3 23 26 23 23 26 13 23 13 26 26 26 13 13 23 26 31 31 26 50 50 30 52 22 22 22 22 22 15 10 10 25 6 6 6 6 43 18 18 18 27 27 27 27 27 27 27 8 8 8 8 32 12 12 12 12 9 9 9 9 35 35 3 3 3 3 3 3 3 3 3 3 3 3 3 3 3 3 31 31 31 31 13 13 
26 26 26 26 26 26 26 26 26 26 26 5 26 26 5 5 5 57 57 57 57 30 14 14 14 14 14 14 14 15 36 36 40 38 25 25 25 25 25 6 6 6 43 43 43 43 43 43 43 43 43 43 43 42 42 1 1 1 1 1 1 1 1 1 32 11 32 32 19 9 9 12 12 9 9 9 9 9 35 35 3 35 3 3 3 3 54 54 54 54 54 3 45 45 45 45 54 45 45 3 45 45 
5 5 5 5 5 5 5 5 5 5 5 5 5 5 5 5 5 5 5 3 3 57 50 54 5 5 5 5 5 5 5 50 15 49 49 21 21 60 30 30 52 52 52 52 52 22 30 15 15 10 10 25 25 6 6 6 6 8 8 43 29 29 29 29 29 29 18 18 43 43 1 8 8 1 1 8 8 8 8 8 8 8 32 32 32 32 12 12 12 12 12 9 9 9 45 45 5 5 5 5 5 5 5 5 5 5 5 5 5 5 5 5 5 5 31 31 31 
13 13 13 13 13 3 13 13 13 13 13 13 5 13 3 13 3 3 54 3 54 54 54 54 35 35 35 3 54 35 35 45 3 3 3 3 2 21 21 21 60 60 60 60 60 60 22 22 15 15 15 10 10 10 38 38 43 43 53 53 53 53 53 53 53 53 53 53 53 53 53 53 53 48 48 48 11 11 12 12 9 9 9 9 9 35 35 45 3 3 3 13 13 13 13 13 5 5 13 13 13 13 13 13 13 13 13 13 
13 13 13 13 13 13 13 13 13 13 13 13 13 13 13 13 13 13 13 13 13 24 13 13 13 3 3 23 31 2 30 30 30 30 22 22 22 15 15 15 15 10 10 10 25 25 25 6 46 46 12 48 53 53 53 53 53 53 53 53 37 48 48 48 48 48 47 48 48 48 48 39 39 39 55 40 9 9 9 35 35 35 54 35 35 35 35 35 35 54 35 3 3 13 13 3 13 3 3 3 13 31 13 13 
26 26 26 26 26 26 26 26 26 26 26 26 26 26 57 57 26 50 26 31 57 30 30 22 22 22 52 22 52 52 22 15 10 25 25 25 25 25 6 6 6 6 6 18 18 18 18 18 18 18 18 27 27 27 27 27 27 27 33 33 33 33 32 32 32 32 32 32 11 47 47 47 47 47 47 47 47 47 55 55 47 9 9 9 9 35 35 35 3 31 45 45 45 54 54 54 54 54 54 45 54 54 3 54 3 3 3 54 45 45 45 45 
