81 81 81 81 75 75 75 75 75 12 34 81 81 75 58 96 34 34 34 81 15 77 77 77 64 47 52 52 52 52 52 52 52 52 52 88 88 88 88 88 88 88 84 65 65 65 65 84 5 5 5 77 77 77 22 22 60 58 58 58 60 58 58 12 12 12 12 12 15 15 15 15 15 34 34 75 75 75 75 34 34 
75 75 92 75 75 75 75 75 75 49 75 75 75 75 75 31 31 75 75 75 76 67 67 67 64 64 8 13 13 88 68 41 41 41 68 68 68 68 41 52 97 41 41 88 41 30 88 88 8 8 8 8 4 64 64 64 67 5 67 5 5 5 77 77 17 17 60 58 34 6 34 34 1 81 81 75 75 81 34 75 75 75 75 75 75 75 75 75 
82 49 49 49 49 49 81 49 81 49 49 49 49 49 49 75 49 49 49 49 15 77 77 77 77 54 54 16 8 8 8 8 97 97 97 97 97 97 97 97 97 97 97 97 97 97 97 97 97 97 24 24 36 36 36 36 36 36 36 94 94 94 94 77 77 77 77 77 77 17 15 75 34 34 75 75 81 81 49 49 49 49 49 49 49 49 49 49 49 49 49 49 81 
78 31 31 31 31 31 31 31 31 31 75 31 31 31 31 75 31 31 31 31 31 86 71 71 71 86 75 81 35 78 78 6 77 20 20 20 20 20 20 20 20 20 66 64 4 30 30 30 69 69 40 18 18 18 18 18 18 18 18 18 18 18 24 24 44 44 44 44 4 44 36 94 65 94 94 22 77 67 77 12 77 77 17 60 60 50 60 60 60 58 58 58 31 34 31 31 31 31 31 31 31 31 31 31 31 31 31 15 
78 92 92 78 78 49 92 92 92 78 92 49 78 78 78 92 92 1 78 34 76 77 5 5 5 64 64 30 30 30 24 76 98 24 24 24 24 24 24 24 24 24 24 24 24 24 24 24 24 24 36 36 36 65 65 65 94 94 5 5 77 77 77 77 77 77 17 60 6 89 89 35 6 62 62 58 6 6 58 58 34 1 6 33 1 1 31 78 78 78 78 78 78 78 
35 6 1 1 1 1 1 1 1 92 1 1 1 1 1 1 33 1 33 15 76 77 5 5 77 17 4 8 8 24 8 8 57 57 68 57 57 57 68 57 57 57 57 57 98 98 16 98 4 4 65 27 27 27 27 94 77 77 77 77 77 77 77 77 77 17 17 17 12 58 1 33 1 1 1 1 33 33 1 75 75 1 1 1 1 
92 34 75 31 78 81 78 34 34 1 34 81 92 78 78 78 92 92 81 81 92 71 92 75 15 76 14 14 14 14 14 14 47 47 47 47 98 41 41 41 41 41 41 41 41 41 41 41 41 41 41 41 41 41 41 8 8 8 8 4 4 27 27 27 27 94 94 65 94 14 14 14 14 14 14 14 14 14 64 64 17 89 62 62 62 62 62 62 62 62 62 62 35 62 62 58 62 6 58 58 58 34 34 15 15 34 34 15 34 15 34 
78 78 78 78 78 78 78 78 78 78 78 78 78 78 78 6 56 33 96 78 78 71 71 70 90 45 45 92 92 78 86 86 86 92 78 31 76 67 99 99 99 99 99 99 99 99 99 99 99 99 64 44 44 44 44 44 44 44 79 30 30 30 30 30 30 30 30 30 30 30 30 30 30 44 44 44 4 44 65 65 65 27 27 65 65 42 94 67 67 67 67 67 67 67 67 38 77 77 54 54 54 17 60 89 62 62 62 62 62 62 58 62 58 58 31 58 34 31 34 78 78 78 78 78 78 78 78 78 78 78 
78 33 49 78 49 78 78 78 49 33 78 78 34 33 33 34 33 15 15 76 14 20 20 20 20 99 20 14 98 98 16 16 16 16 16 16 98 98 98 41 98 41 41 41 41 98 98 98 8 41 41 41 8 98 98 98 4 4 64 66 66 20 20 54 54 54 60 6 33 50 34 34 78 33 33 49 78 78 78 33 33 33 33 78 78 33 49 49 33 49 
92 92 92 92 92 92 92 92 92 92 92 92 92 92 31 31 31 31 6 78 15 76 72 5 5 5 5 64 44 4 88 88 88 40 40 40 40 40 40 40 40 40 88 88 88 88 88 88 88 88 88 88 88 65 65 65 65 65 9 9 64 5 5 5 64 14 64 64 64 98 98 17 17 60 6 62 6 58 58 58 31 31 31 31 31 31 31 31 31 31 31 31 31 31 31 31 31 31 31 31 31 12 
49 33 33 33 33 49 49 33 78 78 78 78 78 1 15 12 34 78 31 33 33 15 76 77 14 14 14 64 47 47 16 16 16 79 79 79 79 79 79 79 79 79 79 79 79 79 79 79 57 16 4 4 4 4 4 47 4 77 77 77 77 77 77 17 22 22 62 63 50 50 50 50 50 50 34 34 75 75 34 34 78 78 78 33 78 75 33 
49 33 49 33 33 33 33 33 33 33 33 33 49 49 49 49 33 49 33 33 2 2 1 35 33 96 49 33 56 1 33 34 15 6 6 62 60 77 67 67 20 20 20 20 20 64 16 16 16 16 16 16 16 16 16 16 16 16 16 16 16 16 16 16 16 16 8 16 47 47 47 47 47 16 64 64 20 20 20 54 54 54 17 12 50 50 35 50 50 50 50 50 50 50 50 33 33 15 15 50 34 15 33 33 33 1 1 34 
81 81 78 81 81 81 81 49 81 81 81 81 81 81 92 81 81 75 75 15 76 99 99 99 20 20 14 47 47 47 88 8 52 88 52 52 52 52 52 52 52 52 52 52 52 52 52 52 88 88 88 88 88 84 84 84 91 91 66 20 72 72 72 72 17 47 47 47 17 17 17 62 62 62 58 81 81 81 81 81 81 81 81 92 92 81 81 81 81 81 81 81 81 81 81 81 81 
78 78 78 78 78 78 78 78 78 78 78 78 78 34 15 15 34 6 34 6 76 99 99 99 98 47 98 98 30 30 30 30 30 30 30 30 30 30 30 30 30 30 30 4 65 65 65 65 27 27 65 65 72 72 72 72 72 72 72 77 22 22 89 56 62 62 62 62 62 62 62 62 62 6 58 6 96 34 96 96 78 78 78 78 78 78 78 78 78 78 
78 78 78 96 78 78 78 78 78 78 81 78 78 78 78 81 78 86 31 76 74 72 72 72 72 14 14 14 64 30 30 98 98 98 69 69 41 41 52 41 52 52 52 52 41 52 52 98 98 98 98 98 98 65 65 84 84 14 64 14 14 14 14 14 14 14 54 22 22 22 22 22 12 12 12 12 12 12 15 34 34 34 78 75 81 78 81 78 78 81 81 34 78 78 78 96 
1 49 49 49 75 49 75 75 75 75 49 75 34 34 34 33 75 34 1 34 49 49 75 34 34 75 34 34 33 34 75 75 75 15 81 86 75 75 76 74 74 99 99 14 14 47 16 16 16 98 97 97 97 97 97 97 97 97 97 97 97 97 97 97 97 97 13 8 8 8 4 4 4 4 4 27 27 27 27 27 99 72 99 99 99 99 99 77 54 22 60 60 60 35 62 62 62 62 62 62 62 62 62 62 62 62 62 62 62 62 58 58 60 63 58 58 12 60 15 50 50 58 
78 1 34 78 78 31 75 81 34 75 78 78 76 76 15 34 75 6 6 15 77 67 67 66 88 88 88 88 88 88 79 79 79 79 79 79 79 79 44 44 44 44 44 44 64 26 77 5 77 54 54 17 60 60 58 6 6 58 34 12 15 15 15 34 34 75 31 31 31 31 31 31 75 78 78 31 
49 81 81 81 12 76 12 81 81 50 81 81 81 81 81 81 49 81 75 75 76 85 14 72 72 14 64 64 4 4 47 8 8 8 8 8 8 8 8 8 8 8 8 8 8 8 8 8 8 8 8 4 4 4 4 4 4 4 4 4 27 27 64 54 67 67 67 77 77 77 77 22 22 22 62 62 62 89 89 62 50 62 62 50 50 50 50 96 81 81 96 81 81 96 96 96 96 
78 78 78 78 78 78 78 78 78 78 34 6 58 6 6 62 62 56 56 56 56 56 56 56 63 6 6 6 34 34 78 49 15 15 34 6 6 6 76 99 99 66 66 64 30 30 98 98 98 30 30 30 30 30 30 30 30 98 98 98 98 30 98 98 98 79 79 79 54 54 5 54 5 5 54 17 17 56 56 62 89 63 63 58 12 12 12 12 12 12 12 12 12 12 12 12 12 12 12 12 12 15 12 12 12 12 12 12 
75 15 15 58 81 31 81 75 75 75 75 75 49 49 92 92 75 75 75 75 75 76 74 64 64 14 14 14 17 85 4 8 8 68 68 68 68 68 68 68 68 68 68 68 68 68 68 68 68 68 68 68 68 68 68 68 4 4 4 4 4 65 65 65 94 14 14 14 77 77 77 77 17 17 17 17 60 35 35 35 81 35 35 34 15 35 35 15 31 31 75 31 75 75 31 75 75 
49 92 92 92 92 92 92 92 92 49 92 49 49 49 49 75 75 75 75 15 76 76 85 85 77 77 98 2 41 93 93 93 93 93 93 93 93 93 93 93 93 93 93 93 93 93 93 36 36 36 36 36 36 36 36 36 14 14 77 54 54 54 17 60 35 35 35 35 35 35 35 35 50 58 15 15 15 15 15 75 75 75 75 75 75 34 75 75 75 75 
31 31 31 31 75 31 75 31 75 31 31 31 75 31 31 31 75 75 58 58 76 20 66 66 66 64 64 4 4 40 40 40 40 40 40 40 40 40 40 40 40 89 89 89 94 94 94 94 94 94 94 94 64 67 20 20 20 14 54 77 77 17 17 60 58 58 58 58 58 58 58 58 58 58 58 31 31 31 31 31 75 75 75 
92 92 92 92 92 92 92 92 92 92 92 92 92 92 92 92 58 58 31 31 31 71 82 75 76 74 99 99 99 99 14 47 30 30 4 44 40 88 88 40 87 87 87 87 87 87 87 87 87 87 87 87 87 66 66 66 9 9 9 9 94 94 94 72 72 72 72 72 77 64 64 17 17 60 58 58 58 58 58 58 31 31 31 31 31 31 31 92 31 31 2 31 31 31 31 31 31 31 31 31 92 
81 81 34 34 81 96 81 34 34 81 81 34 81 34 96 96 50 50 50 34 34 2 2 81 81 81 90 90 82 49 75 49 49 15 76 67 5 77 47 47 47 85 47 8 47 8 8 8 8 97 97 8 97 97 97 8 8 8 8 8 8 8 8 8 47 47 4 4 65 65 94 66 5 5 5 5 5 5 5 5 5 5 5 22 22 60 63 35 63 35 56 35 50 50 50 60 60 60 50 34 34 58 34 50 96 96 81 
92 92 92 92 92 92 78 31 92 75 81 92 78 92 92 31 92 75 31 76 74 74 26 5 5 64 30 44 52 41 52 52 52 52 52 52 52 52 52 52 52 52 52 52 52 98 98 98 98 98 4 44 36 65 17 94 94 5 5 5 5 5 77 17 17 17 15 15 15 15 15 15 15 15 15 15 58 15 15 15 15 15 15 15 15 15 15 34 15 15 
62 62 50 81 34 81 81 81 75 75 49 49 75 49 49 49 49 49 34 15 76 76 14 14 14 14 14 77 64 47 8 8 8 68 68 68 68 68 68 68 68 68 68 8 8 8 8 8 8 8 8 8 8 36 36 88 84 64 64 64 64 64 17 17 17 60 50 35 81 75 81 81 81 34 75 75 75 34 81 34 81 34 75 75 75 75 81 75 81 75 
92 92 78 78 78 78 78 75 92 31 49 1 78 92 78 92 33 78 92 78 1 82 33 78 78 58 58 58 58 6 86 92 6 6 6 15 15 6 34 60 60 6 60 76 14 14 36 36 36 36 30 30 30 41 41 40 40 40 40 40 40 40 40 40 40 40 40 40 40 44 44 44 44 44 65 65 65 27 76 65 73 14 14 14 14 14 14 77 77 17 17 17 17 17 60 60 60 60 6 6 60 60 12 60 6 60 60 60 60 6 60 60 60 60 60 
49 81 49 81 49 49 49 49 49 49 96 49 81 75 2 75 15 6 6 6 60 77 67 77 47 47 47 47 8 8 93 93 93 93 93 93 93 93 93 93 8 8 36 36 4 65 65 27 65 27 77 77 77 77 77 77 54 4 4 35 35 35 89 89 89 89 62 62 62 50 81 75 75 81 81 49 49 49 49 49 49 49 75 75 49 75 75 50 
34 34 34 34 34 34 34 34 34 34 81 81 34 34 34 81 34 34 34 15 15 71 2 75 71 2 90 90 31 62 81 34 15 78 75 75 34 34 15 76 77 99 66 84 30 30 88 13 13 13 13 13 13 13 13 13 13 13 13 13 13 13 13 88 88 36 66 66 67 67 67 67 67 77 77 22 22 60 60 60 12 12 12 50 34 12 15 34 15 15 15 15 15 34 34 34 34 34 34 
81 81 81 81 81 81 81 81 75 81 81 81 62 50 34 81 75 92 49 49 92 71 71 86 31 12 75 75 1 81 1 81 15 74 99 99 99 99 99 99 99 99 99 99 4 4 4 4 52 52 52 52 52 52 52 52 52 52 52 52 52 52 52 52 52 52 4 4 4 4 65 65 65 65 65 65 37 5 5 67 67 67 67 67 77 22 89 89 56 56 56 56 89 89 89 60 60 12 12 15 15 34 15 12 15 15 15 12 15 12 12 15 15 34 15 15 34 
1 1 1 78 1 1 78 1 1 1 1 1 1 1 58 58 58 58 58 58 71 71 71 45 2 35 63 58 6 78 1 1 1 15 5 5 5 5 5 5 5 72 5 5 72 5 5 64 47 47 8 8 8 8 8 8 8 8 8 52 98 8 8 4 8 8 4 47 47 53 53 53 53 73 73 73 73 73 67 74 67 67 5 38 38 38 38 44 44 54 44 22 22 22 22 89 89 89 63 63 63 63 63 60 63 62 62 58 58 6 34 1 1 33 1 1 1 1 1 1 1 1 
78 96 78 78 78 78 34 78 78 78 78 96 78 78 78 78 78 62 6 78 81 71 70 45 92 90 90 35 96 96 96 62 6 6 6 76 72 72 72 72 72 14 36 47 30 52 52 52 97 52 97 97 97 97 97 97 97 97 97 97 97 97 97 97 98 98 98 13 65 65 65 65 65 65 65 65 65 84 72 72 72 72 72 72 72 72 72 72 54 44 89 89 35 89 89 89 89 89 89 63 63 58 31 58 34 34 34 81 78 34 78 78 78 92 81 78 81 81 92 78 96 78 
92 31 92 92 92 92 92 92 31 92 78 92 92 92 78 31 31 31 31 31 76 99 99 99 99 66 66 66 44 4 98 79 79 79 79 79 79 79 79 79 79 79 79 79 79 79 79 44 44 44 9 94 94 94 94 77 77 77 77 77 77 77 17 17 6 58 58 31 31 31 31 31 58 31 31 31 31 31 31 31 31 31 31 31 31 
31 15 31 75 92 92 92 92 92 92 92 92 92 92 92 1 1 1 1 6 76 14 14 14 14 14 14 64 47 47 98 57 57 57 57 57 57 57 57 57 57 57 57 57 57 57 57 57 57 89 89 4 4 4 65 65 27 27 77 77 77 77 77 77 17 17 17 17 17 17 60 58 58 58 58 58 58 15 15 15 15 15 15 15 15 15 15 15 
1 1 1 81 75 34 1 81 81 81 1 49 1 1 81 75 1 75 15 15 76 74 72 72 72 72 72 72 64 4 4 8 8 68 68 68 68 68 68 68 68 68 68 68 68 68 68 68 68 68 68 8 64 88 65 65 72 72 72 54 64 64 89 89 89 89 89 56 89 89 62 62 58 60 58 58 58 58 15 15 15 15 15 75 15 15 15 15 15 15 15 15 15 15 15 15 15 15 15 15 15 15 15 15 15 82 82 35 15 15 15 15 15 15 15 15 15 15 15 15 15 15 15 15 15 15 15 15 15 15 15 15 15 15 15 15 
31 31 31 1 1 58 58 1 1 1 58 58 31 31 92 92 31 92 92 31 76 77 5 5 77 16 16 98 98 79 79 79 79 79 46 79 79 79 79 79 79 79 46 79 79 79 79 79 79 79 79 79 79 79 79 64 5 5 5 5 77 77 77 77 77 17 17 60 6 6 6 33 33 6 6 6 6 6 6 1 1 1 1 78 1 1 1 1 78 31 1 78 31 31 
92 92 92 92 92 92 92 1 1 92 92 92 92 92 92 92 92 92 92 31 76 74 14 14 14 14 14 64 30 44 4 44 79 79 57 57 79 57 57 57 57 57 57 57 57 57 57 57 57 57 57 57 57 57 44 44 44 94 94 65 65 65 65 65 94 5 67 67 67 67 67 67 67 77 77 77 17 58 58 31 31 31 31 31 31 31 31 31 31 31 31 31 31 31 31 31 31 31 31 31 15 
33 33 1 1 1 33 33 33 33 1 1 1 33 34 1 1 33 49 2 1 71 55 48 67 67 67 67 67 14 47 47 47 8 8 68 68 57 57 57 57 57 57 57 57 57 57 44 94 94 94 94 94 5 67 67 67 67 77 77 17 17 17 12 15 1 1 1 1 62 62 1 33 49 1 33 33 33 34 58 58 58 58 58 
78 96 96 96 96 81 96 96 96 96 96 78 78 96 96 96 96 96 96 96 96 82 82 71 45 2 15 76 76 85 14 14 14 77 47 98 98 98 98 98 98 41 97 41 97 97 97 98 98 30 98 41 98 30 98 65 65 65 65 65 65 65 65 84 14 14 14 14 14 14 14 14 14 14 54 54 22 89 56 56 89 56 56 56 56 62 56 50 50 50 50 96 34 6 58 34 50 96 34 96 96 96 96 
58 58 58 58 34 58 58 58 58 58 58 58 58 58 58 58 58 58 58 58 58 92 92 33 12 12 34 75 15 76 67 5 5 72 14 64 4 36 13 69 69 69 69 69 69 69 69 69 69 69 69 69 69 69 69 69 69 69 69 69 88 91 91 91 65 65 65 65 94 66 67 67 67 67 77 77 22 22 60 89 89 60 60 89 22 22 60 60 60 60 60 60 60 15 15 60 15 15 15 15 15 15 15 15 15 31 31 15 15 34 15 15 34 15 58 58 15 34 58 58 58 58 75 90 90 34 15 31 15 35 35 15 15 15 15 34 58 58 58 58 58 58 58 58 58 60 58 58 58 58 58 58 58 58 
