16 16 62 16 22 22 22 22 22 30 24 16 16 16 1 13 24 24 24 24 43 27 27 7 53 32 10 10 10 10 10 10 10 10 10 3 3 3 3 56 56 56 56 41 4 4 4 56 31 31 31 31 31 20 20 20 34 1 1 1 57 1 1 34 43 43 43 43 24 24 43 24 24 24 24 22 22 22 22 24 24 
22 22 22 22 22 16 22 22 22 16 16 22 22 22 22 22 22 22 16 22 43 70 31 31 40 40 10 66 10 47 47 66 66 66 66 66 66 66 66 10 66 66 66 44 66 44 44 66 32 32 32 40 40 40 40 40 31 31 31 31 31 31 31 20 20 20 34 1 24 24 65 24 58 65 16 58 58 58 24 22 58 22 22 22 22 22 16 16 
19 5 16 16 16 16 16 16 16 16 16 16 16 16 16 16 16 16 16 16 43 7 7 7 7 7 7 32 32 32 32 32 10 44 44 44 10 10 10 44 10 44 44 10 10 44 10 10 44 44 44 33 33 33 56 56 46 46 46 38 38 38 38 7 70 70 27 27 20 20 24 24 24 24 24 24 16 16 16 16 16 16 16 16 16 16 16 16 16 16 16 16 16 
22 22 22 22 22 22 22 22 22 22 22 22 22 22 22 22 22 22 22 22 22 17 17 2 2 5 22 16 13 62 62 24 27 28 28 28 28 28 28 28 28 28 23 40 41 41 41 41 66 66 54 54 54 54 54 54 54 54 54 54 54 54 54 44 44 44 41 46 46 46 46 46 4 46 46 18 18 70 20 43 18 70 20 34 34 30 34 34 34 1 1 1 22 24 22 22 22 22 22 22 22 24 24 22 22 22 22 24 
62 5 5 62 62 5 5 5 5 5 5 5 5 62 62 5 5 65 62 24 43 27 31 31 31 31 40 41 41 44 44 6 44 44 44 44 44 44 44 44 44 44 44 44 44 44 44 44 44 44 44 44 41 4 4 4 4 38 31 31 31 31 31 31 31 31 20 34 34 15 15 50 57 57 57 1 1 65 1 1 24 24 65 30 65 62 22 62 62 62 62 62 62 62 
65 50 65 65 65 65 65 65 65 19 65 65 65 65 65 65 65 65 65 43 27 27 31 31 31 20 6 32 32 44 44 44 47 47 47 47 51 44 47 44 44 44 44 44 44 44 44 53 6 46 46 46 46 4 4 4 27 70 27 31 31 27 27 27 27 20 20 34 34 1 65 65 65 65 65 65 65 65 65 58 58 65 65 65 65 
16 24 22 22 62 65 62 24 24 65 24 24 22 62 62 5 5 5 16 24 5 2 5 22 43 27 27 9 9 9 9 9 6 6 6 6 44 44 66 66 66 66 66 66 66 66 66 66 39 66 66 66 66 66 66 32 32 32 32 46 46 46 46 46 4 4 4 4 4 9 9 9 9 9 9 9 9 9 46 40 20 15 57 57 57 57 57 57 57 57 57 57 57 57 57 30 57 57 1 1 1 57 24 24 24 24 24 24 24 24 24 
62 62 62 62 62 62 62 62 62 62 62 62 62 62 62 13 50 13 13 62 62 2 2 25 2 2 2 5 5 62 5 17 17 62 62 43 27 70 70 28 28 28 28 28 28 28 28 28 28 28 40 4 53 53 53 53 53 53 54 54 54 54 54 54 54 54 41 54 54 54 54 54 41 54 41 41 53 41 41 4 4 48 48 4 4 4 23 45 45 45 45 45 45 45 45 31 7 7 46 7 7 20 34 15 63 63 63 63 63 63 1 63 1 1 1 1 24 22 62 62 62 62 62 62 62 62 62 62 62 62 
62 62 16 62 16 62 62 62 16 62 62 62 24 65 62 24 65 24 43 43 9 28 28 28 28 28 28 9 41 53 53 53 53 53 53 44 44 44 44 44 44 44 44 44 66 44 44 44 44 44 44 44 32 53 53 53 46 46 40 23 23 7 70 7 20 20 34 30 30 30 24 24 62 62 16 16 62 62 62 62 13 62 62 62 62 62 62 16 62 62 
5 5 5 5 5 5 5 5 5 5 5 5 5 5 22 22 22 1 24 62 43 27 70 31 31 31 31 40 40 40 56 56 3 3 3 3 3 3 3 3 3 3 3 3 3 3 3 56 56 56 56 56 56 56 56 56 4 4 38 38 38 31 31 31 31 9 9 9 40 44 6 20 20 34 50 57 57 1 1 1 22 22 22 22 22 22 22 22 22 22 22 22 22 22 22 43 43 22 22 43 43 43 
16 30 65 13 65 16 16 16 62 62 62 62 62 65 24 34 24 62 22 65 65 43 43 27 9 9 9 40 6 6 53 53 53 53 53 44 44 53 33 33 33 33 33 33 33 33 33 51 51 53 46 46 46 46 46 6 46 70 70 70 70 7 20 20 20 34 63 63 30 30 30 57 30 30 24 24 58 22 24 24 62 62 62 65 62 16 13 
16 65 16 65 65 65 65 65 65 16 16 16 16 16 16 16 16 65 65 16 58 19 65 65 65 13 13 30 50 58 65 24 24 65 30 57 34 20 70 70 70 70 70 70 70 40 53 9 9 53 32 53 53 53 53 53 53 53 53 53 53 53 53 32 32 32 32 6 6 6 6 6 6 40 40 40 70 70 70 7 7 20 20 34 30 30 30 30 30 30 30 30 30 30 30 65 65 24 24 30 24 24 65 30 65 65 65 24 
16 16 62 16 22 16 16 16 16 16 16 16 16 16 5 16 16 22 22 43 27 28 28 28 28 9 9 6 6 6 56 10 10 10 10 10 10 10 10 10 10 10 10 10 10 10 47 47 47 56 56 56 56 56 56 38 68 68 23 28 28 28 28 9 20 6 6 6 20 20 34 57 57 57 57 16 16 16 16 16 16 16 5 5 22 16 16 16 16 16 16 16 16 16 16 16 16 
62 62 62 62 62 62 62 62 62 62 62 62 62 62 24 43 24 30 24 1 27 28 28 28 6 6 41 41 11 11 11 11 11 11 11 11 11 11 41 41 41 41 41 41 41 41 4 4 4 4 4 4 70 70 70 70 70 70 70 18 20 15 15 50 57 57 57 57 57 57 57 57 57 30 1 1 13 24 62 13 62 62 62 62 62 62 62 62 62 62 
62 62 62 62 62 62 62 62 62 62 62 62 62 62 62 16 62 5 22 43 27 28 28 28 28 9 9 9 9 41 41 41 41 41 66 66 66 66 66 66 66 66 66 66 66 66 44 41 41 41 41 41 41 41 4 56 37 9 9 9 9 9 9 9 9 9 70 18 20 34 34 34 34 43 43 43 43 43 43 24 24 62 62 22 62 62 16 62 62 62 62 24 62 62 62 13 
65 16 16 16 58 16 58 24 58 58 58 58 24 24 65 16 24 24 24 24 16 16 58 24 24 58 24 16 16 24 58 58 58 24 16 5 58 58 43 27 61 28 28 9 9 53 53 53 53 44 42 44 42 44 42 42 42 42 36 36 36 36 36 36 36 36 10 66 32 32 46 46 46 46 46 46 46 46 4 48 70 70 70 70 70 70 70 9 7 20 57 34 57 57 57 57 57 57 57 57 57 57 57 57 57 57 57 57 57 57 57 1 34 34 1 1 30 34 24 30 30 30 
62 62 24 62 62 22 22 16 24 22 62 62 43 27 43 24 24 24 1 43 27 70 70 23 56 56 56 56 56 56 33 54 54 54 54 54 53 54 67 3 41 46 46 40 40 7 31 31 7 7 20 20 34 1 1 1 1 1 24 43 43 43 43 24 24 22 22 22 22 24 22 22 22 62 62 22 
16 16 16 16 30 18 43 16 16 30 16 16 16 16 16 16 16 16 58 22 43 27 9 70 70 9 7 40 46 6 6 32 32 32 32 32 32 32 32 32 32 32 32 32 32 32 32 32 32 32 32 32 32 46 46 46 46 46 46 46 46 46 46 7 70 70 70 70 70 7 7 20 20 15 57 57 57 15 15 57 57 57 57 30 30 30 30 16 16 16 13 16 16 13 13 13 13 
62 62 62 62 62 62 62 62 62 62 24 24 1 1 34 57 50 50 50 50 50 50 50 50 63 63 1 1 24 24 62 62 43 43 24 1 65 30 43 28 23 23 23 46 41 41 41 41 41 41 41 41 41 41 41 41 41 53 44 41 41 41 53 53 53 53 53 53 7 7 31 7 31 31 7 20 20 15 15 34 63 63 63 1 34 34 34 34 34 34 43 43 43 43 43 43 43 43 43 43 43 43 43 43 43 43 43 43 
22 1 1 1 24 22 16 16 22 22 22 22 16 16 5 16 22 22 22 22 43 27 27 40 40 9 9 9 20 6 46 32 32 47 47 47 47 47 47 47 47 47 47 47 47 47 47 47 47 47 47 47 47 47 47 47 46 46 46 46 46 4 4 4 46 31 70 9 27 27 27 20 20 20 20 34 34 57 57 58 16 57 57 24 43 30 30 43 22 22 22 22 22 22 22 22 16 
5 5 5 5 5 5 5 5 5 5 5 5 5 5 16 58 58 58 58 43 43 27 27 49 27 18 6 6 44 21 21 21 21 21 21 21 21 21 21 21 21 21 21 21 21 21 21 21 21 56 56 56 56 56 23 7 9 9 7 7 7 7 20 34 50 50 57 30 30 57 30 58 30 24 30 43 43 24 24 22 22 24 22 22 22 24 16 22 22 16 
22 22 22 22 22 22 22 22 22 22 22 22 22 22 22 22 22 22 1 1 43 70 23 23 23 40 40 40 40 3 3 3 3 3 3 3 3 3 3 3 3 3 3 15 46 38 38 38 38 38 38 38 40 70 70 70 70 70 7 27 27 20 20 34 1 1 1 1 1 1 1 1 1 1 22 22 22 22 22 22 22 22 22 
5 5 5 5 5 5 22 5 5 5 5 5 5 5 5 5 1 1 22 22 22 19 19 58 43 27 28 28 28 28 9 6 41 41 40 3 3 3 40 3 35 35 35 35 35 35 35 35 35 35 35 35 35 3 23 23 38 38 38 38 38 38 31 28 70 28 70 70 18 40 40 20 20 34 1 1 1 1 1 1 1 22 22 22 22 22 22 5 22 22 22 22 22 22 22 22 22 22 22 22 5 
16 24 24 24 16 13 16 24 24 16 16 24 24 24 13 13 30 30 30 24 24 58 19 65 16 16 5 5 5 16 58 16 16 43 43 70 70 7 6 49 6 6 6 32 6 32 32 32 32 32 10 10 10 10 10 10 32 32 32 32 32 32 32 32 32 6 46 46 4 4 4 23 31 31 31 31 31 31 31 31 31 31 31 18 15 15 63 57 57 50 15 50 30 30 30 34 57 34 30 24 24 24 24 30 13 13 24 
22 5 22 5 5 62 62 22 22 16 16 5 62 5 5 22 5 22 22 43 27 70 70 31 31 40 41 41 66 66 3 3 32 32 32 32 32 10 10 10 44 44 44 44 44 44 44 44 41 41 41 46 46 46 46 38 38 31 31 31 31 31 7 20 20 34 34 1 24 34 43 43 24 43 43 24 1 24 24 24 24 24 24 24 24 24 24 24 43 24 
57 57 57 16 24 24 16 24 16 16 16 16 22 16 16 16 16 16 24 43 43 27 9 9 9 9 9 31 6 6 32 32 32 47 47 47 47 47 47 47 47 47 47 47 47 32 32 32 32 32 32 32 32 32 56 56 56 40 40 40 40 20 20 20 20 34 30 30 16 16 16 16 16 16 24 24 16 24 16 24 24 24 16 16 16 16 16 16 16 22 
62 22 62 62 62 62 62 22 22 22 5 58 62 62 62 62 65 62 5 62 5 5 13 62 62 62 1 1 1 1 5 5 1 1 1 43 24 1 24 34 34 1 43 27 9 9 9 9 9 9 33 41 41 66 66 54 54 67 67 54 54 54 54 54 54 3 3 3 3 67 67 56 4 4 4 4 4 4 27 4 60 9 9 9 9 9 27 27 27 20 20 20 34 34 34 34 34 34 34 34 34 34 34 34 34 34 34 34 34 34 34 34 34 34 34 
16 16 16 16 16 16 16 16 16 16 13 16 16 58 58 58 24 30 30 43 34 27 70 70 6 6 6 32 32 32 21 21 21 21 21 21 21 21 21 21 21 32 32 46 46 4 4 4 4 4 7 7 7 7 7 7 7 46 46 50 57 57 15 15 15 15 57 57 57 57 16 16 16 16 16 16 16 16 16 16 16 16 16 58 16 16 24 30 
24 24 24 24 24 24 24 24 24 24 62 16 24 24 62 16 24 24 24 24 24 19 19 22 17 19 17 2 22 57 24 24 24 62 16 24 24 24 43 43 70 28 23 37 41 56 56 56 56 56 56 56 10 10 52 10 52 52 10 10 56 56 56 56 56 56 56 23 70 45 45 70 70 70 7 20 20 34 34 34 30 43 30 30 24 24 24 24 43 43 24 43 24 24 24 24 24 24 24 
16 16 16 16 16 16 62 16 24 16 16 16 57 30 24 58 58 16 16 16 5 19 19 17 22 24 24 58 62 62 62 16 43 27 28 28 61 28 28 28 28 28 28 28 46 46 41 41 32 32 32 32 32 10 10 10 10 10 10 10 32 32 32 32 32 32 32 41 41 46 4 4 4 4 4 4 12 31 31 45 31 70 70 70 70 18 15 15 50 50 50 15 15 15 15 34 34 34 34 43 43 24 24 24 24 24 43 43 43 43 43 43 24 24 43 43 24 
65 62 65 62 62 65 62 62 62 5 65 58 58 1 1 1 1 1 1 1 19 2 2 2 19 50 63 1 57 62 62 65 65 43 31 31 31 31 31 31 31 31 31 31 31 31 31 40 6 32 32 32 32 32 32 32 32 32 32 32 44 32 32 40 32 32 46 6 6 60 60 60 60 60 60 60 60 60 70 27 70 31 31 31 31 31 7 3 7 7 7 7 15 15 15 15 15 15 63 15 63 63 63 34 63 57 57 1 1 65 24 58 65 65 65 65 65 65 62 62 65 65 
62 62 62 62 62 62 24 62 62 62 62 13 62 62 62 62 62 57 63 62 58 19 25 25 5 2 19 30 13 13 13 57 30 30 34 34 70 70 28 28 28 9 9 41 41 10 10 10 66 10 10 10 44 44 10 10 10 10 10 10 10 10 10 10 10 41 41 41 41 4 4 4 4 4 4 4 4 37 70 70 70 70 70 70 70 70 70 70 7 15 15 50 50 15 15 15 15 15 63 63 63 1 22 1 24 24 24 62 62 62 62 62 62 5 22 62 62 62 5 62 62 62 
5 22 5 5 5 5 5 62 22 5 62 5 5 5 62 22 22 22 22 43 43 7 23 23 23 23 23 68 56 41 41 33 33 33 33 33 33 33 33 33 33 33 33 33 33 33 56 56 56 3 38 38 38 38 38 31 70 27 27 27 27 27 20 20 1 1 1 1 22 1 43 22 1 22 22 22 22 22 22 22 22 22 22 22 22 
22 22 22 22 22 5 5 5 5 5 5 5 5 5 58 65 65 65 65 65 48 27 9 9 9 9 9 46 6 53 53 51 51 51 51 51 51 51 51 51 51 51 51 51 51 51 51 51 51 15 15 46 46 46 4 4 4 4 46 27 27 27 31 31 20 20 20 20 20 20 34 1 57 1 1 1 1 43 43 43 43 43 43 43 43 43 43 43 
65 58 65 16 58 24 58 16 16 16 58 16 58 58 16 58 58 58 43 43 27 70 28 28 28 28 28 28 40 32 32 32 32 47 47 47 47 47 47 47 47 47 47 47 47 47 47 47 47 47 47 32 40 40 4 4 28 28 28 7 40 3 15 15 15 15 15 50 15 15 57 57 1 34 1 1 1 1 24 24 1 24 58 58 24 43 43 24 43 43 43 43 43 43 43 43 43 43 43 43 43 43 43 43 43 13 13 30 43 43 43 43 43 43 43 43 43 43 43 43 43 43 43 43 43 43 43 43 43 43 43 43 43 43 43 43 
22 22 22 65 65 1 1 65 65 65 1 1 22 22 5 22 22 5 5 22 43 27 31 31 7 53 53 53 53 53 53 53 67 67 67 67 44 67 67 67 67 67 67 67 33 67 67 67 53 53 53 53 53 53 53 40 31 31 31 31 31 27 7 27 27 20 20 34 34 65 65 65 65 65 65 65 65 65 65 65 65 65 65 62 65 65 65 65 62 22 65 62 22 22 
22 5 5 5 5 5 5 22 65 5 5 5 5 5 5 5 5 5 5 22 43 27 9 9 9 9 9 40 41 41 53 53 67 67 67 51 51 51 51 51 51 51 51 51 51 51 51 51 51 51 51 51 51 3 3 38 38 38 38 38 4 4 4 4 4 31 70 70 70 70 70 70 70 70 27 20 20 1 1 22 22 22 22 22 22 22 22 22 22 22 22 22 22 22 22 22 22 22 22 22 43 
65 65 65 65 65 65 65 65 65 65 65 65 65 24 65 65 65 58 19 58 17 8 69 70 70 70 70 70 9 6 6 6 32 32 47 47 51 51 51 51 51 51 51 67 51 67 46 38 46 38 38 38 31 70 70 70 70 7 7 18 20 20 43 43 65 65 58 65 57 57 65 65 16 65 65 65 65 24 1 1 1 1 30 
62 13 13 62 62 62 62 13 13 13 62 62 62 13 13 13 62 13 13 13 13 5 5 19 25 22 43 43 43 27 9 9 9 27 6 6 41 41 44 44 44 66 66 44 44 44 44 44 44 44 44 44 41 41 41 41 4 4 4 4 4 4 4 40 9 9 9 9 9 9 9 9 9 70 7 7 20 15 50 50 15 50 50 15 15 63 50 30 30 30 30 13 24 30 1 30 30 24 24 30 13 13 13 
1 1 1 1 24 1 1 1 1 1 1 1 1 1 1 1 1 1 1 1 1 5 5 13 34 43 24 24 43 27 70 31 31 31 9 9 41 41 41 66 66 66 66 66 66 66 66 66 66 66 66 66 66 66 66 66 66 66 66 66 56 68 68 68 68 4 4 4 38 23 70 70 70 70 70 18 20 34 34 15 15 34 34 15 20 15 34 34 34 34 34 34 34 43 43 34 43 43 43 43 43 43 1 24 24 22 22 24 24 24 24 43 24 43 1 1 24 24 1 1 1 1 22 17 17 24 24 22 43 58 58 43 24 1 43 24 1 1 1 1 1 1 1 1 1 34 1 1 1 1 1 1 34 1 
