13 71 71 9 31 78 78 53 13 53 53 53 53 53 78 71 15 9 71 78 42 3 4 4 45 45 28 28 28 28 21 21 21 21 21 21 21 61 72 27 25 34 34 34 37 34 47 7 7 75 75 15 15 15 15 9 9 9 9 9 9 71 78 78 71 71 78 78 71 78 78 71 78 78 71 
13 78 53 44 78 78 78 53 78 78 78 78 78 78 78 53 53 78 78 42 3 4 45 45 45 45 45 45 45 45 45 45 45 54 54 28 49 49 49 49 30 30 30 30 21 1 1 72 25 25 34 34 34 34 34 47 47 7 7 75 75 18 18 18 18 18 18 18 18 63 18 31 18 31 78 78 53 53 29 78 53 71 13 13 
53 31 13 31 31 53 44 18 26 18 18 31 31 53 53 53 31 31 15 42 42 46 46 46 46 50 50 50 50 50 59 59 59 59 59 59 59 59 59 30 30 14 14 14 14 47 47 47 47 47 47 47 47 7 7 7 7 75 75 75 75 73 73 18 31 31 31 31 31 31 31 31 31 31 31 53 31 53 78 
17 17 13 13 31 68 44 22 31 78 68 78 53 44 44 68 68 78 78 44 78 42 3 3 3 4 4 45 45 45 45 50 50 50 50 55 66 66 66 55 55 59 59 59 49 56 64 64 64 47 47 47 47 47 47 7 7 7 7 7 75 15 15 73 75 15 9 15 71 71 9 29 78 78 71 78 78 78 78 78 78 78 78 78 
31 31 78 13 31 29 78 13 31 13 31 26 33 9 71 13 71 71 71 13 71 51 51 79 13 44 44 44 44 78 13 71 2 15 18 71 71 42 42 42 3 46 46 46 50 50 50 50 50 59 59 59 59 59 59 59 59 59 30 30 30 12 30 12 49 55 27 37 37 37 34 34 57 64 47 47 47 7 75 15 15 15 15 75 75 15 75 75 15 75 9 71 71 71 71 15 71 71 71 29 71 
31 31 31 31 31 31 31 31 31 31 2 31 31 31 31 31 31 31 31 31 2 17 73 31 31 20 35 31 31 31 31 31 31 31 9 42 42 3 4 4 4 4 4 4 4 45 45 45 45 45 66 59 59 49 49 49 14 14 1 1 57 57 47 47 47 47 47 47 47 47 47 7 7 7 75 75 26 26 26 75 75 75 75 9 9 9 31 71 71 9 71 71 31 71 9 71 31 
13 63 71 71 71 71 71 71 69 71 71 69 71 69 71 71 71 13 63 71 2 17 44 44 78 13 26 15 68 79 44 22 22 51 51 17 17 73 63 63 31 71 42 3 46 3 4 4 45 45 45 45 45 54 54 54 54 54 54 54 54 67 67 67 67 67 67 49 14 14 30 30 30 64 11 11 11 11 11 57 57 30 30 30 1 57 57 7 33 6 6 33 6 33 75 75 75 71 69 9 9 9 9 9 9 9 9 9 9 9 9 9 9 69 71 69 
29 31 13 13 31 29 29 13 13 13 29 13 13 13 68 13 13 13 13 68 13 68 68 15 15 15 13 13 71 2 42 3 25 25 50 50 50 50 50 50 50 50 50 50 50 66 66 66 66 12 12 12 12 61 12 12 12 25 25 25 25 25 25 25 34 47 47 47 7 7 75 75 75 15 15 15 15 15 15 71 29 29 29 78 29 13 29 29 29 29 29 29 31 13 
31 2 31 13 31 31 31 31 31 31 31 31 31 2 31 31 31 13 13 13 44 44 22 31 15 31 15 15 15 42 42 3 40 40 40 40 40 40 40 40 40 40 45 45 38 38 38 38 38 38 38 38 38 38 38 61 61 61 61 61 61 61 61 61 61 61 61 61 57 25 64 64 47 47 47 47 7 7 75 75 75 75 2 2 2 2 2 71 29 31 13 31 31 13 13 13 31 31 31 13 2 
26 26 26 26 26 15 15 15 20 15 68 68 68 29 29 29 29 78 29 29 29 42 3 4 4 4 4 4 45 45 45 50 50 50 50 50 50 55 55 55 55 55 55 55 55 55 55 55 55 56 56 56 34 34 34 34 34 34 34 34 34 34 47 7 7 7 73 26 26 26 15 29 29 68 68 68 68 68 68 68 68 68 68 68 68 68 68 68 68 68 68 68 68 68 
2 31 2 2 2 2 2 2 2 2 2 2 2 2 2 2 2 31 13 13 44 31 31 2 2 2 15 15 2 69 42 3 11 11 11 11 11 11 11 54 54 54 54 54 54 38 54 54 54 38 59 59 59 59 59 61 61 61 61 14 14 61 16 16 57 47 47 47 16 47 47 47 57 1 1 1 1 26 26 73 73 26 75 69 2 2 2 2 2 2 2 2 2 2 2 2 2 2 2 2 2 2 2 
69 71 18 18 18 71 9 71 9 71 71 71 9 9 71 71 71 71 71 71 20 20 20 26 6 6 56 56 26 26 26 15 15 15 9 9 15 15 26 9 9 3 3 3 3 7 47 46 4 4 4 45 74 74 74 74 74 74 74 74 74 74 74 74 74 59 59 59 21 21 21 30 30 30 49 64 64 64 64 64 64 47 47 47 47 7 7 33 75 7 7 7 75 33 7 7 75 75 75 75 75 75 75 75 75 75 69 75 73 75 9 75 75 75 73 75 73 73 73 75 73 75 73 75 9 75 73 71 15 9 9 9 9 15 15 73 73 6 73 73 73 73 73 31 22 22 78 22 22 22 22 22 22 22 22 22 22 22 22 22 22 22 22 22 22 22 73 73 73 73 6 75 75 15 15 15 71 71 71 71 9 15 71 18 71 2 71 71 71 71 71 71 71 71 
53 53 53 78 53 78 53 53 53 53 53 53 53 71 53 53 78 53 53 78 9 18 18 44 79 63 18 53 63 31 13 53 18 15 20 20 15 42 42 3 46 46 46 46 46 46 46 45 45 74 74 74 76 76 76 76 76 76 21 76 76 76 76 76 76 76 72 25 64 64 64 64 64 64 64 64 57 57 57 7 7 75 18 18 18 18 18 53 53 53 53 53 53 53 53 53 71 53 78 53 53 53 53 44 53 53 53 53 
44 44 44 44 44 44 44 44 44 44 44 13 13 63 63 13 2 2 69 42 3 4 45 45 45 54 54 54 54 54 54 54 54 54 54 54 49 30 30 30 30 30 30 30 30 30 37 37 37 37 37 37 37 37 47 57 57 72 7 7 33 75 18 26 26 26 18 18 18 18 18 63 63 63 13 53 13 13 13 44 44 44 44 13 44 44 13 63 
44 44 44 63 18 63 44 44 44 13 13 13 13 2 13 13 29 31 63 71 42 3 11 11 11 16 16 3 54 54 54 50 50 50 55 55 55 55 55 61 30 30 30 30 61 1 72 57 30 11 30 11 57 57 11 11 7 47 7 7 33 33 33 75 33 75 75 75 75 9 9 9 9 9 9 71 71 9 9 9 9 9 69 9 9 
78 53 44 44 53 78 53 78 44 44 78 44 78 53 53 78 42 3 3 3 3 3 3 3 4 4 45 54 74 54 54 54 48 48 48 48 49 49 49 30 30 30 30 30 30 25 64 64 64 64 64 47 47 47 47 47 47 7 29 18 18 18 18 18 18 18 18 18 18 18 18 18 18 18 18 18 18 18 18 18 15 71 78 71 15 15 71 71 71 
15 71 9 71 71 71 71 71 71 71 73 31 18 31 13 71 15 71 42 42 3 4 45 45 45 45 45 45 45 55 55 55 55 55 55 12 61 23 23 72 34 34 34 47 47 47 7 75 15 71 71 71 13 13 13 13 13 29 31 13 71 13 13 13 78 13 13 13 13 13 
53 44 44 44 44 44 44 44 53 44 44 53 2 73 71 53 53 53 53 42 3 3 3 3 11 11 46 46 46 46 46 46 46 46 28 28 28 28 28 28 21 21 21 21 21 21 21 21 21 21 21 21 1 30 1 1 1 1 57 57 47 57 47 11 11 11 11 3 3 7 7 73 73 73 73 73 73 73 18 18 53 53 53 53 44 44 53 53 53 44 53 44 44 44 53 44 63 
31 2 13 53 13 31 2 2 31 13 13 13 13 31 71 15 15 15 15 9 42 42 3 3 4 4 4 54 54 54 54 54 54 54 59 59 59 59 59 59 59 59 61 61 61 61 72 72 72 56 34 25 7 47 7 3 3 47 47 7 7 33 26 26 26 75 6 6 15 9 75 75 71 71 71 71 71 71 71 71 71 71 71 71 71 71 9 71 9 71 13 71 71 71 71 71 2 
78 78 53 53 78 53 78 78 78 53 53 78 78 78 53 53 78 53 53 78 78 3 46 25 25 46 46 28 28 28 28 28 28 28 28 28 28 28 77 77 77 77 77 77 77 77 77 77 77 77 1 1 1 1 1 1 56 25 25 64 25 11 11 7 7 18 18 18 18 18 9 78 78 78 9 78 78 78 78 78 78 78 53 78 78 78 78 78 78 78 53 71 
78 44 44 44 44 44 44 44 44 44 44 53 53 53 53 78 53 78 53 44 22 35 44 73 31 26 33 78 44 20 78 15 78 15 15 15 15 42 3 4 4 4 4 4 4 45 45 45 45 45 45 45 45 50 50 50 39 39 39 39 39 39 64 64 64 64 11 11 11 47 7 7 73 73 73 73 73 75 75 75 75 15 15 9 71 78 9 9 71 71 9 71 71 78 78 78 71 
71 71 71 71 71 71 71 71 71 71 71 71 71 71 71 71 71 9 71 71 79 79 29 71 29 68 78 71 78 20 15 15 15 42 3 4 4 4 4 4 45 54 50 54 12 12 12 67 12 12 12 12 12 12 30 30 56 56 56 56 7 25 7 7 25 25 75 33 47 47 47 47 7 26 26 26 26 75 75 75 15 26 26 15 15 9 15 15 71 9 71 71 71 71 78 69 
68 68 68 68 68 68 68 29 78 68 68 68 68 68 68 68 68 68 68 68 68 35 35 20 73 20 20 20 20 3 46 46 46 37 46 46 46 46 46 46 28 28 28 28 56 56 56 56 56 56 56 56 56 56 25 25 25 25 25 25 25 25 25 37 57 57 57 7 7 75 26 26 26 26 26 15 15 26 15 15 15 15 9 71 15 15 15 15 15 31 29 29 15 29 29 29 15 
53 13 78 31 53 78 78 31 53 53 78 78 53 63 13 63 78 53 78 78 15 73 73 18 53 18 26 26 26 63 63 15 78 15 15 15 78 78 71 13 71 13 78 78 42 3 46 46 46 11 11 46 46 45 45 28 28 28 28 28 28 28 28 49 49 49 49 30 30 30 30 30 30 30 30 30 30 30 1 47 25 25 25 25 25 25 25 25 34 34 34 34 34 34 7 7 75 75 75 75 75 75 75 75 75 75 75 75 75 75 15 15 75 9 15 75 9 15 69 9 15 
13 13 31 31 13 9 71 13 31 68 13 13 53 68 44 68 13 31 71 42 3 34 4 4 4 45 38 38 38 38 50 50 50 50 55 67 67 67 67 67 67 67 67 30 30 30 30 30 1 34 34 34 34 37 34 47 47 7 16 47 7 7 75 75 71 71 71 71 71 29 29 29 71 71 71 13 29 13 71 29 71 78 29 29 78 
53 53 13 53 78 53 53 53 53 78 53 53 53 53 53 53 53 53 53 53 42 3 3 46 46 46 46 46 46 46 45 45 45 28 28 28 28 28 28 28 28 55 55 55 55 55 21 21 21 21 21 1 1 1 30 64 64 64 64 57 57 7 7 75 18 18 18 18 18 18 18 18 15 15 15 18 71 78 29 78 78 53 71 53 53 78 53 53 53 53 53 53 53 71 
31 31 78 78 13 29 53 13 13 13 13 53 13 13 13 13 13 13 78 13 13 17 35 22 44 51 13 71 6 6 73 22 22 20 31 31 13 31 31 13 13 13 78 3 45 45 45 45 45 45 45 74 74 74 74 74 74 74 67 50 41 41 23 23 23 23 23 23 61 57 12 27 11 11 11 16 3 11 47 47 7 7 7 75 75 75 75 75 75 75 75 75 75 75 75 75 75 75 75 75 75 75 75 75 75 75 75 75 
44 44 44 44 44 44 44 44 44 44 78 44 53 78 22 53 53 53 78 42 42 3 4 4 4 4 45 45 28 28 28 28 28 39 39 77 49 39 49 49 49 49 49 49 47 47 47 47 47 47 47 7 7 7 6 26 26 26 18 18 18 18 18 15 18 78 71 53 53 78 78 78 78 78 53 
13 53 53 13 78 78 71 78 53 13 13 71 71 9 71 9 71 15 15 15 35 24 20 22 17 73 15 15 71 13 78 13 78 15 33 42 42 3 4 46 4 45 54 54 54 12 55 12 55 12 12 12 12 12 12 12 12 12 72 25 25 25 25 25 25 25 64 47 47 47 47 7 33 33 33 75 75 75 75 75 18 75 75 75 9 9 9 15 78 78 71 71 71 15 71 71 63 
44 44 44 68 44 44 44 44 44 44 44 68 44 44 78 78 78 44 68 42 3 4 4 4 4 4 54 54 54 54 54 54 54 21 21 21 21 21 21 21 21 21 21 1 1 1 1 1 72 72 57 27 34 25 64 64 64 64 64 46 46 47 7 6 6 6 6 73 73 73 73 73 73 69 75 75 9 9 9 9 9 9 9 9 9 9 71 78 71 71 71 53 
31 31 31 31 31 31 31 31 31 31 31 31 31 31 31 31 31 31 15 15 75 13 68 29 75 73 73 22 22 22 22 6 6 26 26 15 15 26 20 29 71 15 31 71 15 15 71 42 42 3 46 3 57 3 16 16 16 16 16 3 38 38 38 38 38 38 38 38 38 38 54 38 38 40 49 49 67 61 1 7 7 37 16 80 3 37 37 37 47 37 34 47 34 7 33 33 33 33 33 33 33 33 33 33 33 33 26 33 6 33 33 33 33 26 26 26 26 75 73 75 73 73 31 75 
13 13 13 13 78 13 13 13 13 13 13 13 13 13 71 69 68 68 68 13 13 22 17 17 22 73 31 15 15 15 15 42 16 38 54 54 54 54 54 54 54 54 54 54 38 54 54 54 50 55 55 55 55 55 55 49 30 30 30 30 12 12 57 37 37 37 37 37 37 37 37 37 37 37 34 57 7 7 7 18 6 6 6 6 6 6 26 26 26 26 26 26 26 15 71 71 13 13 53 13 13 13 13 68 13 13 44 13 13 13 13 13 
44 13 13 44 44 13 44 44 44 44 44 13 13 13 13 13 13 53 71 42 42 4 4 45 45 45 45 45 45 45 45 45 54 54 12 55 12 12 12 12 12 12 12 12 12 12 25 25 64 64 47 47 47 47 47 47 7 7 7 75 18 15 15 15 15 13 13 13 13 13 13 13 13 13 13 13 13 13 
9 9 9 9 9 9 29 31 29 35 22 31 15 15 31 31 31 31 31 31 31 31 31 31 15 42 3 4 4 45 38 38 38 38 38 38 38 38 38 38 77 77 77 77 77 77 1 1 1 1 1 47 47 7 7 7 7 7 7 7 7 7 7 7 75 6 26 26 26 15 15 15 15 9 9 31 31 71 71 31 31 
31 78 31 31 78 53 31 78 31 53 31 31 53 53 53 13 53 53 31 53 78 20 20 78 31 53 31 31 31 31 73 73 53 53 31 53 53 78 31 31 31 31 31 31 53 53 42 3 42 42 3 4 4 39 39 45 45 45 45 45 74 74 76 50 55 55 55 59 12 12 67 55 55 25 37 37 37 37 37 37 47 47 47 47 7 7 75 75 75 73 75 73 75 75 75 15 75 9 15 15 15 15 9 9 9 9 9 
13 68 68 13 13 31 17 68 31 44 68 68 13 13 31 31 13 29 29 42 42 3 4 4 45 45 45 45 45 45 45 59 40 23 61 61 61 61 61 61 61 61 61 61 61 61 61 57 37 37 37 37 37 47 47 47 7 75 75 73 73 73 73 73 73 73 75 15 75 15 75 73 2 75 2 31 15 31 31 31 31 31 2 15 
31 31 31 31 31 78 31 31 53 31 31 31 31 31 31 31 31 31 31 31 31 26 49 9 31 13 31 78 31 15 31 15 31 31 31 29 42 42 42 42 3 7 7 16 16 3 4 4 4 45 45 45 45 45 45 50 50 23 23 23 23 23 23 23 23 23 23 23 23 23 1 72 64 64 64 37 64 64 64 46 64 64 47 47 7 75 15 31 31 29 29 29 29 31 29 13 31 31 31 31 31 31 31 31 78 78 13 31 78 15 
31 31 31 31 31 31 31 31 31 31 31 31 31 31 31 31 31 78 42 42 3 4 4 4 4 45 45 45 45 74 74 28 50 55 23 23 23 23 23 23 23 47 47 47 47 47 47 47 47 47 47 47 7 7 7 7 75 71 31 9 15 78 31 78 78 78 31 31 44 31 31 31 31 31 44 31 31 31 
63 63 63 63 63 63 13 17 17 17 63 63 63 63 20 20 71 71 71 42 42 3 49 4 49 49 4 54 54 54 54 54 54 54 54 61 61 67 61 61 30 30 30 30 57 11 11 11 11 11 11 11 11 11 11 11 7 7 6 73 6 73 6 6 6 6 73 73 73 73 69 69 73 69 69 63 63 63 71 71 63 63 63 63 63 
29 29 29 78 78 29 78 78 29 78 29 29 15 15 15 15 15 15 29 15 42 3 46 50 57 45 54 54 54 54 54 54 55 55 55 55 55 55 55 23 72 72 72 25 25 34 34 34 34 34 34 34 34 7 7 75 75 73 73 73 73 75 73 75 75 75 15 18 75 75 75 6 26 75 73 26 75 75 75 75 75 75 75 75 15 15 15 15 75 15 15 15 15 71 15 15 29 9 29 71 29 29 
