75 75 75 75 75 23 23 23 62 19 23 23 75 23 62 71 47 47 47 23 22 13 13 45 80 64 63 63 63 63 63 63 63 63 63 70 70 87 52 52 52 12 12 12 12 12 12 12 39 39 21 45 45 82 49 49 14 9 9 9 9 9 9 19 19 19 19 19 19 62 19 62 23 23 23 23 23 23 23 23 47 
75 75 75 75 75 75 75 75 75 75 75 75 75 75 75 42 42 75 75 22 31 45 21 21 39 70 63 70 70 70 6 90 90 90 90 90 90 90 90 63 90 90 90 50 90 90 90 90 63 63 63 70 80 80 80 80 45 45 45 45 45 45 45 45 49 49 14 62 47 26 47 47 57 57 75 75 62 75 47 75 75 75 42 42 42 42 75 75 
2 2 74 2 74 74 74 74 74 75 2 74 74 60 74 2 2 74 74 2 22 82 82 82 82 82 82 8 8 63 63 63 63 50 50 50 63 63 63 50 78 78 78 78 78 78 78 78 78 78 50 50 28 28 28 52 52 52 52 1 1 1 1 24 21 21 13 13 49 49 19 23 23 47 23 23 75 74 74 74 2 2 74 2 2 74 74 74 2 2 2 2 75 
36 23 23 23 42 42 23 23 42 42 23 23 42 42 23 42 42 42 23 42 42 41 15 15 15 41 23 75 71 36 36 22 13 83 83 83 83 83 83 83 83 83 83 80 80 32 32 90 90 90 6 6 6 6 6 6 6 6 6 6 6 6 50 50 50 50 52 52 52 52 52 52 51 24 24 7 45 82 45 31 82 82 49 14 14 61 14 14 14 19 19 62 23 23 23 42 42 23 36 42 23 23 23 23 23 23 42 23 
36 41 41 36 36 41 41 41 41 41 41 75 41 36 36 41 41 36 36 22 22 13 21 45 21 45 80 32 32 32 50 31 50 50 50 50 50 50 50 50 50 50 50 50 50 50 50 50 50 50 50 50 32 12 51 51 51 1 21 21 21 21 21 45 45 45 49 14 14 20 20 54 14 67 67 9 9 26 9 26 26 26 26 26 26 36 23 36 36 36 36 85 36 36 
57 54 57 57 57 57 57 57 57 41 57 57 57 57 57 36 57 57 57 22 13 13 21 21 45 49 64 64 64 50 50 50 87 87 79 79 8 50 79 50 50 50 50 50 8 8 8 64 64 66 66 66 51 51 51 51 45 45 45 45 45 45 45 45 13 49 49 49 19 62 26 57 57 26 26 57 57 57 57 2 62 57 26 57 57 
75 23 23 36 36 26 36 26 26 57 47 75 75 36 36 41 41 41 75 47 41 15 41 23 22 31 13 77 77 77 77 66 66 64 64 64 64 50 90 90 90 90 90 90 90 88 90 90 88 90 90 88 90 90 79 63 63 64 52 52 64 52 52 51 51 51 51 51 51 77 77 77 77 77 77 77 77 77 24 80 49 20 20 67 67 67 20 67 67 9 67 67 67 67 67 19 9 67 67 26 9 67 19 19 62 26 47 19 47 26 47 
36 36 36 36 36 36 36 36 36 36 36 36 36 36 36 71 54 71 54 36 36 15 65 65 15 65 15 41 41 36 41 15 15 41 75 22 31 13 44 44 39 44 44 44 44 44 44 44 44 44 80 80 80 80 32 32 35 30 30 30 30 30 30 30 30 30 30 30 30 30 30 30 30 30 30 30 64 32 51 51 51 66 66 51 51 51 39 17 17 17 17 17 17 17 17 24 24 66 84 24 49 49 14 20 38 38 38 38 9 9 9 9 9 9 26 19 47 42 36 36 36 36 36 36 36 36 36 36 36 36 
36 36 36 36 74 36 36 36 74 36 36 36 36 36 36 47 26 22 22 22 13 83 83 83 83 83 83 77 32 32 8 8 8 8 8 8 50 50 50 50 50 50 50 50 90 50 50 50 50 50 50 50 8 8 8 64 52 52 80 39 39 83 82 82 49 49 14 26 61 61 26 36 36 36 74 74 36 36 36 36 71 36 36 36 36 36 74 74 36 74 
41 41 41 41 41 41 41 41 41 41 41 41 41 41 42 42 42 62 26 75 22 13 21 21 39 39 39 80 80 52 30 70 6 6 6 6 90 90 6 6 6 6 6 6 6 6 6 6 70 90 90 90 12 12 12 12 12 12 1 1 80 21 21 39 45 45 45 45 45 50 66 49 49 14 54 9 67 9 9 62 62 42 42 42 42 42 42 42 42 42 42 42 42 42 42 19 42 42 42 31 31 19 
74 26 26 71 74 75 75 74 36 36 36 36 36 36 26 14 26 36 42 74 26 22 31 21 21 77 21 80 64 64 8 8 8 8 8 8 8 8 8 8 30 8 8 8 8 8 8 8 8 8 52 52 52 52 66 66 66 82 82 82 82 82 82 49 7 7 9 38 61 61 61 61 26 61 19 26 23 23 36 36 36 36 36 36 36 23 71 
74 74 74 74 74 74 74 74 74 74 74 74 74 74 74 74 74 74 74 74 2 27 57 57 57 71 74 61 54 2 57 26 26 26 26 67 14 82 17 83 83 83 83 83 83 45 8 8 8 8 8 8 8 8 8 8 8 8 8 8 8 8 8 8 8 8 8 8 64 64 64 64 64 80 80 45 83 83 83 82 24 24 24 14 61 61 61 61 61 61 61 61 61 61 61 74 26 23 23 61 23 23 74 74 74 57 23 23 
75 75 75 74 75 75 75 75 75 75 75 75 75 75 75 75 75 23 23 22 31 44 44 44 83 83 77 66 64 64 70 63 63 70 63 63 63 63 63 63 63 63 79 63 79 63 79 79 70 70 70 70 12 12 12 12 12 72 39 83 44 44 44 77 66 66 66 64 49 49 20 67 67 67 67 75 75 75 75 75 75 75 75 75 75 75 75 75 75 75 75 75 75 75 75 75 74 
85 85 85 85 85 85 85 85 85 85 85 75 85 47 26 19 47 26 47 22 31 44 44 44 64 64 32 32 32 32 32 32 50 32 32 32 32 32 32 32 32 32 32 64 51 51 51 51 51 51 51 51 44 44 44 44 44 44 44 82 49 7 20 54 67 54 67 67 67 67 9 9 9 26 9 26 47 47 85 85 36 36 85 36 85 85 36 85 85 85 
85 85 85 85 85 85 85 85 85 85 85 85 85 85 85 47 75 60 42 31 13 44 44 44 44 77 77 77 80 32 32 32 32 32 90 90 90 90 90 90 90 90 90 90 90 90 90 32 32 32 32 32 32 51 12 12 80 77 45 77 77 77 45 77 77 77 82 7 7 7 7 7 19 19 19 19 19 19 19 19 47 47 85 42 75 85 75 85 85 75 75 75 85 85 85 71 
57 74 74 2 2 2 2 23 2 2 2 2 74 47 47 74 23 47 26 47 85 75 2 47 47 2 74 47 74 47 2 2 2 23 75 60 2 22 31 13 13 44 44 77 77 8 8 8 8 33 33 33 33 33 33 33 33 33 33 33 33 78 78 78 78 78 70 90 63 52 52 52 52 52 52 59 59 51 66 66 44 44 44 44 44 44 44 44 24 7 14 14 14 67 67 67 67 67 67 67 67 67 67 67 67 67 67 67 9 9 9 19 14 9 9 9 19 14 62 61 61 9 
36 36 47 36 36 23 75 75 47 75 75 36 31 31 19 26 23 26 22 22 13 44 44 39 12 12 12 80 70 30 30 30 30 30 30 30 30 30 30 30 32 52 52 52 52 24 45 82 82 82 82 49 14 9 9 9 9 19 19 19 19 19 19 23 23 62 42 36 42 23 36 23 23 36 36 36 
74 74 74 74 19 31 19 74 74 61 74 74 74 74 74 74 74 75 2 23 31 86 77 21 21 77 24 80 64 64 64 64 63 63 63 63 63 63 63 63 63 63 63 63 63 63 63 63 63 63 63 63 64 64 64 52 52 64 52 66 66 24 24 24 82 21 45 45 45 45 45 7 7 7 67 38 67 20 20 67 67 67 67 61 61 61 74 74 74 74 74 74 74 74 71 71 74 
36 36 36 36 36 36 36 74 36 36 26 26 26 9 9 67 54 54 54 54 54 54 54 54 38 61 9 26 26 36 36 36 23 19 47 26 26 22 31 44 39 39 39 52 32 32 32 32 32 32 32 32 32 32 32 32 32 32 32 32 32 32 32 32 32 30 30 80 24 24 24 24 24 24 24 49 49 20 20 20 7 38 38 9 14 31 7 19 31 31 31 31 31 31 31 31 31 31 19 19 31 19 19 19 19 19 19 31 
23 62 62 62 23 23 75 23 23 42 42 75 75 75 41 75 23 23 23 23 23 13 13 24 80 77 77 77 49 66 52 64 63 87 87 87 87 87 87 87 87 87 87 87 87 87 87 87 87 87 87 87 87 87 87 52 52 52 52 52 12 12 12 12 52 45 45 45 45 45 45 49 49 49 49 49 14 67 67 2 74 67 67 23 23 61 26 23 23 23 23 23 23 23 23 23 23 
41 41 41 41 60 60 41 60 60 60 60 60 60 60 2 2 2 2 2 22 31 13 86 86 45 45 66 66 50 79 79 79 79 79 79 79 79 79 79 79 79 79 79 79 79 79 79 79 40 28 83 52 52 52 52 82 45 45 45 82 82 82 49 14 54 54 67 61 61 67 61 67 61 26 19 19 19 19 23 23 23 23 23 23 23 23 23 23 42 23 
42 42 42 42 42 42 75 42 42 42 42 42 42 42 42 42 42 42 62 22 22 83 39 40 39 80 80 80 52 87 87 87 87 87 87 87 87 87 87 87 87 87 87 87 52 1 1 1 1 1 1 1 24 45 83 83 82 82 82 82 82 49 49 14 9 62 62 9 62 62 62 62 62 62 62 42 42 62 62 62 62 62 23 
41 41 41 41 41 41 41 41 41 41 41 41 41 41 41 41 62 9 42 42 42 27 27 22 22 13 44 44 44 44 77 64 80 32 64 90 87 90 70 37 37 37 37 37 37 37 37 37 37 37 37 37 37 37 37 37 1 1 1 1 1 1 24 44 44 44 44 44 24 24 80 49 49 14 9 9 9 9 9 62 62 62 42 42 42 42 42 41 42 42 27 42 42 42 42 42 42 42 42 42 41 
74 47 47 47 47 71 57 47 47 75 75 47 47 47 74 47 47 61 19 47 47 27 27 57 74 74 60 60 60 74 2 2 74 22 31 44 44 45 66 53 66 66 64 63 64 63 63 63 63 63 63 63 63 63 63 63 63 63 63 63 63 64 64 64 64 64 64 51 51 51 51 39 39 39 39 39 45 39 24 24 24 24 24 24 7 20 38 20 38 54 20 54 61 61 61 14 14 14 61 47 47 47 47 61 71 71 47 
42 41 41 41 41 41 41 42 75 75 75 41 75 41 41 42 41 75 42 31 13 13 21 21 21 80 80 80 90 90 90 87 63 63 63 63 63 63 63 90 50 50 50 50 50 50 50 50 32 64 52 52 52 52 66 1 1 39 39 45 24 45 82 49 49 49 19 19 19 19 19 19 19 19 19 26 62 62 19 19 19 26 19 19 26 26 19 47 19 19 
67 67 67 23 67 47 23 23 23 23 74 75 23 74 23 74 75 74 23 22 22 13 77 77 77 77 77 45 80 64 64 63 63 79 79 79 79 79 79 79 79 79 79 8 63 63 63 63 63 63 63 63 63 52 52 52 80 80 80 45 80 24 49 49 49 14 61 61 74 23 47 74 74 74 23 23 23 23 74 23 23 74 23 23 23 23 75 23 74 23 
41 42 36 36 36 36 36 23 75 42 41 2 36 41 36 41 57 36 41 41 41 56 85 36 36 36 9 9 9 9 41 41 9 9 26 19 26 26 26 14 14 22 22 31 77 77 77 77 77 77 30 32 32 90 90 6 6 35 35 6 6 6 6 6 6 90 90 37 37 35 35 80 80 51 51 51 51 66 66 51 43 77 77 77 77 13 77 82 82 49 49 49 31 49 14 14 14 14 9 14 14 14 14 14 14 14 14 14 14 14 14 14 14 14 14 
74 75 74 74 74 74 2 74 74 74 74 74 74 2 27 2 26 22 26 22 22 13 44 82 77 64 64 64 63 63 79 79 79 79 79 79 79 79 79 79 79 63 52 52 52 51 51 51 51 84 45 45 82 82 82 82 52 52 20 54 20 20 20 20 20 20 20 67 67 67 74 23 74 74 74 74 74 74 74 74 74 74 2 23 74 74 23 47 
47 47 47 47 47 47 47 47 47 47 47 47 47 47 47 75 47 47 47 19 62 27 27 62 15 27 15 15 42 67 67 47 19 36 75 23 47 22 22 31 13 44 39 12 12 12 34 70 70 70 70 70 70 70 70 70 70 70 70 70 70 70 70 52 52 12 40 39 17 17 17 17 17 82 82 7 7 14 19 14 19 19 19 19 19 19 19 19 19 62 19 19 19 23 23 47 47 47 47 
75 75 75 75 75 85 85 75 23 75 85 75 67 61 47 75 2 75 75 75 41 15 27 15 42 19 62 2 75 75 85 85 22 13 44 44 44 44 44 44 44 44 44 24 80 64 64 64 63 63 63 63 63 63 63 63 63 63 63 63 63 63 63 63 63 63 64 64 64 52 51 51 51 51 51 51 25 25 17 17 17 17 17 82 82 7 20 20 54 54 54 20 20 20 38 14 14 19 19 19 19 19 19 19 23 62 19 19 19 19 19 19 62 19 19 19 23 
57 85 57 57 57 57 85 85 57 57 57 57 57 62 62 62 9 9 9 9 27 65 15 65 27 54 20 9 9 85 57 57 57 22 21 21 21 21 21 21 21 21 21 21 21 21 21 45 64 64 64 64 63 63 63 63 63 63 63 63 90 63 63 52 64 63 66 66 66 66 66 66 66 66 66 66 66 43 21 13 21 21 21 21 17 45 45 52 24 24 24 7 7 7 7 20 20 20 38 20 38 38 20 14 9 9 9 9 9 26 26 57 57 57 57 57 57 57 85 85 57 57 
85 85 85 85 85 85 47 85 85 85 85 85 85 85 85 85 85 67 9 36 75 27 65 65 41 15 15 61 71 71 71 61 61 22 14 31 44 44 44 44 44 77 77 64 64 63 63 90 90 63 63 63 50 8 63 63 63 63 63 63 63 63 50 63 64 64 64 70 12 12 12 12 51 51 51 51 12 72 21 21 21 21 21 21 21 21 21 21 24 20 20 20 20 20 20 20 20 20 38 38 9 19 42 62 19 47 47 85 85 47 85 85 36 41 75 85 75 85 41 36 85 85 
41 42 41 41 41 41 41 36 42 41 36 41 41 41 36 42 42 42 42 22 31 24 39 39 39 39 39 37 12 64 64 30 30 30 30 30 30 30 30 30 30 30 30 30 30 30 30 30 52 52 1 1 1 1 24 45 13 13 13 13 13 49 49 49 14 9 62 62 42 26 19 42 9 42 42 42 42 42 42 42 42 42 42 42 42 
42 62 42 42 42 41 41 41 41 41 41 41 41 41 41 57 57 57 57 22 66 13 21 13 77 77 77 66 66 64 8 87 87 87 87 87 87 87 87 87 87 87 87 87 87 87 87 87 87 87 20 52 52 52 51 51 51 51 66 13 13 13 45 45 49 49 49 49 49 49 14 9 9 9 9 26 62 62 31 62 31 62 62 31 31 31 31 31 
57 57 57 57 2 26 57 2 74 57 2 75 2 2 23 2 2 23 22 22 31 44 44 44 44 44 44 44 70 52 52 63 63 79 87 87 79 79 79 79 79 79 79 79 79 79 79 79 79 79 52 52 52 70 51 51 44 44 44 82 24 24 20 20 20 20 20 54 20 20 20 20 9 14 62 62 62 62 23 26 62 62 62 62 23 19 19 23 62 19 62 62 19 19 23 62 62 62 31 31 62 62 62 19 19 56 56 22 22 19 62 19 19 62 19 19 19 62 62 19 19 19 19 62 62 62 19 19 19 62 19 62 62 62 19 19 
42 42 26 36 26 26 26 26 26 26 9 62 42 42 42 42 42 41 41 42 31 13 24 24 45 8 8 32 32 30 30 30 35 35 35 35 50 35 35 35 35 35 35 35 30 35 30 30 30 30 30 30 30 30 80 80 24 24 24 24 24 24 24 24 24 49 49 14 26 26 26 57 26 26 26 26 26 26 26 57 57 26 57 36 26 26 26 36 36 42 36 36 42 42 
42 41 41 41 41 41 41 75 57 41 41 41 41 41 41 41 41 41 36 42 31 13 77 77 77 77 77 80 80 80 52 80 35 35 35 35 35 35 35 35 87 87 87 87 87 87 87 87 87 87 87 87 87 87 52 52 52 1 1 12 51 51 51 51 51 45 44 44 17 17 17 17 82 82 82 49 49 14 26 42 42 42 42 42 42 42 42 42 42 42 42 42 42 42 42 42 42 42 42 42 19 
57 57 57 57 57 57 57 57 57 57 57 57 57 47 57 57 57 2 27 57 15 5 58 13 17 17 17 17 77 66 66 64 64 79 79 79 35 87 87 87 87 87 35 35 35 35 52 1 84 1 1 24 45 21 21 45 82 82 82 49 49 49 31 19 26 57 62 57 67 67 57 57 74 57 57 57 57 26 26 9 26 26 26 
85 85 85 85 85 47 85 85 85 85 85 85 85 85 85 71 85 85 85 85 71 60 60 27 65 62 22 22 31 86 77 77 77 45 66 32 32 32 50 50 50 90 90 50 50 50 50 50 50 50 50 50 32 32 32 51 51 51 51 51 51 51 12 59 77 77 77 77 77 77 77 77 77 77 82 82 7 20 54 54 20 54 54 20 20 38 54 61 61 61 61 71 47 47 9 47 61 47 47 47 71 71 47 
9 62 9 26 26 9 62 9 62 9 9 9 9 9 9 9 9 9 9 9 9 41 60 71 31 19 47 23 22 13 21 21 21 21 21 80 64 52 70 90 90 90 90 90 90 90 90 90 90 90 90 90 90 90 90 90 90 90 90 37 37 72 72 12 12 12 51 51 1 39 17 17 17 45 82 82 7 7 14 20 20 20 14 20 7 7 14 14 14 14 14 14 14 19 19 14 19 19 19 19 19 19 62 62 23 42 62 62 19 62 62 19 62 19 9 62 62 47 62 9 62 62 42 15 15 47 62 62 19 2 2 62 62 62 19 19 19 19 9 62 62 9 9 9 9 14 19 9 9 9 9 9 9 9 
