16 24 24 24 24 24 30 24 58 58 16 50 50 13 16 16 16 16 16 30 34 20 20 43 49 69 69 69 14 14 48 48 59 59 56 56 56 52 52 52 52 52 52 52 52 52 52 52 52 35 33 12 12 18 18 18 63 63 63 63 63 63 34 34 34 34 30 43 24 24 43 30 24 24 24 58 58 24 24 24 24 24 30 
24 24 24 30 24 24 24 24 24 24 24 24 24 30 24 30 24 24 24 24 50 50 30 24 30 13 24 24 24 24 19 24 30 24 17 2 25 8 8 8 69 69 69 14 14 48 59 38 38 38 38 23 37 37 37 26 26 26 52 52 52 42 42 42 42 40 40 40 40 40 40 40 40 40 40 40 40 40 40 40 40 40 40 40 40 40 40 40 12 12 61 70 18 18 63 63 63 63 63 63 63 63 63 63 63 1 63 1 30 30 30 30 30 30 30 30 30 24 30 30 
16 16 16 16 16 16 16 16 16 16 16 16 16 16 16 16 16 65 57 57 65 16 5 17 17 17 17 17 14 14 48 48 48 4 4 4 4 4 4 4 37 37 37 52 52 52 52 52 52 36 52 36 21 21 21 21 21 21 21 21 21 39 39 39 39 39 39 12 12 12 61 18 18 18 18 63 63 63 63 63 50 50 50 63 1 1 65 65 16 58 58 16 16 16 16 16 16 16 16 
24 24 65 24 24 65 65 24 24 62 65 58 65 16 65 65 24 24 1 24 30 58 58 24 34 22 2 5 50 50 15 15 15 15 50 50 63 15 50 34 50 30 65 65 16 58 16 58 34 27 49 49 49 69 69 69 69 69 69 69 69 69 14 48 59 59 4 4 37 37 37 26 26 26 26 26 26 26 26 26 26 35 35 35 35 35 35 35 35 39 39 39 39 39 18 12 12 12 21 18 18 63 63 63 63 34 34 34 1 43 43 43 34 43 43 34 43 43 43 43 43 43 43 43 43 43 43 43 30 
34 13 30 65 13 13 13 30 65 13 13 30 13 13 13 50 30 13 13 13 13 65 58 65 62 65 65 43 27 27 6 49 49 69 69 69 69 8 8 8 69 69 14 48 48 59 59 59 59 59 59 59 59 31 37 45 45 55 55 55 55 55 55 55 33 67 67 67 67 67 67 67 67 35 35 39 39 12 12 12 12 21 21 18 18 15 50 65 50 50 50 30 30 30 30 65 30 30 65 65 65 1 65 13 13 65 13 65 65 65 65 13 
13 65 65 13 13 13 65 65 13 13 13 13 13 65 13 65 50 50 13 13 58 19 65 13 65 65 24 43 27 70 9 49 49 69 69 25 25 25 25 8 8 14 48 48 48 4 4 59 59 59 59 37 56 40 21 55 55 55 55 55 55 55 55 55 55 55 55 55 55 21 39 39 39 39 12 12 21 18 47 18 18 63 63 63 63 63 63 63 63 63 30 30 24 65 65 65 13 30 13 13 65 65 65 
13 13 13 13 13 13 13 13 13 13 13 13 13 13 13 13 13 13 13 13 43 27 27 49 69 69 69 8 8 8 8 69 14 14 48 48 59 59 59 59 59 59 59 59 38 68 23 26 26 42 42 42 42 42 42 42 42 42 42 42 42 42 40 32 40 42 40 44 42 64 64 64 11 11 11 12 12 12 12 12 12 18 18 18 63 63 63 63 63 63 63 63 63 63 63 30 63 30 30 30 30 30 30 30 30 30 30 30 30 30 30 
62 62 13 62 13 62 62 62 62 62 62 62 62 62 62 62 62 62 62 62 62 65 58 19 62 5 65 62 5 5 5 13 13 13 62 62 62 5 5 65 27 9 6 49 49 49 69 69 69 8 8 69 14 14 48 4 4 59 4 38 38 38 68 68 37 37 26 26 26 26 26 55 55 26 26 26 26 26 26 26 26 26 67 67 67 67 67 67 67 67 67 67 67 67 12 12 12 12 12 12 12 12 21 29 18 18 18 63 63 63 63 63 63 63 63 34 34 30 30 30 30 30 24 30 30 24 30 24 24 24 24 62 62 62 
13 13 13 13 13 13 65 13 13 65 65 13 13 13 13 13 13 13 65 43 27 49 49 49 49 49 69 69 69 69 69 69 69 69 69 69 14 14 48 59 59 59 59 38 38 68 68 68 26 26 26 26 26 26 26 26 67 67 67 67 67 67 67 51 51 51 51 51 51 39 39 39 21 21 21 18 18 63 63 63 63 63 63 63 63 63 63 30 13 13 13 13 13 13 13 65 65 13 13 65 65 65 13 
62 24 65 62 62 62 62 62 62 24 24 24 1 1 1 1 1 30 63 1 2 2 65 24 1 58 1 1 1 1 1 62 62 62 62 62 62 62 62 1 65 5 58 30 43 27 27 49 49 49 8 8 8 8 8 14 14 48 59 59 59 59 59 59 59 59 68 37 26 26 26 26 26 26 26 26 26 26 26 26 26 26 67 35 67 35 35 35 35 39 39 39 39 39 39 39 39 39 39 39 39 12 18 18 18 18 63 63 15 15 15 15 63 63 63 63 63 1 63 1 30 24 24 1 43 30 30 43 1 1 34 43 30 
30 30 63 63 63 30 30 13 13 13 13 13 13 13 13 13 13 30 57 57 30 27 6 6 6 6 49 49 69 69 69 25 25 25 25 69 14 48 48 59 4 4 59 38 68 37 37 33 33 33 33 33 33 33 33 33 33 21 21 21 21 21 21 21 21 21 21 21 39 21 21 21 18 34 17 24 30 30 19 17 30 30 30 30 30 30 30 13 30 13 13 13 13 13 13 13 30 13 13 30 13 30 30 30 30 30 30 30 13 30 
16 16 13 16 16 16 16 13 13 16 16 16 16 16 16 16 16 16 50 50 15 15 63 57 50 57 57 57 57 57 57 24 24 16 65 24 30 30 24 22 27 27 27 27 49 49 49 49 49 49 49 49 14 14 48 48 48 46 46 46 46 46 37 37 33 33 33 33 33 33 33 33 33 33 33 53 53 53 53 33 33 21 21 64 64 64 61 70 70 7 18 18 18 15 15 63 63 30 30 30 30 30 30 30 30 30 30 30 30 30 30 30 65 16 16 16 16 16 13 
16 13 13 13 62 62 62 16 16 24 13 24 16 24 13 13 13 65 24 24 30 24 5 57 57 24 24 16 13 13 16 1 30 57 58 58 6 6 6 49 49 69 69 69 69 8 69 69 14 48 59 59 59 4 4 56 56 56 56 52 52 52 52 52 52 52 52 52 52 52 40 40 40 40 40 66 66 39 39 39 39 39 39 39 39 39 12 12 12 12 18 18 18 30 30 34 34 30 1 43 43 24 24 24 13 24 24 24 13 16 62 16 13 16 16 13 16 16 13 
16 13 13 13 16 13 16 16 13 13 13 16 13 13 13 62 62 13 13 13 62 5 58 13 13 13 13 13 13 13 30 30 30 34 43 27 49 49 49 49 49 49 49 49 48 48 48 48 4 4 4 37 37 23 45 45 45 42 45 42 42 42 42 42 42 42 42 42 42 42 42 64 64 64 64 29 12 12 29 12 12 39 39 39 15 57 19 1 63 63 63 57 57 30 30 13 13 13 13 13 13 62 13 13 16 13 13 13 13 13 16 62 16 62 13 13 13 
13 13 13 13 13 13 13 5 13 13 13 62 13 13 30 19 19 25 25 25 25 25 25 25 25 25 25 14 48 48 59 59 37 37 35 26 26 42 42 42 42 42 36 42 42 42 42 42 42 42 66 66 66 42 21 39 12 21 21 12 12 12 70 18 18 18 15 18 15 15 15 15 15 15 18 18 18 34 34 30 34 34 34 30 43 30 30 30 30 30 30 30 
13 13 24 24 24 24 24 24 24 16 16 24 16 16 13 13 24 65 58 5 17 25 25 8 8 8 69 14 48 7 7 7 23 23 23 23 23 23 52 52 55 55 55 55 55 55 26 26 26 42 42 42 42 42 42 42 66 66 1 18 12 12 18 18 18 63 63 63 63 30 30 30 30 30 30 30 24 30 30 30 30 24 58 58 24 24 24 24 24 24 24 13 
30 30 34 30 30 30 30 30 30 30 30 57 57 57 30 30 30 30 30 30 50 58 13 16 30 30 30 63 63 30 30 30 65 65 63 32 49 25 25 25 8 8 8 14 48 48 59 59 38 38 37 37 26 26 55 55 26 26 26 42 42 42 42 42 42 21 21 21 21 21 60 70 18 18 15 63 63 63 63 63 63 30 30 34 34 43 43 43 24 24 43 30 30 13 24 30 30 30 
13 16 62 13 16 13 13 13 13 16 16 13 13 13 13 13 62 13 13 13 13 13 13 13 13 13 13 13 24 62 1 1 22 43 27 27 49 49 49 69 25 25 25 2 2 14 48 48 48 4 4 4 4 37 37 37 37 37 40 45 45 45 64 36 36 36 36 36 52 52 52 52 52 52 52 52 52 52 52 52 33 33 33 64 12 61 61 61 18 18 18 34 15 63 63 63 57 30 30 30 30 30 13 30 13 30 13 13 13 13 13 13 13 13 13 13 
62 13 13 13 13 13 13 13 13 13 13 13 13 65 13 30 57 1 1 43 22 17 69 69 69 69 14 14 48 48 59 59 59 59 59 4 38 37 37 37 33 33 33 33 33 33 33 33 33 33 33 33 44 44 44 44 44 44 29 60 60 18 15 63 63 63 63 63 63 63 63 63 63 34 30 30 30 30 24 13 13 13 13 13 62 13 13 13 13 
24 24 16 16 16 22 24 24 24 16 16 24 16 58 16 24 24 16 16 24 50 50 24 13 62 16 16 16 22 16 16 16 16 16 16 58 16 16 16 24 65 43 27 49 49 69 8 8 8 8 8 8 8 14 46 38 38 38 38 38 38 38 68 37 23 35 52 52 26 26 26 26 35 35 35 35 35 35 35 35 35 35 35 35 21 21 21 21 21 21 21 21 21 21 29 29 18 18 63 63 63 63 63 1 30 30 34 34 34 43 30 24 43 24 43 24 43 24 24 24 43 24 24 24 24 
16 16 16 16 16 24 16 16 65 16 16 16 16 16 16 16 13 16 16 16 16 19 19 19 5 5 62 62 16 16 22 16 19 5 5 5 19 58 57 57 16 16 16 16 1 57 57 57 57 34 34 34 1 1 1 24 62 17 17 25 25 25 25 2 14 48 38 38 38 38 38 38 38 38 23 23 23 23 23 45 45 45 45 45 52 52 52 52 42 42 42 42 42 42 42 42 42 42 45 45 45 45 45 61 21 70 18 18 15 15 34 15 34 15 15 20 20 20 20 34 34 43 43 43 43 43 43 43 43 43 43 43 43 43 30 
43 24 43 24 24 24 24 22 22 24 24 22 24 22 22 22 24 24 24 24 18 49 25 25 25 25 25 8 8 14 14 48 59 59 38 68 68 68 68 68 37 35 35 35 35 35 35 35 35 35 35 35 21 21 21 39 39 18 18 18 18 20 18 63 63 15 63 34 57 34 57 57 57 34 34 63 34 1 1 1 1 1 24 30 24 24 1 
65 65 65 65 62 65 65 65 62 62 62 65 30 24 24 24 65 65 24 24 65 19 5 13 50 50 58 30 24 62 24 43 49 49 7 49 49 69 69 69 69 8 8 8 8 8 14 48 59 68 68 68 68 68 42 26 55 55 55 55 55 55 55 55 55 55 26 35 35 35 35 35 35 39 39 39 39 39 28 28 12 18 18 18 15 50 50 50 50 50 50 50 50 1 1 1 34 1 1 1 1 1 1 1 1 24 1 1 24 24 30 
50 50 50 50 50 50 50 50 50 50 50 30 30 13 13 13 24 30 22 17 22 17 69 69 8 8 8 8 8 8 8 14 48 48 48 48 46 37 37 37 42 26 36 36 36 36 36 36 36 36 36 36 36 42 40 40 40 40 40 40 40 40 12 12 12 29 12 29 40 18 18 23 38 18 63 63 63 63 63 63 63 63 63 50 63 63 30 30 30 30 63 63 30 63 63 63 63 30 13 
5 5 5 5 5 5 5 5 5 5 5 5 5 5 16 16 22 24 1 24 5 17 2 69 69 69 69 8 8 8 8 14 14 48 59 59 59 59 59 59 59 59 37 23 42 45 55 55 55 36 36 36 36 42 35 35 35 35 35 39 39 39 39 39 39 39 39 12 12 12 29 18 20 18 18 15 15 57 50 15 15 15 15 15 15 15 15 15 15 15 15 15 15 15 15 15 15 20 15 15 15 
13 13 13 13 13 13 24 13 13 13 13 16 13 24 13 13 13 13 13 13 13 13 34 20 27 70 27 49 49 69 69 8 8 8 8 8 8 14 14 48 59 59 38 38 37 37 37 37 52 52 52 52 52 52 52 52 52 33 33 33 52 21 21 21 10 56 56 56 56 56 56 23 40 40 40 39 15 15 15 63 63 63 30 30 30 30 24 30 24 30 30 30 30 30 30 24 30 13 30 30 30 30 13 
13 13 62 62 62 62 62 62 13 62 62 62 13 62 62 62 13 62 62 62 30 20 49 49 69 69 69 69 8 8 69 14 48 59 59 38 38 38 68 68 68 26 26 26 26 26 26 42 42 42 42 42 42 67 67 67 67 67 67 67 67 33 12 29 29 18 18 63 63 63 63 63 63 63 63 63 63 63 34 30 24 24 24 30 30 30 30 30 24 30 24 24 30 
13 13 13 13 13 16 16 16 16 13 16 16 13 13 13 30 13 30 65 65 62 17 17 17 2 2 2 2 2 2 19 14 48 4 4 4 4 37 37 37 37 37 37 26 26 55 55 55 55 55 36 55 55 21 21 21 21 21 21 21 21 21 21 21 18 21 18 18 18 18 63 15 63 63 63 63 63 63 34 34 34 34 30 30 30 30 30 30 43 30 24 16 16 
24 24 24 24 1 1 30 30 30 30 24 24 24 24 62 62 62 22 62 24 22 69 25 25 25 25 25 25 14 48 48 59 38 38 38 38 38 38 38 37 37 26 26 26 42 42 42 42 42 42 42 42 42 42 42 42 35 35 39 39 39 45 61 61 29 18 18 18 63 63 63 63 63 57 57 30 30 1 24 30 30 43 24 24 24 24 24 24 24 24 24 22 24 24 
16 16 13 62 62 62 13 13 13 16 13 62 13 13 62 13 43 27 27 20 43 69 69 8 8 8 8 8 14 14 48 48 59 59 59 59 46 37 37 42 42 42 42 42 42 42 42 42 42 42 42 66 66 66 66 66 66 66 66 66 66 66 12 12 12 12 12 18 15 15 15 15 63 15 15 15 15 15 15 15 63 63 63 63 34 30 30 30 30 30 34 34 34 34 30 63 34 34 34 
13 13 13 13 30 30 30 30 30 63 63 63 63 63 63 15 15 15 15 15 58 19 19 19 65 50 57 15 50 15 50 50 50 50 50 50 63 30 30 50 5 17 20 27 49 49 69 69 69 69 8 8 8 8 8 8 8 8 8 8 8 8 69 14 48 48 59 59 4 4 4 38 68 37 37 37 26 26 26 55 55 55 55 55 55 55 55 42 55 55 55 39 12 39 39 39 39 39 18 12 12 39 12 12 12 31 39 18 15 18 15 15 63 63 63 15 63 63 63 15 63 63 63 63 63 63 63 63 63 63 30 30 30 30 30 30 
30 30 30 30 30 30 30 30 30 30 30 30 13 13 13 13 24 63 15 34 43 17 69 69 69 69 69 69 25 25 8 8 8 69 14 14 48 48 59 4 4 4 41 41 42 36 36 36 36 36 36 36 36 36 36 36 36 36 36 36 36 36 42 42 42 42 42 42 42 64 64 64 64 64 45 45 45 45 45 45 12 12 12 39 39 39 39 39 39 39 15 15 15 15 63 63 63 63 63 63 30 63 30 30 30 30 30 30 13 13 13 30 13 13 13 13 13 13 13 30 13 13 13 13 13 13 13 13 13 13 24 13 13 13 13 13 13 13 50 50 13 13 13 13 13 13 13 13 13 13 13 13 13 13 30 30 13 13 13 13 13 13 13 13 13 30 13 13 
62 62 62 62 62 13 50 13 62 62 62 62 62 62 62 62 62 62 62 24 43 27 49 49 49 69 69 69 69 69 14 14 48 59 68 68 68 68 68 68 26 26 26 26 26 26 26 26 26 26 33 33 33 33 33 33 33 33 33 21 21 12 12 29 18 18 18 63 63 63 63 63 63 34 30 30 30 30 30 30 43 24 24 24 24 62 22 24 62 62 62 62 62 
43 43 43 65 1 1 65 65 65 65 65 65 65 65 65 65 65 65 65 65 5 17 2 2 2 2 2 2 2 2 2 2 14 48 48 4 38 38 4 4 4 38 68 23 23 35 52 21 21 52 35 35 35 35 52 35 35 35 39 39 39 51 39 39 39 39 39 39 12 12 12 18 18 16 30 1 1 43 43 43 43 43 43 43 43 43 43 43 43 43 43 43 43 43 43 43 43 43 43 43 43 43 43 43 
30 30 16 62 16 16 62 62 62 62 62 62 16 62 62 16 62 24 24 62 17 17 25 8 25 25 8 8 69 14 48 59 59 38 37 37 37 37 26 26 26 52 52 52 52 52 52 52 52 52 35 35 39 45 45 45 12 18 18 18 18 15 34 63 30 30 30 34 30 30 63 30 30 30 30 30 34 30 30 24 24 24 24 30 13 
62 62 62 62 62 62 62 62 62 62 62 62 62 62 62 62 24 22 22 22 17 17 2 2 2 2 2 2 2 14 48 48 53 53 4 38 38 38 38 37 37 37 37 33 33 33 33 33 33 33 33 33 33 33 33 67 67 67 67 67 67 67 67 67 39 54 39 12 12 18 18 12 18 18 18 18 18 18 63 63 30 63 63 30 50 63 50 50 50 50 50 34 30 34 34 30 50 1 34 30 30 1 
65 65 65 65 65 65 65 65 65 65 65 65 65 65 65 65 65 65 65 30 30 22 19 50 65 65 65 65 65 65 65 19 14 31 31 27 27 49 69 69 8 8 8 8 8 69 69 14 14 48 59 38 38 38 38 37 37 37 37 26 26 26 55 26 55 55 26 26 26 33 35 35 35 35 35 35 35 35 35 35 35 35 39 39 39 39 39 45 45 45 61 18 18 18 63 1 65 65 65 65 65 65 65 65 65 65 65 65 65 65 65 65 58 58 24 24 43 
13 13 13 13 13 30 13 13 13 13 13 13 65 30 30 13 30 30 50 63 50 50 50 50 15 15 15 63 63 63 63 1 30 30 30 30 43 27 27 27 49 49 49 49 49 69 69 69 14 14 48 48 48 59 37 37 33 33 36 36 36 36 36 36 36 36 36 36 36 36 36 36 36 42 64 64 12 12 12 12 18 18 18 18 18 15 63 63 30 30 30 13 13 13 13 13 65 65 13 13 13 13 13 13 13 13 13 13 
13 13 13 13 13 13 13 13 13 13 13 13 13 13 13 13 13 13 13 13 13 13 13 13 13 30 30 16 24 43 69 69 69 69 69 69 69 14 14 14 48 48 48 59 59 4 68 68 40 40 40 64 36 36 36 36 36 36 36 36 11 64 64 64 64 64 64 64 64 64 64 64 60 9 61 9 18 18 18 15 15 15 50 15 15 15 15 15 15 15 15 30 30 13 13 30 13 13 30 30 13 24 13 13 
62 5 62 62 62 5 62 62 5 62 62 62 62 62 5 5 5 5 5 24 24 17 69 69 69 69 8 8 8 8 69 14 48 59 59 38 38 38 68 68 68 68 37 37 42 42 42 42 42 42 42 42 42 42 42 42 42 66 66 66 66 66 39 39 39 39 39 39 39 29 29 29 29 29 29 29 29 29 29 29 29 18 18 18 18 63 63 63 57 24 57 57 57 57 57 57 57 57 57 57 57 57 57 57 57 30 30 57 34 34 34 34 
