53 71 71 71 78 71 71 71 78 78 53 73 73 2 53 53 53 53 53 71 75 7 75 16 70 19 8 58 58 58 80 60 60 65 25 25 76 76 76 76 76 76 76 76 39 39 52 66 66 66 66 66 50 47 7 33 33 26 26 26 26 26 26 15 9 9 69 9 9 71 9 71 71 71 71 78 78 71 71 71 71 71 71 
71 71 71 63 71 63 71 71 71 71 71 71 71 71 71 63 71 71 71 71 73 17 71 71 71 71 71 71 71 71 20 71 2 71 79 35 24 24 43 43 8 58 58 58 80 80 60 32 32 32 25 25 27 27 27 27 36 36 36 76 76 76 76 76 76 76 76 55 55 55 55 55 55 55 55 55 55 55 55 25 25 25 25 25 25 57 57 57 4 4 4 47 57 33 33 26 26 26 26 26 26 26 26 26 69 15 26 15 69 69 71 63 69 69 69 69 71 71 71 69 
53 53 53 44 53 53 44 53 53 53 53 44 44 53 53 53 53 31 18 18 18 44 44 79 79 79 79 79 79 80 80 60 60 60 60 60 60 60 60 60 32 27 27 39 39 39 39 39 39 48 39 39 39 39 39 39 39 39 40 40 40 40 40 40 40 40 40 40 40 40 4 40 47 7 33 33 26 26 26 26 26 26 26 26 15 15 31 53 53 78 78 53 78 53 53 53 53 53 53 
71 71 71 71 71 71 31 71 71 13 71 31 31 53 31 31 71 71 15 71 9 22 20 71 9 68 51 51 73 73 6 6 6 6 6 6 26 33 26 26 73 71 2 31 53 31 53 31 7 16 70 70 19 19 19 19 8 8 8 8 58 58 80 60 60 65 60 60 72 27 27 27 36 36 36 36 36 36 36 52 52 41 41 41 41 41 41 41 41 41 41 41 50 50 40 40 40 40 40 33 33 33 33 26 33 75 75 75 15 9 9 9 75 9 9 9 9 9 9 9 9 9 9 9 9 9 9 9 9 
73 2 2 2 2 2 2 2 2 2 2 2 2 2 2 73 2 2 2 63 63 31 29 2 13 31 31 42 3 16 16 70 19 19 19 62 62 62 62 62 62 58 58 80 60 65 65 65 65 65 65 65 65 34 27 27 52 52 52 52 52 52 52 52 66 66 23 23 23 23 23 23 23 41 41 50 50 40 45 45 45 39 40 47 33 33 73 2 73 73 73 69 69 2 2 2 71 2 2 2 31 15 2 2 2 2 2 2 2 2 31 2 
2 2 2 2 2 2 2 2 2 2 2 63 63 2 2 2 73 73 2 2 31 22 31 2 2 2 71 42 3 47 16 70 19 19 19 62 62 62 62 62 62 58 80 60 60 60 60 60 60 65 65 25 64 64 49 39 52 52 52 52 52 52 52 52 52 52 52 52 52 39 40 40 40 40 40 40 40 40 40 40 33 33 26 26 26 26 26 26 69 69 69 2 71 2 2 2 2 2 2 2 31 2 2 
2 63 63 63 63 63 63 63 63 63 63 63 63 63 63 63 63 63 63 2 42 16 16 70 8 8 8 8 43 43 62 58 58 58 80 60 60 60 60 60 60 65 65 65 65 32 27 27 36 36 36 36 36 36 36 36 36 36 36 36 36 36 49 49 49 49 49 49 48 54 54 50 54 54 54 50 50 50 50 59 40 40 40 33 33 33 33 33 33 69 69 69 69 69 69 69 69 69 69 69 69 69 69 69 69 69 69 71 69 69 69 
13 13 2 13 2 13 2 13 13 13 13 13 13 2 13 13 13 13 13 13 13 31 20 20 13 68 31 44 68 51 51 17 17 17 13 13 13 68 17 2 3 57 16 70 70 19 19 19 62 62 62 62 58 80 60 60 60 65 65 32 32 32 32 32 27 27 27 52 52 52 52 52 52 52 52 52 52 36 36 36 36 23 23 23 23 23 23 23 23 23 23 23 23 50 50 50 50 50 50 50 40 4 40 40 47 40 7 33 26 26 26 26 26 26 75 75 75 69 9 69 69 9 71 9 9 71 71 71 71 71 71 13 2 2 
63 2 2 2 2 2 2 2 2 2 2 2 2 2 2 2 2 2 2 42 16 70 70 70 70 19 19 19 19 19 62 62 8 62 62 62 58 80 60 60 60 65 65 65 65 32 32 27 27 27 36 36 36 52 52 52 23 23 23 41 23 23 23 23 23 23 23 23 40 40 40 40 39 39 40 40 33 26 26 26 33 26 26 26 26 26 69 2 2 2 2 2 2 2 2 2 2 2 2 2 2 2 2 
13 29 13 13 13 13 13 13 71 71 71 71 15 15 15 15 71 69 26 15 35 35 71 71 15 31 15 15 15 15 15 13 13 13 13 13 13 13 13 15 2 17 17 71 42 3 16 70 70 19 62 43 43 43 43 58 80 60 60 60 65 65 65 65 65 65 27 27 27 36 36 36 36 36 36 36 36 36 36 36 36 41 23 41 23 41 41 41 41 41 41 41 41 41 40 40 40 40 40 40 40 40 40 40 40 33 33 33 33 33 33 33 33 33 33 26 26 15 75 15 69 71 71 15 9 71 69 9 15 15 9 9 71 
69 69 69 69 69 69 69 69 2 2 2 2 2 2 63 63 2 69 18 26 73 16 30 30 30 16 70 70 19 19 19 62 62 62 62 58 58 80 60 60 60 5 65 32 32 27 27 12 66 66 66 66 66 66 66 66 66 39 39 39 39 39 39 39 40 40 40 40 40 40 40 40 40 9 79 29 69 69 20 79 69 69 69 69 63 2 2 2 2 2 2 2 63 63 2 2 2 2 2 2 2 69 69 2 69 69 69 2 2 2 
53 53 63 53 53 53 53 63 63 53 53 53 53 53 53 53 53 53 73 73 6 6 69 18 73 26 26 18 18 26 18 18 71 53 2 71 71 73 71 29 16 16 16 16 70 70 70 70 70 70 70 70 70 80 80 60 60 60 1 1 1 1 1 27 66 66 66 66 66 66 66 66 66 66 66 14 14 14 14 14 59 59 50 50 74 74 4 46 46 47 47 7 7 33 33 69 69 69 69 73 73 73 69 69 69 69 69 69 69 71 71 9 2 53 53 53 53 53 2 
63 63 63 63 53 63 13 53 53 71 63 63 53 71 63 63 63 71 71 71 63 29 51 18 18 71 71 53 63 63 53 15 18 73 78 20 16 11 16 70 70 19 19 62 62 62 62 58 80 60 60 60 60 72 72 72 72 27 27 76 66 66 39 39 39 76 76 76 76 76 76 76 56 56 56 56 56 40 40 40 40 40 40 40 50 50 45 50 38 38 40 40 33 69 69 75 9 69 9 9 9 9 71 53 63 71 63 71 63 53 13 63 63 63 53 63 53 53 63 
44 63 63 63 53 31 63 53 63 63 63 53 63 63 63 13 13 63 63 63 63 44 44 63 63 63 63 63 63 63 63 69 71 75 42 16 70 70 70 70 70 70 70 70 16 60 60 60 60 60 60 57 57 25 64 27 36 36 36 36 36 36 36 36 36 36 50 50 36 50 50 50 50 45 74 45 45 45 45 45 40 40 40 40 33 26 20 15 26 26 26 26 18 71 71 63 63 63 63 63 63 63 63 63 53 2 63 63 63 63 53 13 44 13 63 63 63 
63 63 63 63 63 63 17 17 17 63 63 44 63 63 63 20 20 35 24 24 24 24 24 24 24 24 24 58 80 60 60 60 25 27 27 36 36 36 36 36 36 48 48 36 36 36 76 36 36 67 67 67 67 67 39 40 40 39 40 40 50 46 46 47 34 33 33 33 33 33 33 33 33 33 33 33 33 33 33 69 69 69 69 9 9 9 69 69 69 69 69 69 
63 63 71 71 71 71 71 71 71 53 53 78 53 53 63 63 71 31 31 68 35 24 24 24 24 24 58 80 80 47 25 25 25 25 25 25 25 25 39 39 39 52 52 52 52 52 52 36 36 36 36 36 76 36 50 67 67 50 15 3 4 4 7 7 33 33 33 26 69 69 69 69 69 69 69 71 71 69 71 2 71 71 78 78 71 71 71 71 71 78 71 63 
69 69 69 9 69 69 69 69 71 71 69 26 26 26 69 69 71 69 71 71 73 22 17 53 71 71 71 69 33 69 73 2 2 2 33 16 19 8 24 24 24 24 43 58 80 60 60 65 65 65 32 27 27 52 52 52 52 36 36 36 36 36 36 36 36 39 39 39 39 39 11 46 47 40 33 33 26 26 26 75 33 69 69 9 9 9 9 9 9 71 9 69 2 2 71 71 71 69 
63 63 44 63 44 63 63 63 63 53 44 63 63 63 63 63 63 63 63 63 63 63 63 63 63 63 63 63 71 13 15 15 29 42 16 16 16 70 19 19 62 35 35 35 35 58 80 60 60 60 60 60 60 60 27 27 27 27 27 45 45 45 45 48 48 48 76 76 76 76 76 76 76 76 76 76 39 39 66 66 66 66 66 45 45 4 4 4 47 7 33 33 33 33 69 69 69 69 69 69 69 69 63 69 63 71 63 63 63 63 63 63 63 63 63 63 
13 63 63 63 63 63 63 63 63 2 63 63 63 31 2 69 18 15 15 9 78 79 8 19 8 58 58 80 80 60 5 5 65 65 65 65 32 27 27 27 66 66 66 66 66 59 59 59 59 59 59 59 59 59 59 59 59 59 38 38 38 7 33 26 26 26 33 33 33 33 69 69 69 75 69 71 69 69 71 63 63 63 63 63 13 2 2 63 63 
53 53 53 53 78 78 78 53 71 53 53 71 53 78 53 71 71 53 53 78 73 73 53 63 13 53 53 78 78 53 53 53 53 53 53 78 78 78 53 78 13 42 16 16 19 62 62 62 62 43 43 43 58 80 60 32 32 32 32 32 32 32 32 27 39 39 39 66 66 66 66 66 41 41 41 41 41 41 41 41 41 41 41 41 39 39 39 39 39 39 39 39 39 28 28 49 49 7 33 26 26 26 69 26 69 9 9 9 9 9 9 9 9 9 9 9 9 9 9 71 9 71 71 78 71 
53 53 53 53 53 53 53 53 31 53 53 53 53 53 53 53 63 53 53 53 53 22 35 20 68 68 53 13 53 53 78 53 68 68 44 22 22 31 18 18 53 53 53 53 15 26 26 26 26 26 75 75 15 15 15 71 13 10 10 24 24 24 24 58 80 60 32 32 32 32 32 32 32 32 32 32 25 25 25 39 39 39 39 39 39 39 36 39 36 76 36 36 36 36 36 36 36 36 36 36 36 45 4 4 4 47 47 7 33 26 75 33 33 33 33 7 7 7 7 75 75 9 9 9 9 9 9 9 9 9 9 9 9 9 69 
9 71 9 78 71 71 71 29 29 71 71 29 71 29 29 29 71 29 71 71 33 70 8 24 24 24 24 24 43 58 80 60 60 60 32 32 32 32 27 27 27 27 41 41 41 41 41 41 41 41 41 41 39 39 40 40 40 40 3 7 7 7 33 26 26 33 26 75 26 26 26 26 26 26 26 26 75 15 15 15 15 15 71 71 71 71 15 
31 31 31 2 13 31 31 31 13 13 13 31 2 78 53 71 31 31 71 78 31 22 17 2 6 6 78 71 71 13 71 42 70 70 57 16 70 19 8 8 8 8 43 43 43 58 80 60 65 32 32 32 32 27 27 41 52 52 52 52 52 52 52 52 52 52 52 41 36 41 41 41 50 50 50 50 50 50 46 46 40 46 47 7 33 6 6 73 26 73 6 6 73 26 15 15 75 15 15 15 15 15 15 15 15 71 15 15 71 71 71 
6 6 6 6 6 6 6 6 69 69 69 69 69 63 63 63 71 69 68 79 29 79 8 8 43 24 24 24 24 24 58 80 80 60 60 60 57 27 27 27 36 36 48 48 48 48 48 48 48 48 48 48 48 76 36 25 25 25 57 57 50 50 50 50 50 50 50 57 57 57 40 25 25 40 33 6 6 6 6 69 33 69 69 69 69 69 69 69 69 69 69 69 69 69 69 69 69 69 63 
44 44 44 44 44 44 44 44 44 44 44 44 44 68 78 78 78 71 71 71 68 79 8 8 8 8 8 43 43 43 43 58 80 60 60 65 65 65 65 60 65 65 27 27 36 52 52 52 52 48 48 48 48 36 41 41 36 41 41 41 41 41 41 40 50 40 40 40 40 40 40 40 7 40 33 33 33 6 6 6 6 6 6 6 33 6 33 33 6 33 33 33 6 6 33 33 33 7 33 33 33 
63 63 2 63 63 63 71 63 63 63 63 53 63 53 63 63 63 63 63 63 63 17 75 7 16 47 16 70 19 8 8 8 43 43 43 43 43 58 80 80 60 65 72 32 32 25 27 27 27 66 66 66 66 66 66 66 66 66 66 66 66 39 39 39 21 76 76 76 76 76 25 25 25 25 55 41 33 33 33 26 26 69 69 69 69 69 53 71 71 69 69 71 71 63 63 71 63 63 71 71 71 63 63 
63 63 13 13 13 13 63 63 2 13 13 13 63 13 13 13 2 13 13 63 69 16 16 19 19 19 8 8 43 43 58 58 60 65 65 65 65 65 72 27 27 27 27 36 36 36 36 36 36 36 36 36 36 50 50 50 50 59 23 50 50 59 40 45 28 40 33 33 26 33 26 26 69 26 26 26 26 75 75 71 71 71 71 2 69 63 71 71 71 63 71 71 2 
63 63 63 63 63 53 53 53 53 63 53 53 63 63 63 71 63 73 13 2 13 68 79 79 79 24 24 24 24 79 51 80 60 60 5 5 32 32 32 32 27 27 27 36 36 52 52 52 52 39 49 39 39 39 39 39 39 39 39 39 40 39 49 40 49 49 49 49 40 33 33 33 26 26 26 33 26 33 69 69 75 69 69 71 9 9 69 9 9 9 71 53 53 
71 71 71 71 15 71 71 71 71 71 71 71 71 13 13 13 13 78 13 71 20 19 35 24 24 24 24 62 58 80 60 60 65 65 65 65 65 65 32 27 27 27 36 36 36 36 36 36 76 36 36 76 36 36 36 36 41 41 50 50 50 50 4 4 28 3 33 33 33 33 33 26 26 26 26 69 71 15 71 71 9 9 9 71 71 71 71 71 71 71 71 29 71 71 
44 44 63 44 63 63 63 63 63 53 44 44 63 63 13 63 42 3 3 7 9 8 8 8 43 43 24 43 58 80 60 60 60 60 60 60 57 27 27 27 36 36 36 36 48 36 36 36 36 36 67 67 67 67 67 67 67 67 67 67 67 67 50 50 45 4 40 40 33 33 6 6 6 6 6 6 6 6 6 33 33 33 33 33 75 69 69 69 69 71 69 69 9 9 69 69 69 9 9 
63 63 63 2 69 2 73 69 69 26 69 26 26 26 26 6 6 6 6 6 31 22 35 22 31 73 26 26 73 6 6 6 6 6 6 6 69 69 69 73 68 79 42 16 70 70 19 19 62 62 62 62 62 62 62 62 62 62 62 62 62 62 58 58 80 60 60 60 5 5 65 65 32 32 27 27 36 36 52 52 52 52 52 52 52 52 52 52 52 52 52 40 40 40 40 40 40 40 40 40 40 40 40 40 40 40 40 33 33 33 33 33 33 33 33 33 33 33 33 33 33 69 26 33 69 69 69 69 69 69 69 69 69 69 69 69 
69 69 69 69 69 69 71 69 71 69 69 69 63 63 63 63 71 69 33 75 9 20 19 19 19 62 62 62 62 62 62 62 62 58 58 80 80 60 60 60 60 60 12 12 12 48 48 48 48 48 48 48 48 48 48 48 48 48 48 48 48 48 48 36 36 36 36 36 36 36 36 36 50 50 50 50 50 45 45 45 45 50 40 40 40 40 40 40 40 33 33 33 33 33 33 33 33 33 33 69 69 69 69 69 69 69 69 69 63 63 63 63 63 63 63 63 63 63 63 69 63 17 63 63 63 63 63 63 63 63 71 63 63 63 63 63 63 63 6 6 63 63 63 63 63 63 63 63 63 63 63 63 63 63 71 73 63 63 63 63 63 63 63 63 63 69 63 63 
13 13 13 13 13 63 69 2 13 13 13 2 13 13 13 13 13 13 13 71 42 16 70 70 70 8 8 8 8 8 58 80 80 65 32 32 32 32 32 27 27 27 36 36 36 36 36 36 66 66 66 66 66 66 66 66 66 66 59 59 50 50 50 38 40 33 33 26 26 26 26 69 26 75 69 69 69 69 69 9 9 71 71 71 71 13 29 29 13 13 13 13 13 
9 9 9 31 15 15 31 31 31 31 31 31 31 31 31 31 31 31 31 31 68 79 35 35 35 35 24 24 24 24 24 58 80 80 60 60 60 65 60 5 32 32 32 32 27 41 39 39 39 39 39 41 41 41 66 41 41 41 41 25 40 40 40 40 40 40 40 40 40 40 40 40 33 53 18 15 15 9 9 9 9 9 9 9 9 9 9 9 9 9 9 9 9 9 9 9 9 9 9 9 9 9 9 9 
69 69 53 44 53 53 13 13 53 13 53 13 44 13 13 53 13 71 71 13 20 35 8 8 62 62 62 43 58 80 60 60 60 32 32 32 27 27 27 36 36 76 76 76 76 76 76 76 76 39 41 41 41 50 40 50 40 40 40 40 33 33 75 69 69 69 69 69 69 69 69 69 69 69 69 71 9 69 71 71 71 71 71 71 63 
13 13 13 13 13 13 13 13 13 13 13 13 13 13 13 13 71 78 29 20 79 8 8 24 24 24 24 24 24 80 3 57 57 57 57 57 65 65 65 32 27 27 27 45 45 66 66 66 66 66 66 66 66 66 23 23 23 23 23 23 23 23 23 23 40 23 40 40 40 40 40 40 40 34 47 47 7 33 33 26 2 26 69 69 69 69 26 73 73 73 73 75 2 75 2 2 73 2 2 2 2 15 
31 31 2 31 31 31 31 2 31 31 2 31 31 31 31 31 31 31 31 69 71 68 68 17 2 31 2 31 31 31 31 22 20 34 34 16 16 70 8 8 8 43 43 43 43 8 58 58 80 80 60 32 32 32 32 32 32 27 27 66 52 52 52 52 52 52 66 66 66 66 66 41 41 41 41 41 41 41 41 41 41 41 41 39 40 40 40 39 4 4 4 46 47 7 26 15 31 2 31 31 2 2 31 31 31 2 31 31 31 31 31 31 31 31 71 71 9 
2 2 63 2 63 69 2 2 2 2 63 2 2 2 2 63 2 69 73 69 6 6 6 6 6 6 6 69 69 69 26 15 69 71 69 2 42 16 16 16 70 70 70 70 19 19 19 58 58 80 80 60 60 60 72 27 66 14 48 48 48 48 48 48 48 48 48 36 48 48 48 48 48 66 50 50 50 50 50 40 40 40 40 40 33 33 26 26 69 69 73 63 63 63 2 63 2 31 63 2 2 2 63 2 63 2 44 44 
63 63 63 63 63 63 63 63 63 63 63 63 63 63 63 63 63 63 63 63 63 17 17 63 63 69 71 78 78 16 19 19 19 8 19 62 58 58 80 80 80 60 60 60 65 65 32 32 27 57 45 48 48 48 48 48 48 48 48 48 59 74 74 74 74 74 74 74 74 74 74 74 54 11 11 11 47 7 33 33 6 6 6 6 6 6 6 6 6 69 6 69 69 2 63 69 63 69 69 69 63 71 63 63 
13 44 44 13 13 68 13 68 68 13 13 13 13 13 68 68 68 68 68 71 29 79 8 8 8 8 43 43 43 43 58 80 60 65 65 65 65 65 32 32 32 32 27 27 36 36 36 36 36 36 36 36 36 36 36 36 76 76 67 67 67 67 56 56 56 55 50 50 50 28 28 28 28 28 28 28 28 28 28 28 28 40 3 33 33 33 33 69 18 71 18 18 18 18 18 18 18 18 18 18 18 18 69 18 69 69 69 26 75 75 75 75 
