53 53 13 78 78 78 78 78 78 9 71 53 53 78 15 63 71 71 71 53 42 3 3 57 57 30 21 21 21 21 21 21 21 21 21 56 56 56 56 72 72 72 72 5 5 5 5 72 34 34 34 34 34 47 7 7 75 15 15 15 18 15 15 9 9 9 9 9 9 71 9 29 9 29 29 29 78 78 78 78 53 
78 78 68 78 78 78 78 78 78 53 78 78 78 78 78 68 29 78 78 78 42 3 34 34 34 49 49 49 49 55 55 67 67 67 67 67 67 67 67 49 67 67 67 55 67 67 55 67 21 49 49 30 1 57 25 34 34 34 34 34 34 34 34 7 7 7 75 15 71 71 71 71 31 31 53 78 78 78 78 78 78 78 78 78 78 78 78 53 
22 44 44 53 53 53 53 53 53 53 53 44 44 44 53 53 53 53 53 31 42 47 47 47 47 47 47 14 14 49 49 49 49 49 59 49 49 49 49 49 49 49 49 49 49 49 49 49 59 49 59 59 66 66 72 72 72 72 25 25 25 65 65 47 47 47 3 3 7 7 9 78 71 71 78 78 53 53 53 53 53 53 53 44 44 53 53 53 53 53 44 53 53 
13 29 29 29 29 29 29 29 29 29 78 29 29 29 29 78 29 29 29 29 29 68 79 79 79 68 78 53 2 13 13 71 3 64 64 64 64 64 64 64 64 64 64 72 1 12 12 12 67 67 55 55 55 55 55 55 55 55 55 55 55 55 55 67 67 67 72 72 72 72 72 5 5 7 25 47 47 47 7 9 47 47 7 75 75 69 75 75 15 15 15 15 29 71 29 29 29 29 29 29 29 29 29 29 29 29 29 29 
13 44 44 44 44 44 44 44 44 44 44 44 44 44 13 44 44 13 13 71 42 3 37 57 34 57 57 12 12 12 59 16 61 59 59 59 59 59 59 59 59 59 59 59 59 59 59 59 59 59 59 59 72 5 5 5 5 65 34 34 47 34 34 34 34 34 7 75 75 73 6 73 26 26 26 15 15 2 15 15 71 31 71 2 31 13 29 13 13 13 13 13 13 13 
73 73 2 31 31 31 31 31 31 68 31 31 31 31 31 31 31 31 31 42 3 3 34 34 34 7 1 30 30 59 49 49 77 77 77 77 77 77 77 59 59 77 59 59 59 59 14 30 1 1 5 5 5 5 5 65 3 3 3 3 3 3 3 3 3 7 7 75 75 15 31 2 31 31 31 31 31 2 31 78 78 31 31 31 31 
13 71 78 13 13 13 13 71 71 31 71 78 68 13 13 44 44 44 53 71 68 35 68 78 42 42 3 11 11 11 11 16 16 30 30 30 30 67 67 67 67 67 67 67 67 40 67 67 40 67 67 40 67 67 67 49 49 30 1 1 1 1 1 60 5 5 5 5 5 11 11 11 11 11 11 57 57 57 57 57 7 7 75 18 18 73 6 18 26 26 18 18 18 18 18 71 15 18 15 15 15 18 71 71 29 71 71 71 71 71 71 
13 13 13 13 13 13 13 13 13 13 13 13 13 13 13 2 73 2 63 13 68 35 35 35 79 24 35 68 68 13 68 79 79 68 13 42 42 46 46 46 25 46 46 46 46 46 46 46 46 25 57 57 61 61 61 61 61 61 12 12 12 12 12 12 12 12 12 12 12 12 12 12 12 12 12 12 1 61 5 5 5 16 16 5 5 5 25 4 4 4 4 4 4 4 4 34 57 57 57 47 7 7 75 33 26 26 26 26 26 26 15 26 15 15 29 15 71 29 13 13 13 13 13 13 13 13 13 13 13 13 
13 13 13 13 53 13 13 13 53 13 13 13 71 2 2 71 2 71 42 42 46 64 64 64 64 64 64 57 12 61 14 14 14 14 14 14 14 14 61 67 67 67 67 67 67 67 67 49 49 67 67 67 67 61 61 61 1 1 25 25 25 64 47 47 7 7 75 2 2 69 71 13 13 13 53 53 13 13 13 13 63 13 13 13 13 13 13 53 13 13 
68 68 68 68 68 68 68 68 68 68 68 68 68 68 29 29 29 29 13 13 42 3 37 37 34 34 34 57 55 1 55 55 55 55 56 56 56 56 56 55 56 56 55 55 55 55 55 55 55 72 72 72 72 72 72 72 72 72 65 65 25 34 34 34 34 57 57 57 57 67 30 7 7 75 73 26 18 15 15 15 29 29 29 29 29 29 29 29 29 29 29 29 29 29 29 29 29 29 29 29 29 9 
53 2 2 2 2 53 53 53 13 13 13 13 13 13 71 75 71 13 29 2 2 42 42 37 37 57 57 57 30 30 61 61 61 61 59 59 59 59 59 59 59 59 59 59 59 59 59 23 14 14 1 1 1 1 1 16 1 47 47 47 47 47 47 7 7 33 26 26 2 2 69 18 71 9 71 71 78 29 71 13 13 13 13 13 13 53 2 
53 31 53 53 53 2 31 31 31 53 53 53 53 53 53 53 53 31 31 53 31 20 31 73 31 63 17 2 6 31 31 71 9 15 75 18 75 7 4 4 64 64 64 64 64 34 14 14 14 14 14 14 14 14 14 14 14 14 14 14 14 14 14 14 14 14 14 14 14 14 14 30 1 1 57 57 64 64 64 47 47 7 7 75 69 73 73 73 73 73 73 69 69 2 2 2 71 71 78 71 71 71 2 2 2 31 31 71 
53 53 13 53 53 53 53 44 53 44 53 53 53 53 44 53 53 78 29 42 3 46 46 46 64 64 11 16 30 30 1 21 21 21 21 21 21 21 21 21 21 21 21 21 21 21 21 21 21 76 72 72 72 72 72 32 32 32 25 64 37 37 37 37 57 57 16 16 7 7 75 18 18 18 18 53 53 53 53 53 53 53 44 44 68 68 53 53 53 53 53 53 53 53 53 53 53 
13 13 13 13 13 13 44 44 44 13 13 13 13 13 71 9 71 71 71 42 3 46 46 37 57 30 61 61 12 12 12 12 12 12 12 12 12 55 12 12 12 30 12 30 5 5 5 5 5 5 5 5 46 46 46 46 46 46 47 47 7 33 6 6 18 26 26 26 26 26 26 26 26 2 15 15 63 71 63 63 13 13 13 13 13 13 13 13 13 13 
13 13 13 63 44 44 13 13 13 13 13 44 13 44 44 63 13 51 29 42 3 37 37 37 37 37 37 57 57 12 12 61 12 12 67 67 67 67 67 67 67 67 67 67 67 67 67 30 30 30 30 30 30 72 5 72 72 11 57 11 11 11 11 11 11 11 47 47 75 75 33 33 9 9 9 9 9 9 9 71 71 13 13 78 13 13 53 13 44 13 13 78 13 13 13 63 
31 53 53 78 78 53 78 78 78 78 78 78 71 71 71 53 78 71 31 71 44 44 78 71 71 78 71 53 53 71 78 78 78 78 13 44 78 78 42 3 46 46 46 46 11 14 61 14 61 61 67 67 49 49 49 49 49 49 48 48 48 48 48 48 48 49 49 67 30 1 1 1 1 1 1 60 1 5 60 42 46 46 46 46 46 46 46 46 7 7 75 75 18 18 18 18 18 18 18 18 18 18 18 18 18 26 18 26 15 18 15 15 75 26 15 15 9 75 15 71 73 15 
13 31 71 13 13 29 78 53 71 78 13 13 42 3 9 71 78 71 42 42 3 37 46 25 72 72 72 72 55 55 55 55 55 55 23 55 61 23 23 72 72 72 72 72 25 25 47 47 47 47 47 75 75 15 15 15 15 15 71 9 9 9 9 71 71 78 29 29 29 29 29 29 78 13 13 13 
53 53 53 53 69 38 9 53 53 69 53 53 53 53 53 53 44 53 78 20 42 16 11 37 37 11 57 57 1 1 30 30 21 21 21 21 21 21 21 21 21 21 21 21 21 21 21 21 21 21 21 1 1 1 1 1 1 1 1 1 1 1 25 47 47 47 3 3 47 47 47 7 7 33 18 26 18 6 33 18 18 18 18 69 69 18 63 63 53 53 63 53 53 63 63 63 63 
13 13 13 13 13 44 13 13 13 13 71 71 15 15 26 26 26 6 6 6 6 6 26 6 26 69 15 15 71 71 13 13 29 9 71 15 2 2 42 46 25 25 25 72 12 12 61 12 12 12 12 12 12 12 12 12 12 61 61 12 12 12 61 61 61 61 61 61 57 57 34 7 34 34 47 7 7 6 6 75 33 33 26 15 75 75 75 9 75 75 9 9 9 9 9 9 9 9 9 9 9 9 9 9 9 9 9 9 
78 15 9 15 18 29 53 53 78 68 68 68 53 53 68 68 78 78 78 78 42 3 3 57 57 57 11 46 16 16 1 30 1 77 77 77 77 77 77 77 77 77 77 77 77 77 77 77 77 77 77 77 77 77 77 77 1 1 1 72 72 72 72 72 72 34 34 57 3 3 3 7 7 7 7 9 9 18 18 31 53 18 18 53 9 18 18 9 29 29 78 29 78 78 29 53 53 
44 44 68 44 44 44 44 44 44 44 44 44 44 44 44 78 78 78 78 78 42 3 16 16 3 3 61 20 49 39 39 39 39 39 39 39 39 39 39 39 39 39 39 39 39 39 39 64 64 64 64 72 72 72 25 25 11 11 47 47 47 7 7 75 73 73 73 73 73 18 73 18 71 71 9 9 9 71 9 78 29 78 78 78 78 29 78 78 78 78 
29 29 29 29 78 29 78 29 78 68 29 68 78 29 29 20 78 29 15 15 42 46 25 25 64 72 72 1 1 56 56 56 56 56 56 56 56 56 56 56 56 56 56 56 25 25 25 65 65 65 65 65 25 47 64 64 47 47 47 47 47 7 7 75 15 15 15 15 15 15 15 15 15 15 29 29 29 29 29 29 78 78 29 
68 68 68 68 68 68 68 68 68 68 68 68 68 68 68 68 15 15 29 68 29 22 22 78 42 3 46 46 46 46 11 61 12 12 1 56 56 56 55 56 41 41 41 41 41 41 41 41 41 41 41 41 41 56 56 56 72 65 65 65 65 65 25 46 46 46 37 37 46 57 34 7 7 75 15 26 15 15 15 15 29 29 29 29 29 29 68 68 68 68 20 29 29 68 68 68 68 29 29 29 68 
53 71 71 71 53 63 53 71 71 53 53 71 78 53 63 63 71 69 71 71 31 20 22 31 53 53 51 51 51 53 78 44 53 42 42 46 37 57 16 70 16 16 14 49 14 49 49 49 49 49 49 49 49 49 49 49 49 49 49 49 49 30 30 30 30 30 1 5 5 5 5 25 34 34 34 34 34 34 34 34 34 34 34 34 33 33 69 73 69 73 6 73 69 69 69 75 18 75 71 71 71 71 71 69 63 63 53 
68 68 68 68 68 68 13 29 68 78 53 68 13 68 68 29 68 78 29 42 3 3 37 37 34 57 12 72 67 67 67 56 21 21 21 67 49 67 67 67 67 67 67 67 67 67 67 67 30 30 30 72 72 72 7 65 25 34 34 34 34 34 47 7 7 75 9 9 9 9 9 9 71 9 9 71 15 78 9 9 9 71 9 9 71 71 9 71 9 71 
18 18 18 53 18 53 53 53 53 78 53 53 78 53 53 53 53 53 71 42 42 3 11 11 11 11 11 57 57 30 1 49 49 77 77 77 77 77 77 77 77 77 77 77 77 21 21 21 21 21 21 21 21 1 1 72 72 25 57 57 57 57 7 7 7 75 69 73 53 78 53 53 53 53 78 78 53 53 53 71 53 53 53 53 53 53 53 78 53 78 
68 68 13 13 13 13 13 78 53 29 44 31 13 13 13 13 31 13 68 13 31 17 17 13 13 13 15 15 15 15 68 68 26 15 15 9 29 71 71 75 75 15 42 42 11 11 11 11 11 11 12 12 12 67 67 23 23 23 23 23 23 23 23 23 23 56 56 56 56 23 72 72 72 5 5 5 5 60 3 5 38 11 11 11 11 11 11 47 3 7 7 7 75 75 75 75 75 75 26 75 75 75 75 75 75 75 75 75 75 75 75 75 75 75 75 
44 53 44 53 53 53 44 44 53 53 63 53 53 78 20 78 71 71 71 42 42 3 47 47 11 11 16 49 49 49 49 39 39 39 39 39 39 39 39 49 49 49 49 1 1 5 5 5 5 5 57 47 47 47 47 47 7 1 1 73 73 73 26 26 26 26 26 26 18 18 53 53 53 53 53 53 53 53 53 53 53 53 78 78 53 53 78 71 
71 53 71 71 71 71 78 71 71 71 13 53 71 71 13 53 71 71 71 9 78 20 20 78 79 22 79 79 20 18 18 71 9 13 78 78 29 71 42 42 46 46 25 72 12 12 72 76 76 76 76 76 76 76 76 76 76 76 76 76 76 76 76 1 72 72 72 25 46 4 4 4 4 47 47 7 7 75 15 75 9 9 71 71 71 9 9 71 9 9 9 9 9 71 71 71 71 71 71 
53 53 53 44 53 44 13 53 78 53 44 53 69 69 71 53 78 44 44 44 68 35 20 79 29 9 78 78 31 13 44 53 42 3 46 46 46 46 46 46 46 46 46 37 1 1 30 30 21 30 21 21 21 21 21 21 21 21 21 21 21 21 21 21 21 21 1 30 1 1 5 5 5 5 5 5 57 34 34 4 4 4 37 47 47 7 33 6 73 73 6 6 33 33 33 75 75 9 9 9 9 71 9 9 71 71 9 9 9 9 9 9 9 71 9 9 29 
31 31 31 13 44 31 44 44 31 31 31 31 31 31 15 15 15 15 15 15 22 35 35 35 22 73 26 26 26 44 13 31 31 42 34 37 37 37 34 34 37 37 37 37 37 34 34 57 30 30 30 30 49 49 49 49 49 49 49 49 67 49 49 1 30 1 1 30 16 16 38 38 38 38 38 38 38 38 4 3 4 34 34 34 34 34 40 72 57 7 7 7 33 33 33 33 6 6 26 26 26 26 26 26 26 26 26 15 15 2 71 31 31 2 31 31 31 31 44 44 31 31 
13 63 44 13 13 13 71 13 13 13 44 63 63 13 63 13 13 26 26 13 44 22 35 24 68 79 79 71 63 63 63 69 69 71 75 42 46 46 46 46 37 11 11 30 12 49 49 67 67 67 49 49 49 49 49 49 49 49 49 49 49 49 67 49 30 30 30 30 5 5 5 5 5 5 5 5 5 27 37 37 37 37 37 37 37 37 37 37 47 7 6 6 6 6 6 6 6 6 26 26 26 15 68 15 71 71 71 13 13 13 13 13 13 44 13 13 13 44 68 13 63 13 
68 29 68 68 68 68 68 68 68 68 13 68 68 68 13 29 68 29 29 42 42 46 25 25 25 25 25 72 72 30 30 12 12 23 66 23 66 66 66 66 66 66 66 66 66 66 72 72 72 72 72 65 65 72 25 34 47 3 3 3 3 3 7 75 75 15 15 29 29 29 29 29 15 29 29 29 29 29 29 29 29 29 29 29 29 
29 29 29 68 68 68 68 68 68 68 68 68 68 68 68 31 31 31 31 73 42 3 37 57 57 11 57 57 57 61 61 23 77 77 77 77 77 77 77 77 77 77 77 77 77 77 77 77 77 77 6 1 1 1 5 5 5 5 57 3 3 3 57 3 7 7 7 7 7 7 75 15 15 15 15 15 15 9 9 9 9 9 9 9 9 9 9 9 
31 31 31 53 78 71 31 53 53 53 31 44 31 31 53 53 31 78 15 42 42 46 37 37 37 37 37 37 25 1 1 1 49 77 77 77 77 77 77 77 77 77 77 77 77 77 77 77 77 77 77 1 1 25 5 5 37 37 37 37 25 56 56 7 56 6 6 6 6 26 26 26 26 75 15 15 15 15 71 78 15 78 78 78 78 9 9 78 9 9 9 9 9 9 9 9 9 9 9 9 9 9 9 9 9 17 17 73 9 9 9 9 9 9 9 9 9 9 9 9 9 9 9 9 9 9 9 9 9 9 9 9 9 9 9 9 
29 29 29 13 31 15 15 31 31 31 15 15 29 29 68 68 68 68 68 29 42 3 37 37 57 14 61 61 61 61 61 61 23 23 23 23 59 23 23 23 23 23 23 23 23 23 23 23 61 61 61 61 61 61 61 57 34 34 34 34 34 3 47 3 7 7 7 75 75 2 2 2 2 2 2 71 2 2 2 31 2 31 31 13 31 31 31 31 13 29 31 13 29 29 
68 68 68 68 68 68 68 31 31 68 68 68 68 44 68 68 68 68 13 29 42 3 11 11 11 11 11 57 12 12 1 1 23 23 23 23 23 23 23 23 77 77 23 23 77 77 77 77 77 77 23 23 23 56 56 72 72 72 72 72 5 5 5 5 5 34 46 46 4 4 4 4 47 47 47 7 7 15 15 29 29 29 29 29 29 29 29 29 68 29 29 29 29 29 29 29 68 29 29 29 9 
31 31 31 31 31 31 31 2 31 31 31 31 2 71 31 31 31 31 20 31 79 62 19 4 4 4 4 4 11 16 30 30 1 49 77 77 77 77 77 77 77 77 23 23 23 23 72 72 65 65 65 65 34 34 47 47 47 47 7 7 7 7 9 9 31 31 31 31 18 18 31 31 53 31 2 2 31 71 15 15 15 15 15 
63 63 63 63 63 63 63 63 63 63 63 63 13 63 63 63 63 63 63 63 63 51 51 20 35 20 42 42 42 16 11 11 11 3 57 61 61 61 67 67 67 67 67 67 49 49 49 55 67 67 67 67 12 12 30 5 5 5 5 5 5 5 5 25 11 11 11 11 11 11 11 11 11 11 47 47 7 6 6 6 6 6 6 6 6 69 69 69 69 69 69 63 71 71 15 71 71 63 71 63 63 63 63 
15 15 15 15 71 15 15 15 15 15 15 15 15 15 15 15 15 15 15 15 15 68 44 63 75 9 71 78 42 3 37 37 37 37 37 57 1 72 30 67 67 67 67 67 67 67 67 67 67 67 67 67 55 56 56 56 56 56 56 56 56 32 32 32 32 5 5 5 32 25 34 4 4 47 47 47 7 33 75 33 75 75 75 33 7 33 75 75 75 75 75 75 75 9 9 75 9 9 9 9 9 9 78 71 29 29 29 29 71 29 71 9 29 9 15 15 29 71 15 15 15 29 78 79 79 71 71 29 9 73 73 29 29 29 9 9 15 15 15 15 15 15 15 15 15 75 15 15 15 15 15 15 26 15 
