7.0539	5.6335
-3.979	6.4824
-5.38	3.5169
-5.674	-1.2933
8.4097	3.9026
9.8803	-2.0356
9.3296	-3.8767
-5.1777	4.8603
8.7599	-5.2227
3.3399	-1.4766
5.6427	7.0592
1.5965	-3.847
-3.5974	-3.7093
9.9018	-1.0663
4.6072	-9.5604
9.4453	-3.5934
1.7855	-3.7405
-0.20551	-10.69
3.151	7.8556
1.9788	-10.598
-5.2674	4.4572
8.0733	-6.3338
5.2134	-9.2367
2.2008	-10.264
-5.0166	-2.5031
8.8084	2.6476
8.9167	-4.6834
8.5211	-5.1369
4.9264	7.1025
6.4561	-7.8347
1.4921	-10.427
-5.0842	-2.3609
2.8306	-10.379
-2.0396	-10.473
4.8854	7.2938
8.429	-5.0509
8.7564	3.0672
8.9646	-4.6232
3.2356	-1.5766
9.795	-2.1287
4.4435	-9.5237
4.9942	-9.3035
6.8576	-7.7305
3.1295	-2.2879
9.6035	-2.7113
-4.8633	5.1652
2.959	7.8607
-5.1114	-2.2315
-1.7847	-4.2548
0.10455	7.8223
8.548	-5.6063
0.83841	-10.9
-5.9338	2.507
-5.3446	4.4203
9.5349	-2.4701
8.3809	4.3944
2.1453	-3.8528
4.3977	7.5822
9.3904	-3.2035
2.0085	7.9954
9.1292	-3.5863
1.4739	-10.583
8.7822	2.9178
2.8832	-2.6476
1.4276	8.0551
-1.1173	8.0891
7.4741	5.3849
7.9544	-5.9858
4.8724	7.2367
4.6414	7.3245
2.666	-10.24
-6.0781	0.45988
4.9259	-9.2488
7.9881	4.654
8.6206	3.4795
6.3407	6.2503
4.337	-9.4874
-4.557	5.4582
3.7196	-1.1401
-6.0781	2.3051
-1.7734	7.4724
-1.7774	-10.98
0.030621	-4.3674
8.9464	-4.1892
-2.1629	-10.678
9.2223	2.7216
-5.2348	-2.3903
1.3578	7.965
3.5277	-0.89015
9.3755	2.463
9.7763	-2.6312
-2.2938	-10.938
8.4613	-5.4989
8.7144	-5.4303
9.1456	-4.0229
8.7744	-4.7281
0.77842	-4.443
-0.13501	-4.3986
-4.3533	5.4685
8.3146	4.6836
9.1495	2.3951
-1.4583	-4.5953
2.6926	8.2567
-3.4438	6.5699
-1.3702	-10.697
0.33818	-4.4651
4.3707	7.4674
-2.7216	-4.2062
2.4012	7.8852
-2.2973	-10.694
-2.2367	-10.508
-2.6883	7.3912
9.4104	-2.2586
-5.834	2.9202
-4.5773	-3.0051
-5.9748	0.47665
9.8984	0.41105
8.2869	-6.2372
5.0662	-9.0902
2.4555	-3.1757
-3.5788	-3.928
2.5307	1.7805
1.2451	-4.3161
2.6706	-10.016
-0.62514	-4.4834
9.3674	1.1804
9.6303	0.69733
-2.1018	-4.4135
6.7326	-7.8866
9.5072	-2.2406
9.1548	-4.3466
9.6195	-2.0666
-6.113	0.96736
-1.6567	-10.699
-6.3206	0.8239
2.6388	7.905
1.8958	-10.47
7.8815	4.9425
9.8298	-0.96996
8.0113	4.4733
9.9637	-0.96208
3.3415	-0.32109
-2.0861	-4.5607
3.3356	0.52019
5.9753	-8.8448
9.455	-0.15665
6.6384	6.2944
3.357	-2.2688
-0.79667	7.8529
9.8556	-0.39574
0.17605	-10.981
-3.6078	6.3835
0.94823	8.3192
8.5839	-4.9165
9.6807	1.0342
-5.334	4.4514
-6.0468	2.2332
0.90185	-10.742
9.9016	-1.3725
3.5964	-1.7383
8.1307	4.1847
-4.4751	-3.1415
2.9288	-2.151
7.0167	6.0098
-4.4559	6.0918
6.6235	6.2583
-1.2788	-4.7592
1.7703	-4.1574
8.278	-6.1849
5.651	7.0637
7.6562	-6.3536
6.1669	-8.1825
-5.8577	3.169
2.0554	1.958
-1.5435	-10.669
1.3296	8.0687
-2.9788	-3.9928
-2.8619	-4.2533
8.2963	-5.9028
9.3815	2.1541
-5.0299	-2.6464
7.9835	-6.3141
8.7616	3.2562
-4.4746	-2.9218
6.8157	5.6082
2.4463	7.9218
6.9466	-7.5355
-0.17739	-4.5964
2.2554	-3.2408
-3.3957	-4.035
-5.5206	3.4114
9.5934	-3.1589
7.6471	5.4051
-6.0429	0.091157
-0.28567	7.919
8.0519	-6.206
7.1392	-7.3663
5.4246	7.2418
5.8236	6.435
-5.4372	3.678
8.8498	-4.6419
-6.2308	0.40774
4.0741	-9.7867
6.0874	-8.4378
7.3038	4.9817
9.5553	-1.9789
-1.5705	-10.927
-2.4775	-4.0865
9.4771	-0.47822
9.5787	0.27976
-6.1614	0.60545
6.0823	6.5557
8.893	-5.0401
3.9207	-9.9276
5.5373	-8.7631
6.9612	5.8727
-0.22655	-10.63
-3.4397	-10.469
9.4953	-2.9444
6.2924	6.7935
7.6889	-6.3482
2.0029	1.857
2.3541	-3.0503
9.7608	-1.9577
7.104	-7.3255
8.8866	3.215
7.0357	5.738
8.6841	-4.7781
2.4911	-10.168
0.99987	-4.099
2.5004	-3.2006
9.211	-4.0052
2.397	8.0394
-3.8007	-3.359
1.4689	-3.7176
9.484	-3.3014
9.4374	-3.2231
1.3374	-3.915
-3.5175	-3.9244
-5.8553	0.12868
8.4981	-5.1899
-0.75461	-4.514
0.94295	-4.3786
5.7761	6.6128
6.9232	-7.3862
8.2832	3.5769
-5.5555	-0.63311
5.4595	6.7828
6.0148	6.8251
-6.2358	0.81846
7.5673	-6.9102
9.6159	-2.453
1.3399	8.0984
7.5667	4.8968
-2.7458	-4.3012
-0.45963	8.1252
1.8737	8.1224
-3.4947	-10.277
7.8722	-6.5215
-5.9231	3.1115
-3.4739	-4.0444
-3.1657	-3.9844
8.6282	3.5735
5.4006	-8.9755
6.9861	-7.3492
4.1403	-9.655
4.3557	-9.7499
5.5916	-8.3392
9.221	1.5481
7.182	-7.1495
9.6195	-1.6349
-0.04707	-10.555
1.9757	1.9645
-2.2192	-4.2615
5.9195	6.3483
-0.42032	-10.669
-6.0241	0.40532
9.0905	2.3233
2.512	7.7923
8.1775	-6.2685
7.7955	-6.5783
5.4753	6.9469
-0.071411	-4.7055
-5.7542	3.0479
0.49975	7.9766
1.498	1.9638
-5.0264	5.0007
-0.98676	7.6278
-6.3457	1.3271
3.3656	-2.3438
3.2945	-2.0105
-4.9406	-2.2753
0.46325	-10.784
1.053	-4.1001
1.6055	7.9268
-5.9596	0.86695
8.4433	4.1976
-5.7083	-0.16069
-1.7078	-4.321
7.4463	5.4094
3.2952	-0.71798
-0.696	-4.4569
3.014	7.7089
-0.62561	-10.544
7.3742	5.3828
4.1424	7.797
-2.7457	7.0762
3.631	-9.6506
9.6893	-1.5949
-5.0265	4.8903
-4.7448	-2.6024
7.5599	-6.8651
1.8512	-10.509
-1.6155	-10.786
4.4338	-9.3934
-5.2332	-1.8522
9.8201	0.29143
-2.8979	-4.0253
4.9507	7.425
-6.028	2.2576
9.279	-3.176
1.7702	-10.641
6.0272	6.5999
2.7675	-2.7211
1.9034	8.2379
9.3787	1.8031
-1.8158	7.3999
9.112	-3.902
8.7792	3.3722
8.5817	-5.0145
3.4543	-1.9953
3.2242	8.0411
7.2956	-7.5522
-1.4972	7.5721
3.3887	7.7134
-3.4998	-10.298
-5.955	0.38236
3.9672	-9.5839
9.4888	-0.020849
0.6728	-10.953
-2.5007	6.9589
7.5849	5.2883
1.5078	-10.423
-2.218	-4.0571
-6.0073	2.2093
6.6075	6.1036
5.1372	7.2636
9.8676	0.57642
6.6362	6.2321
4.5654	-9.6137
3.2291	-1.759
-3.2687	-10.669
9.2123	1.613
-0.85621	7.7874
9.1825	2.583
-3.5281	-10.417
9.5844	1.8853
3.7797	7.504
3.1815	-2.1544
5.7735	-8.5788
-2.036	7.3281
9.329	-4.0272
-2.4813	-4.0387
1.9545	8.3259
9.697	0.21127
7.7668	-6.5383
-4.658	-2.7262
2.1473	8.1469
-0.016187	-10.626
3.5456	-9.9114
-0.25957	-10.962
7.9756	4.9711
2.851	-10.426
9.0868	-3.955
9.313	-3.7044
-2.0139	7.6555
5.8113	-8.7078
-0.80864	7.7312
-0.35189	-4.492
0.65347	-10.7
3.6472	7.5747
-1.0621	7.8466
1.5604	-3.9501
-6.014	1.1471
-5.2585	4.415
-2.0135	-10.471
-1.4685	-10.521
2.1813	1.8843
2.0362	1.9081
5.2728	7.1469
-5.9825	2.9707
-6.2996	1.9587
3.198	-2.5276
2.8344	-2.8517
4.0937	-9.5045
7.4297	-7.0106
-3.893	6.2103
3.5371	-0.78416
-4.4017	5.8133
-4.2578	-3.1075
9.5372	-1.2199
9.2463	-3.6849
1.0133	-10.645
9.254	-4.0218
4.6095	7.2948
-1.0585	-4.714
8.8174	-5.0646
2.2856	-3.3488
1.7768	2.0258
-1.3491	-4.3039
-3.6655	6.1848
-5.8823	3.8861
9.9473	-0.66812
3.0526	-10.231
3.4192	7.6861
0.057118	-4.7565
6.1365	6.4467
-2.5872	-4.2284
9.1093	-3.5364
5.1367	-9.1909
6.7489	6.3849
1.8719	8.3022
5.7298	7.0396
-3.3123	-3.9187
-1.3753	-10.825
1.9273	1.9871
0.66304	8.1009
-5.8431	-1.3354
-5.661	3.7309
6.7236	-7.4607
2.7269	8.1676
9.3729	-2.843
8.4586	-5.7072
-0.38052	-4.4038
9.1894	2.7522
-5.3079	-1.5812
6.0338	6.2941
5.5056	7.1928
-4.796	4.8135
-1.7888	7.5413
-3.4865	6.3321
-3.7269	-3.6874
-0.43552	8.0675
5.3106	-9.3058
3.4576	-2.3905
-3.3602	-10.317
5.7494	6.7927
4.8908	7.3047
-5.6429	-0.9039
9.4487	-3.3175
8.1451	-5.4965
-4.9487	-1.9394
9.4002	1.8301
3.9256	7.5443
3.4019	7.8824
7.8698	-6.6152
0.7838	-10.697
-5.8659	3.6978
9.5899	0.61463
2.108	-3.5876
-1.9228	-4.194
5.2639	-9.2731
-0.95866	-4.7573
-0.65877	-10.811
-3.5244	6.4822
9.7798	-2.2264
1.0077	8.0578
9.4555	1.3527
9.7091	-1.5939
-4.7221	-2.1927
-1.9593	-4.3651
-1.6455	7.396
2.9401	1.0314
-5.7088	-1.4514
3.7509	-0.65683
-2.6912	7.1937
9.3095	-2.9661
9.6658	-3.182
9.6971	-2.6124
7.5779	5.2499
-4.1405	-3.1278
7.9815	-6.1806
0.86445	8.3816
-6.2304	1.4402
-3.7677	6.0198
3.563	-9.8578
-4.3416	-3.094
4.3703	-9.4764
6.0992	-8.4599
8.5643	-5.183
-1.9313	7.3088
-4.732	5.1468
7.8743	4.6311
-5.4235	4.3127
9.9435	-1.5185
9.207	1.8756
8.3201	3.9911
-4.8653	-2.4726
2.9632	7.7873
-5.8254	-0.39543
1.6972	7.9387
2.184	-10.576
7.5492	5.3642
2.9315	-2.456
-2.6535	6.9227
-0.17417	-10.986
-2.3921	-10.936
-2.0938	7.5717
1.5814	-4.1553
9.8025	0.99311
-2.4683	7.3773
9.9296	-1.7581
-3.7189	6.498
-1.8814	-4.3141
6.591	6.523
1.9914	8.0206
3.3487	-0.60622
-2.0655	7.4685
3.507	-9.7517
-4.1215	-3.0947
9.6441	0.55449
9.1257	-3.7783
8.868	-5.2313
-1.3008	-10.655
6.3881	-8.0589
-3.1036	7.0082
9.553	-2.1602
7.0169	-7.167
8.83	-4.6082
-6.1583	2.9176
0.051494	7.8595
8.5586	-5.3398
9.3363	-3.8338
7.439	5.3365
-6.0438	1.0508
9.7026	-1.525
-4.8423	-2.2048
4.8749	-9.2196
4.1666	7.6128
2.8643	-2.8235
1.4157	8.3294
2.0146	-3.572
0.15997	-4.629
3.2676	-10.264
-2.8628	-10.788
9.5025	-1.6262
8.0306	-6.0457
6.9999	5.882
7.4681	-6.7461
2.7543	-3.0494
-5.0657	-2.0922
-6.1428	-0.24519
-2.3387	-10.889
0.46246	7.9218
-6.2967	2.0453
5.8149	6.7378
-2.7013	-4.4226
-5.3087	4.4967
9.7502	-2.0343
-6.1457	1.3178
2.513	-3.6644
-1.01	7.6194
2.4292	-3.4588
-4.8917	-2.6214
3.384	0.73298
-3.7103	-3.3924
3.9047	-9.3993
4.9442	-8.9568
-1.7127	-4.3342
9.2511	1.7706
0.96029	8.3936
9.8438	-1.0375
9.167	-3.829
5.26	-9.2692
6.5884	-7.6507
-0.82545	7.9554
-1.0357	-4.3656
-0.67946	-4.4332
7.3644	5.2055
3.5672	-0.86329
9.0562	-4.574
4.0525	7.4026
-4.7138	5.1254
-3.7161	-3.5737
9.3751	0.85781
8.0719	3.9926
-3.1107	-10.571
9.82	-1.764
8.7288	-4.7194
1.9265	-10.608
-6.0831	2.9139
9.9193	-1.7117
7.713	-6.295
0.43475	8.1837
8.7988	3.5813
9.6832	-0.98488
2.8428	-9.9546
-3.5656	6.7751
-5.8377	2.4231
-3.2877	7.0293
4.6486	7.6784
8.9709	2.767
9.5664	-3.4391
2.3011	1.6834
2.4761	8.1344
2.7749	0.9956
-5.8979	0.9387
9.3607	1.0475
5.9902	6.6884
-0.99651	-4.6574
5.5954	-8.7511
6.4187	-7.9773
1.1628	7.982
5.0645	-9.025
1.7809	-3.519
0.49449	8.1359
5.6951	-8.8473
3.1514	0.93146
0.14947	1.8385
-4.4557	5.7485
-4.7788	-2.6029
5.1015	-8.947
-6.0133	0.14115
9.4709	-2.9045
-2.9459	-3.8233
-6.0633	0.66788
3.5631	-0.5308
0.46433	-10.762
1.5027	-4.0534
0.60208	-10.664
6.9204	-7.7553
9.2779	-3.8349
-4.1022	6.0256
4.2762	-9.309
7.4922	5.2872
5.187	-9.1347
5.1961	-9.1937
-3.2633	6.9282
9.7736	-1.716
2.3246	-10.159
4.1148	-9.6914
9.011	-3.7962
1.8192	-10.373
1.8608	-10.262
9.7358	-0.079411
3.5906	-9.9687
-0.18346	-10.741
4.8942	7.1365
-3.6878	-3.8028
9.7457	-1.8431
8.1437	-6.2586
1.1191	-4.4221
2.9003	1.3363
-0.53995	7.8909
8.9696	2.447
9.4573	-2.6208
-1.7101	-10.51
9.4228	-2.4032
-1.4075	7.77
-1.3708	-10.575
-6.2752	1.831
8.9155	-4.1839
1.8605	-10.665
5.9662	-8.1613
4.7187	7.2932
-5.6583	2.8066
-3.6317	6.6251
5.1194	-8.8808
-5.6529	-0.56163
8.5595	4.0744
8.2839	-5.4432
9.0542	2.1374
-2.1293	-10.815
-5.5197	-1.7197
-2.8047	-10.361
-2.7064	7.2465
-1.2482	-10.582
5.7811	6.9814
8.0611	-6.395
-6.1446	-0.047846
3.4607	7.7024
1.1695	-10.476
-0.17007	8.3057
-0.2124	-10.768
-4.9652	4.3266
0.89992	2.2576
1.0378	-10.419
-4.3595	5.6243
-3.139	-10.516
-5.6935	-1.2537
-5.6711	3.2341
5.8167	-8.3986
-2.0422	-10.504
3.1651	8.0704
2.7884	-9.9902
-3.9272	-3.4098
3.769	-9.9288
-6.1354	0.17041
2.2444	8.0065
6.5139	-7.9875
9.7807	-2.21
0.57075	8.025
3.3386	-1.1368
-4.9689	5.1523
-0.26951	-4.6742
3.4887	-0.79269
9.5847	-2.0813
8.0286	-5.9141
9.1632	3.0797
-1.8819	7.694
-2.9925	7.1471
2.6586	-3.0845
9.2337	1.9225
-5.9607	0.99215
-5.2118	-2.3057
1.3283	8.3552
-5.141	4.5868
-2.2809	-10.633
9.5989	0.28921
4.7249	7.5153
7.5941	-7.003
0.21775	-4.6864
7.052	-7.6169
-3.0137	-3.8761
-5.019	-2.3529
9.6843	0.40788
-4.2126	-3.4381
6.8784	-7.3753
4.3879	7.3144
0.9923	-10.921
-1.5148	-4.3128
-3.7253	-3.4288
0.19183	-10.772
1.2621	8.4152
-4.672	5.2769
-5.288	-2.1322
-0.050274	7.9032
3.1489	-2.7783
7.7602	-6.5039
9.5523	1.6881
2.6441	8.2357
-4.8728	-2.4076
3.477	-0.84723
0.68579	7.9988
3.3177	-9.9201
-4.2769	5.7976
5.9785	6.5618
-6.0776	-0.033125
1.9452	8.2519
3.3618	-9.948
5.0743	6.8246
3.3379	-10.201
-0.89672	-4.4511
9.476	-2.5866
-6.0375	0.012556
-3.9136	-3.4141
-5.9448	1.0514
-0.83612	-10.638
-1.1971	-10.908
-1.4822	-10.881
-4.746	4.9391
3.4216	-0.9104
7.6262	-6.9593
1.5388	-4.1653
0.47384	-4.4943
2.1078	-10.408
-4.4232	5.8084
1.0192	8.1267
2.1764	1.9166
7.7816	-6.7826
9.6918	0.37046
2.302	1.6081
0.69413	8.0293
-1.0714	-4.4323
-3.6351	-3.8399
3.2379	7.7152
2.358	-10.49
9.4704	-1.6024
1.905	-3.8956
8.6266	3.4712
-4.906	4.8507
9.6119	-3.0278
5.6562	6.7388
8.145	4.705
6.8	5.9932
-5.3893	4.3796
-3.3562	-10.488
0.3241	-4.6956
1.142	-4.1088
7.9094	-6.252
-5.4962	4.099
-1.3466	-10.696
-5.7928	-0.20328
7.6525	4.8596
0.14337	1.7211
5.4231	-8.6658
-4.4813	-3.0105
-4.4741	-2.775
-1.7088	-4.6348
3.7443	-1.3473
-5.9344	1.8752
-3.2839	-10.297
-5.4411	3.8459
4.0668	7.7806
-4.9593	-2.2928
7.8135	4.4584
7.5315	-6.4751
9.1562	2.3298
1.7284	-10.502
-3.1706	-10.439
5.4043	-8.699
0.22701	-4.2276
3.0004	7.7702
3.9066	-9.7666
4.8263	7.2976
9.5171	-2.9763
-0.85522	-10.613
-2.2711	7.4989
-3.2768	-3.7687
3.2571	7.8554
8.0872	4.9894
-6.173	2.4555
-1.3974	-10.796
9.372	2.3581
9.6524	-2.8793
5.5682	6.8084
9.4749	1.8025
-5.9713	-0.46712
8.2258	-6.0707
-0.34877	-4.6542
9.4869	1.0932
-3.7197	-10.673
9.5257	0.13152
0.043536	8.2036
9.5312	-3.2068
0.53422	-10.795
-0.15519	-10.655
-5.07	-2.1189
0.15966	7.8362
5.0114	7.2345
6.6841	6.1451
7.734	5.229
1.6878	-3.6868
8.8478	-4.2386
9.8756	-1.3974
7.1954	-7.3412
7.8162	-6.7945
6.5786	6.23
3.1262	7.7847
-2.7734	7.3115
8.788	-4.5477
2.8138	0.96519
-6.1096	0.81764
8.1937	-6.4225
-6.064	0.89975
3.2977	-0.12988
-3.256	6.8492
6.461	6.0639
5.2664	-8.9669
1.8276	-10.483
8.5485	3.5022
2.8969	-2.6594
2.5145	1.7356
-0.038707	7.9306
3.8518	-9.8296
9.7008	0.30448
7.0829	-7.2881
9.5594	0.66102
9.5167	-1.9359
2.5887	-3.1136
9.2704	-4.5511
-1.7189	7.6674
8.4013	4.3482
3.3487	-1.461
5.9634	-8.7617
-2.7752	-10.592
-0.22355	-4.2868
6.8341	5.5811
-1.047	-10.65
-2.4648	-3.9509
-5.881	1.4574
-6.2669	0.38148
-4.8433	4.6549
-5.9072	3.4095
-1.5062	-10.687
-2.6837	6.8378
8.8785	-4.0172
3.1777	-2.0972
4.9586	-9.1242
7.4677	-7.1679
-4.364	5.5146
8.7783	3.2266
-2.0081	-10.669
2.0047	-10.647
-6.2489	0.33876
-5.3389	-1.3668
8.188	-5.6812
-2.9347	-10.394
5.0981	7.3889
8.1321	4.3179
4.7654	-9.3524
5.4523	6.9466
3.5397	0.022815
2.1216	-10.516
7.1827	5.8152
2.8072	1.1869
0.33213	-10.571
9.4777	-1.6266
8.9898	2.8225
-5.2402	-1.9076
2.9464	-2.8146
0.20189	-10.7
7.9846	-6.0181
-2.7024	-3.8457
-3.3549	-3.9664
1.5124	8.3429
-3.21	6.7909
-5.0471	4.8562
4.2686	-9.7618
6.4886	6.218
2.8876	-2.6626
4.1611	7.7407
-5.4568	4.1349
-4.9624	-2.0898
9.6532	-1.3492
9.4234	0.8718
1.1281	2.3056
3.2823	-9.9667
-3.3257	-3.9063
-1.0913	-10.587
2.9142	-2.2702
9.2247	1.4999
8.011	4.789
0.95696	1.8696
2.0337	7.9205
9.6774	-2.1461
-0.61322	-4.4796
7.2509	5.8179
1.9873	2.0906
9.1032	2.2637
1.043	-4.341
8.4962	-5.2048
1.0933	-10.835
9.7195	1.3574
-1.5301	-4.5608
7.8417	-6.3067
3.459	-9.7802
-1.6366	-4.4439
0.88774	8.3667
7.6213	5.2865
-4.3871	5.7989
9.0806	-3.9814
8.7331	-4.4979
2.345	8.0275
-4.4171	-2.9546
8.9719	3.1022
7.8263	5.0584
8.3645	4.5084
3.3226	0.41708
-3.8407	-3.3568
7.6103	5.2279
-1.7689	-4.6557
8.7468	-4.4655
4.7346	7.4831
-0.78893	-4.662
-5.1697	-2.2486
0.57854	-10.625
3.7829	-0.69314
-3.1306	7.0664
3.1586	1.0205
7.0152	5.7364
2.6508	-10.086
1.1378	-10.621
-1.5636	-4.2361
9.129	1.7958
2.6099	-10.305
-5.3011	4.0899
-1.2772	7.5996
0.41522	-4.3741
3.1432	-1.9489
8.9612	-3.9225
9.6737	-0.7233
2.9683	8.1583
-2.7559	-10.438
-6.0985	1.0437
9.0624	2.9735
-5.7618	-0.4308
7.3721	5.6007
-5.7095	3.6006
0.047261	-4.5748
-3.6149	6.6674
8.0182	4.0571
8.6911	3.7278
-5.7464	-1.152
1.3734	-10.447
9.594	0.9245
3.6634	-1.0235
-1.7697	-10.807
-1.5088	-10.853
4.9703	-9.0073
1.2074	-4.3471
7.8575	4.4792
8.4696	-5.9038
8.6651	-4.9708
-4.372	5.747
-0.012387	7.9494
-6.0908	2.449
4.3757	7.2914
9.4806	-2.0796
-0.77473	-4.3486
9.4237	1.6008
9.9399	-0.72911
-3.4067	6.3687
9.3306	2.3778
4.813	7.3172
9.57	-1.387
0.27836	7.9036
5.9165	6.7751
-2.4764	7.2214
3.3652	-1.0155
-3.2746	-10.403
9.2789	2.0162
-4.022	5.7099
7.3896	-7.4025
4.188	7.3358
-5.0377	4.4508
5.099	-9.1666
8.2946	-5.6426
9.4684	-0.94675
-1.6318	7.2885
8.2184	4.641
3.9122	-9.5921
-5.7763	4.0026
8.7548	3.6503
3.1316	-10.089
-0.95131	-10.652
2.6678	-10.236
-5.9639	2.7536
5.7646	6.7859
-5.9562	1.3126
5.4374	-9.15
8.847	3.4275
4.8482	-9.0482
-2.335	7.1055
9.6669	1.2541
0.41067	8.297
-1.5146	-4.3435
7.4165	5.2929
9.4395	-3.4864
-5.6462	-1.1572
3.727	-0.48661
-6.103	0.45194
3.4585	-0.71307
9.6804	-0.65527
4.0926	-9.7615
3.596	0.25284
7.5597	-7.1535
-1.9232	-10.919
4.7251	-9.4973
-1.7105	-10.617
-5.9009	0.9848
-5.981	2.2606
8.2619	4.707
9.5394	-1.603
5.4413	7.0937
-4.2863	5.4104
-6.1372	2.6845
7.3855	-6.6452
-2.1734	-10.757
-4.0751	6.1815
-1.0166	-4.5195
9.3124	-3.3263
-5.8532	-1.2366
3.3725	-0.072684
7.0813	-7.7096
5.9965	-8.6305
2.2238	7.9001
7.1001	5.7206
-6.1914	2.4968
6.4418	6.0234
3.2476	-9.9448
2.0223	8.0657
4.2881	-9.6715
3.2757	-1.6762
9.7687	-1.9961
8.4888	3.7882
5.5012	-8.5085
7.6392	-6.9026
-5.5692	-1.0145
9.5011	0.32504
9.5731	-1.949
1.3797	-4.0743
-4.891	-2.2838
-1.4881	7.7737
2.6856	-10.349
8.4044	-5.9193
9.5288	-2.5543
-1.3096	7.8795
2.7882	-2.9317
-4.1658	-3.1882
8.5519	3.5032
7.4821	5.5225
-5.8647	1.6374
-5.8204	-0.9616
9.7325	-2.1546
9.1441	2.3457
2.5286	-3.3114
9.1915	-3.3785
8.8943	2.806
7.9152	4.799
8.0268	-6.3115
-4.7473	5.6475
1.0924	2.1005
2.4189	-10.435
1.5151	-10.582
-0.36532	7.9123
6.5069	-7.9414
3.4234	7.976
3.2091	-1.5274
-3.8465	6.4806
-5.9176	-1.0469
3.4718	-1.4868
9.5713	-1.3005
9.6278	-0.37783
1.7473	2.2657
-4.5711	5.5297
-0.36808	-10.82
-5.7764	-0.37686
1.38	-4.1842
4.2415	7.4812
3.212	0.094171
-3.1993	-3.7869
7.8746	-6.3718
2.0051	-10.574
-0.3357	-10.548
9.6021	0.72525
9.8386	0.72971
7.4213	-7.1193
9.667	-1.5957
9.7663	-2.597
2.3345	7.8679
9.5847	-0.77289
3.2378	0.46891
6.237	-8.2727
3.2995	7.8253
6.1396	6.5362
7.3659	5.7777
-5.2794	4.1178
8.8559	3.1022
6.1821	6.2111
9.289	1.9241
-6.0803	1.1087
-3.3603	-10.756
-0.22493	-4.4746
0.50145	-4.3026
3.3357	7.7495
-0.010355	-10.941
-0.94816	-4.6804
2.8055	-2.4147
-1.6361	-10.631
-1.4806	-10.683
-3.4145	-3.7091
1.007	2.0757
-5.6668	3.8926
-3.1393	-4.0082
1.3623	7.9367
3.3131	-0.79495
-2.5229	-10.791
5.4399	6.7706
4.4054	7.8047
2.7849	-9.9597
7.3103	-7.3892
-6.1339	1.298
-0.40991	-10.668
9.7055	-0.78078
6.6609	-7.8032
3.5631	-9.9981
0.76914	-4.5948
2.8821	-10.046
7.7353	-6.7616
9.5026	0.32648
-2.2378	-4.3615
-0.14233	-10.613
-6.0909	-0.15564
9.6592	1.6943
-6.0489	1.1019
4.3988	7.6554
6.2236	-8.1753
0.84742	-10.825
-2.5967	-4.0623
4.1321	7.6545
-3.2425	-10.434
9.239	2.1952
1.041	8.2184
-4.5082	5.7409
-6.0103	1.8004
3.5159	-1.3976
7.1108	-7.0018
4.5743	7.2302
1.9382	-10.36
9.4399	-3.9327
9.5333	-1.5644
-1.0321	-4.4086
-5.6344	3.0738
9.4967	2.149
1.8319	-10.626
-0.59116	8.0978
-1.4869	7.5514
5.7166	-8.7954
0.60979	-4.3208
-3.6698	6.7173
-1.4971	7.5725
6.3644	6.348
-3.4575	-10.36
7.9205	4.4223
-3.5458	-10.44
8.0257	4.4419
0.16045	-10.91
-6.1519	-0.53339
9.5858	1.9163
-0.38992	-4.5884
-6.1372	0.40153
-5.9955	0.93187
-2.4978	-4.452
9.8079	-2.2272
1.2572	-10.415
-4.7932	5.2827
2.3642	-3.0251
8.7238	3.9947
0.82975	-4.0643
5.0417	7.0098
2.9063	-2.2328
5.7481	-8.4929
-2.7113	-10.826
-3.4831	6.6333
6.173	6.8628
5.7735	6.6504
-5.5665	-0.97046
1.0414	-10.823
-5.0579	-1.7604
-2.8159	7.2795
8.4218	-5.7609
9.253	1.4621
7.0677	-7.5691
4.794	7.5131
3.3309	-2.3088
-1.2486	7.9284
-5.65	3.6714
2.7329	-10.456
-1.7811	7.5195
9.4151	-2.1699
3.3663	-1.1142
2.4222	-3.0935
0.09609	-4.2656
-3.1349	-10.817
-0.0087932	7.8473
9.5717	-2.0229
6.6735	6.0514
-5.6791	-0.25035
0.81457	-4.6079
6.9113	-7.1879
7.4395	-7.3716
0.24142	-4.6571
-6.1791	2.7558
6.8369	5.7523
-5.525	-1.3989
8.7447	-4.6152
3.6033	-1.5472
8.8642	3.3289
0.069305	8.2149
9.7837	-1.3126
3.1121	-10.237
-3.2578	-10.368
-0.09706	-4.3597
9.5389	1.6371
-1.1368	-10.906
6.0887	-8.1362
2.8839	-10.338
-1.3535	7.6612
-3.0956	6.7575
6.3935	6.3714
8.4666	3.9813
1.1605	-10.642
-5.1241	4.2593
-5.4311	3.7348
9.0687	2.8072
8.2666	-5.6024
-5.5852	-1.5421
1.458	8.0907
4.5868	-9.3768
9.1036	2.8311
3.2425	7.9479
-5.9749	2.8328
-4.094	-3.5274
-2.4716	-4.3339
8.4707	3.7884
3.3608	0.82616
4.1294	7.6853
3.6192	-1.1775
-4.5734	-2.9301
8.0148	4.2798
-4.9106	4.8556
2.2198	1.8578
-5.5472	-1.5012
8.5415	4.1748
6.9009	6.0241
8.1156	-6.6834
2.3996	-10.371
3.4491	7.855
-1.16	-10.609
8.7184	-4.4398
9.9214	0.059875
6.3641	-8.0511
-4.1297	5.8568
-1.316	7.5904
-4.1721	5.6503
7.1408	5.8884
0.98436	-4.1429
5.8237	-8.22
-2.8876	-4.0816
2.4851	-3.5104
7.2558	5.6218
3.2401	7.6965
2.2988	-3.4248
2.4542	-10.274
-0.39351	-4.7055
3.6901	7.9207
-3.8591	-3.2282
9.4823	-1.6083
8.7142	-4.4877
9.678	-1.0989
1.2919	8.0543
-1.0186	7.9377
2.5006	-10.31
6.9554	5.9496
8.4097	3.8451
4.1942	7.8959
-4.4322	5.605
9.1561	-4.3832
4.8966	-9.5312
1.6828	-3.8333
9.2739	2.4486
8.2274	-5.8563
3.6674	7.5278
1.5072	8.2899
-5.9867	0.049518
4.3134	-9.4495
-0.486	-4.7155
-3.6034	-10.198
5.5131	6.7689
9.7243	-1.5761
7.8216	4.897
-5.2891	3.9879
0.5085	7.9953
3.2336	0.87892
7.4597	-6.6825
-6.2217	1.8762
-2.8582	6.9489
-6.2473	1.5804
5.0447	-8.7335
3.7552	-1.0887
7.7729	4.7393
0.84729	8.0287
2.9045	7.8072
-0.56518	-4.3478
-6.0328	-0.57858
-2.1418	-4.2766
-1.5189	7.8881
5.0882	-9.3972
3.2572	-2.102
2.2074	7.9783
3.0633	0.62185
1.8343	-3.8409
0.53364	-4.3568
-4.749	4.8107
-5.7624	-0.88711
5.6957	-8.5976
6.7588	-7.6958
-2.7467	-10.341
8.6825	3.0017
6.9809	-7.7176
8.9825	-3.9064
8.1661	-6.0748
6.0534	6.9543
-0.66447	7.9948
9.8142	0.37461
-5.6541	-0.66382
5.1067	-9.0305
-4.3187	-3.1961
6.9995	-7.4496
6.5164	6.342
-0.37407	-10.95
9.0948	2.0259
6.9527	-7.5134
-2.2184	-10.443
-0.19321	-4.7629
0.4311	-10.989
-0.98641	-4.7379
1.2467	2.0136
-4.9631	-2.3855
2.513	-10.482
9.6423	-2.3249
8.8442	-5.3027
-5.1095	-1.9138
6.0884	-8.097
2.5855	-10.097
0.7515	1.9333
0.24321	-4.4609
-3.6448	6.3466
2.3542	-10.085
9.6684	-1.4946
-4.2672	-3.102
-6.1455	2.2042
3.8603	-9.6441
-5.411	4.6278
8.6418	-5.5239
-4.7756	-2.6317
1.9573	-10.527
-4.7117	5.6261
9.293	2.4244
-0.70431	-10.677
0.045109	7.9373
2.502	-3.5141
-5.9184	0.68339
8.6336	-5.1393
7.1374	-7.4027
3.93	7.5634
-4.9041	4.8661
4.5224	7.5866
-1.0385	8.0044
6.9487	5.8553
-4.5397	-2.7172
8.6295	3.3252
3.3818	0.093198
7.6478	4.9958
-0.28715	-10.875
1.0976	8.1957
8.5602	-5.8782
0.33904	8.1463
8.1494	4.1774
2.4977	-3.435
-2.9942	-3.9876
7.0044	5.6823
0.51335	-4.3477
8.3181	-5.3441
2.1747	-10.27
-3.7518	-3.814
1.9057	7.9782
7.0744	5.9698
-1.539	-4.4626
1.4574	-10.72
4.2533	-9.4959
-5.7631	2.5047
-5.925	1.0121
-5.0028	5.0331
8.9005	-4.9574
-1.8211	-4.5212
9.647	-2.9778
2.9456	-2.6639
4.4926	-9.5131
8.346	4.0121
9.5759	-3.2011
0.14299	-4.357
9.7723	0.74469
6.3183	-8.4154
3.1217	-2.3364
8.2007	4.6232
-5.9998	0.051498
-2.5705	7.0268
1.7007	-10.709
5.9238	6.4403
0.071463	-10.676
8.1024	-5.7141
9.8024	-0.43956
0.55117	-10.905
-5.4196	4.2268
3.4741	-9.8183
-5.9003	1.64
1.7397	8.0585
7.0808	5.9974
3.0017	-2.5292
-5.7305	3.4442
-1.1555	-4.4075
-1.8494	-4.6675
-3.4064	-10.35
8.8459	3.2428
3.3836	-1.8544
-0.82	-10.843
6.1145	6.6741
0.79016	-10.428
3.1453	-9.8079
2.2238	7.8779
-1.2862	7.6286
3.8912	7.7087
2.7679	1.4286
0.44042	2.0826
0.05463	8.1473
9.5294	0.3722
0.16429	-4.6374
2.6319	-10.147
9.7734	0.20078
1.0424	8.4069
7.2484	5.3658
4.643	7.1575
3.631	-0.36058
-1.9029	-10.752
9.5051	-2.9126
-2.8967	6.7022
3.6777	7.6871
0.99344	-10.722
5.4175	7.0446
9.4142	1.5542
-2.8139	6.9024
9.5687	-2.2364
-2.9065	-4.0473
-5.7571	-1.3255
1.4778	-4.0451
-3.0759	6.8031
8.1743	4.0957
9.6598	-2.8792
9.8391	-1.4791
-1.1938	-10.807
3.4654	-1.871
1.9531	8.0287
3.2892	-0.90154
-5.0102	-2.0137
9.9422	-1.4258
3.4257	-1.6965
-6.1449	1.8562
-1.8714	7.6081
6.0554	-8.3055
6.7661	5.8689
-6.0498	3.0753
9.2663	2.0338
0.10352	1.6958
2.4207	1.4891
-3.0383	7.0373
5.1559	-9.0092
6.9678	5.7324
1.747	1.8662
8.1958	-6.2769
3.3338	-9.9744
8.7576	-5.5206
-6.283	1.4482
-0.31159	-10.979
3.4513	0.42282
-3.6383	-3.808
-5.9004	3.0044
-5.5507	-1.4128
-3.8029	-3.398
-0.52961	8.1914
0.48565	-4.1517
8.991	-4.9334
-4.7845	5.4816
7.7204	-6.5116
-0.43606	-4.4327
4.5262	7.4838
-3.5873	6.4454
7.7139	-6.854
9.8358	-0.93783
9.0107	-4.5466
6.932	-7.8782
2.3399	-10.301
-3.0591	6.8234
6.0483	-8.3205
8.0693	-6.2513
8.0534	4.317
2.9901	8.0206
9.7914	-1.7498
-1.0716	-10.687
1.2796	-10.379
6.964	-7.7994
9.2507	-3.2981
-5.9323	2.9632
7.4399	-7.1792
-5.6256	-0.9016
2.1119	-10.27
-4.6319	5.4328
-1.1879	-4.4351
9.219	-4.3099
2.8505	-2.9931
7.9232	4.8609
8.6726	3.1755
-1.8482	-4.1665
7.7976	4.6018
-2.9223	-10.734
0.65462	-4.4799
3.6437	-0.8662
2.2415	1.8004
-5.7329	3.9476
8.7399	3.376
-1.16	-10.852
-5.8619	-0.38876
8.1088	4.8735
4.1494	7.5954
3.6647	7.5941
-2.1213	-4.0969
-4.8171	-2.2405
2.6607	8.25
-1.231	7.8094
0.13749	7.9803
8.5032	-5.7312
-0.56189	7.837
8.2563	4.3322
8.0192	-6.1749
-4.4757	5.3419
4.7969	7.1152
0.38789	-10.916
2.0947	-3.6775
6.3846	6.1423
3.7636	-9.7505
6.595	6.177
3.7422	7.8601
-0.47985	-10.53
9.3385	-2.6075
-5.6403	-1.1407
3.3971	-2.3422
9.4004	2.4344
-5.6674	-0.82216
3.468	7.6915
3.7405	-0.66162
3.4314	-10.05
9.213	-4.2559
4.6681	-9.4995
1.1853	2.1161
9.1612	-3.7644
9.6038	-3.341
-0.3189	-10.712
-2.2715	7.3277
8.8839	3.1953
-2.5988	-10.719
-0.90988	7.6599
-1.2367	-10.863
-6.2824	2.4294
-3.6365	-3.4211
-3.3641	-4.1325
-6.1632	2.2662
1.339	-4.181
-5.7305	-0.44137
3.368	0.38483
1.2471	-10.65
7.5404	-6.8789
5.322	7.1417
-0.37046	-10.644
3.5695	-1.7226
8.2766	-5.7246
-5.5272	-1.2635
-3.8921	-3.4903
9.7462	0.69658
2.589	-10.034
8.9524	-5.077
1.2509	-10.774
3.3254	-0.31454
9.7671	-0.66738
0.27238	-10.503
-0.28751	-10.915
0.56082	-4.3163
2.1881	-3.2393
3.4585	-2.203
-4.0778	6.386
1.063	-4.3838
-6.1224	0.52297
1.6644	-10.749
-1.2069	-4.6804
6.2489	-7.9808
9.3519	1.2192
-5.476	3.5763
3.8338	-9.9777
-5.7386	2.9003
-6.0317	0.81121
8.5815	3.6146
9.3022	2.2054
6.3785	-7.9835
2.6827	-3.0423
1.4144	-3.9883
-0.076417	-10.694
9.7808	1.2583
5.5243	6.8804
8.9984	-4.3323
8.2453	-5.7144
3.6721	7.4828
2.1537	2.053
6.6077	-8.1424
-1.8739	-10.988
-4.5948	-3.0061
9.496	-0.45524
-4.4953	-2.6814
0.59627	-10.908
1.182	-10.607
-5.6889	3.1062
5.4164	6.8462
-0.39742	-4.3302
0.97155	-4.0714
7.6165	4.9254
9.2041	1.5398
-2.0745	-4.2414
3.7708	-0.33938
1.8587	-10.375
-6.0023	-0.65723
2.886	8.2104
1.2744	7.997
-2.8189	-10.448
-5.4934	-0.93227
-0.97894	-4.3608
-3.8843	6.1958
7.2045	6.0083
3.253	-10.233
-0.19707	-4.4221
-4.0107	6.2092
-2.9817	-3.987
-2.2611	-10.611
-0.074159	-10.79
-5.6836	4.1362
3.2776	1.0839
8.38	-5.5994
3.3617	-1.4484
6.2843	-8.0266
-3.9623	-3.254
-2.5486	7.1396
1.2832	8.1245
5.9552	6.9163
8.9262	-4.332
3.2932	7.6127
1.7602	-4.0909
-6.276	1.4219
4.0582	-9.6089
3.9586	7.5007
7.5924	-6.7674
-5.738	2.5957
0.50546	-10.535
8.5101	-5.8571
5.9814	6.4348
9.8955	-1.2673
-0.71603	-4.4711
4.9065	-9.3956
-4.0636	6.2783
8.9759	-4.5455
-5.752	-0.77021
-2.1615	-4.2548
3.3208	-1.8208
8.8965	-4.8181
0.027896	-10.801
-0.55328	8.152
-2.4699	-10.862
-4.3962	5.4419
-3.7336	6.5703
3.2263	-2.2026
3.3663	-9.765
8.6297	3.2674
7.5473	5.2147
-5.926	2.0187
8.315	-5.778
8.9269	2.9968
5.6251	7.1565
1.6982	-3.7257
-6.0826	1.3934
2.721	-2.8671
3.5813	0.28566
-5.6562	-1.2959
-1.6035	-10.807
-5.7129	3.1414
2.3672	8.0907
9.7373	-1.2711
-4.8141	-2.6423
7.6226	4.9602
3.2913	-1.2463
9.7466	0.30552
3.352	-1.2054
1.0911	-10.809
-4.4773	-3.0622
7.6046	-7.3202
-6.1178	2.1456
3.7335	-9.8931
-0.42505	-4.7467
-5.8822	2.5263
9.4854	-2.9131
8.1219	-5.7973
9.7415	-2.7893
9.694	-2.0384
2.1642	-10.424
9.4129	-2.7064
7.5167	-6.8952
-4.8148	5.2829
-4.1297	-3.0619
3.1841	8.0989
7.0665	-7.4632
-5.287	4.3783
-5.0097	4.5292
-1.6242	-4.2461
9.794	-0.34518
9.2638	1.83
-3.7279	6.4535
-0.6448	7.9273
-3.8331	6.0478
1.7026	-3.829
-5.3143	3.6964
2.6807	-2.9113
3.0967	0.94748
-6.2083	0.47065
-3.8784	6.3326
2.9263	-10.217
9.5322	-0.2335
9.7955	-2.2073
-4.2076	5.9663
8.093	-5.827
-4.1755	-2.9603
2.6521	-3.271
3.3089	-0.39956
2.4777	1.7336
2.2227	1.9189
-3.1113	6.8675
7.8291	-6.4294
-4.4797	5.4128
9.155	-3.5681
-5.9038	0.25203
7.9979	4.4406
0.80547	-10.75
6.9132	5.9314
4.9793	-9.2981
2.5266	-10.328
2.3279	-10.299
6.3508	6.6395
6.4302	-8.0667
4.3517	-9.6607
5.2208	6.8095
9.8494	-1.9636
1.0686	8.3642
-0.55309	-10.612
-3.9993	5.9578
-2.7664	-10.448
7.6061	5.1368
-3.5068	6.1902
-5.8829	2.035
-5.3167	4.1637
1.6725	-10.257
5.9223	-8.4016
5.0949	-8.8762
0.61205	8.0868
-6.0568	1.3757
7.9081	-6.0431
9.3244	1.9143
-4.9464	-2.0348
2.3656	8.0309
8.8892	-4.7917
8.6873	-5.5276
7.213	5.4469
5.7407	-8.7996
-4.389	-3.1396
2.9256	8.0963
-2.0435	-10.935
5.6683	6.6859
-4.9864	4.964
-6.2644	0.53179
-1.6834	-10.59
9.3681	-2.4476
9.7954	0.13705
0.12555	8.2947
3.3041	-9.9648
9.1535	2.0771
6.2043	6.6325
9.1183	-3.3044
5.9845	-8.2835
-6.0846	0.91727
-3.7157	-3.5667
6.3524	-7.9725
2.7085	-10.481
-1.8501	-4.5291
3.8058	-10.041
-5.9138	1.8843
8.9842	2.9231
4.8665	7.4221
8.4538	4.1102
3.8268	-9.6993
1.0782	8.2487
-3.6506	6.2519
-5.8538	1.9279
-3.9517	-3.1198
2.2351	-10.633
9.7225	0.16281
0.43804	8.3684
3.4733	-0.15227
-2.8813	-4.2614
9.4229	2.088
9.2329	-3.1163
1.9275	1.8679
9.8774	-2.1814
1.996	-10.338
9.3952	-3.0924
-3.7858	6.1534
-2.8792	-4.0601
3.8118	-9.9846
-2.1251	-4.3733
6.4316	-8.1461
9.5232	0.88142
9.5122	0.41794
-4.4148	5.7599
-3.5919	-3.5109
-2.4267	7.3349
-3.012	-10.453
1.2826	8.2196
9.19	-3.4564
7.748	-6.8843
-4.329	-3.3702
-1.797	7.7828
3.3805	-0.32658
4.781	7.4494
8.7004	-4.6059
5.3982	6.6687
9.5264	-2.5138
9.4108	-3.8365
-1.7808	-10.511
8.3262	-5.5997
7.0939	5.3119
9.4792	0.89499
-5.7305	4.0311
1.6856	8.3726
-5.2641	-1.9806
-5.8797	-0.048605
-1.2046	-10.825
1.2608	-10.406
2.3242	-2.9523
2.4973	-3.2711
9.7671	1.0763
6.6905	-7.7193
2.3058	-10.456
0.73743	8.1507
7.9238	-6.1931
6.9041	5.7413
9.48	-3.568
-3.3228	6.5728
-1.7668	-10.619
3.7734	7.8502
-2.0193	-4.1489
-5.8301	-0.89392
-5.7822	-1.0965
9.4436	-3.1221
9.644	-1.0699
-0.004635	-4.423
-5.3326	4.5698
2.5376	7.9352
-4.4328	-2.8816
9.3739	-3.4447
2.6688	1.4937
-5.9206	-0.75219
3.5677	-0.92673
9.7036	-0.50333
9.6174	-2.7776
2.9513	-2.6882
2.6801	-3.2901
-5.4988	3.8607
4.9665	-9.2539
6.9335	5.6584
7.7783	4.8952
-3.4926	6.6129
8.8405	3.6684
9.6638	0.075014
2.756	-3.101
7.5538	-6.9675
-3.1241	-4.1643
4.7259	7.4564
3.4475	7.9653
2.2313	-10.276
9.7029	-2.3926
0.5032	-4.466
-5.7859	3.8826
9.8659	-1.3208
4.4608	7.6927
9.8779	0.51111
1.6246	-10.571
-5.9751	0.35394
9.0861	2.5737
-5.9964	2.8121
-5.5813	-1.1193
-5.2073	4.6552
6.0908	6.5661
9.9207	-1.481
-2.6617	7.0262
8.4548	-5.2781
-1.3266	-10.833
5.4928	-9.0636
6.3726	-8.0385
3.527	-9.8574
9.9543	-0.33494
2.0518	-3.5574
2.9198	0.69606
7.0699	-7.6681
3.9481	7.7474
-1.5666	-10.577
-4.831	5.5084
2.1057	-10.192
3.4825	0.61882
9.9383	-0.7831
1.9929	8.163
8.8181	2.9403
9.4466	1.1224
9.7222	0.017115
0.94908	-4.1504
-0.030324	-10.707
-3.4493	-10.516
9.4459	0.48906
