28.522 23.947
27.838 27.782
23.187 27.007
27.272 24.137
26.723 22.001
28.038 26.231
25.925 25.125
24.238 26.54
23.225 25.587
25.864 27.01
24.475 26.848
21.851 24.788
21.129 23.715
28.238 26.352
25.68 23.809
24.843 24.093
24.967 23.674
25.767 26.617
24.397 21.82
23.597 24.59
24.522 27.067
22.746 25.404
26.282 21.157
25.058 26.669
28.618 27.303
25.73 25.814
23.919 22.706
27.333 26.581
24.524 23.767
22.201 24.393
24.542 28.093
22.732 21.44
24.903 26.494
28.887 25.864
23.03 27.966
25.814 26.428
23.974 22.162
26.003 28.04
24.608 25.391
24.564 24.482
24.552 25.677
27.984 24.822
25.944 24.837
23.039 22.497
25.193 25.171
24.282 25.273
24.438 24.844
27.193 22.389
24.39 25.795
26.326 21.376
25.505 24.265
27.123 26.164
26.993 26.688
27.572 23.02
26.845 22.517
26.453 22.479
24.046 21.325
26.516 26.184
21.843 23.761
27.807 25.307
24.182 28.636
21.27 25.538
26.308 25.244
25.817 26.182
25.377 24.875
22.966 28.677
25.123 22.692
23.039 24.245
25.341 26.879
25.628 24.631
23.553 22.963
24.59 23.799
27.646 25.448
27.902 24.14
23.779 29.052
25.158 25.012
26.711 21.954
21.274 25.743
22.885 23.773
26.657 25.082
23.448 25.272
25.474 24.969
23.068 27.218
27.361 25.008
23.378 22.84
24.633 23.257
27.663 23.057
25.919 25.437
23.387 27.236
24.396 22.848
24.69 25.648
26.077 24.343
27.225 23.556
23.42 23.472
22.13 25.661
26.576 26.486
23.547 23.817
21.975 26.192
21.826 25.266
23.25 24.543
25.299 25.163
27.589 26.521
28.673 26.581
20.944 26.071
24.244 24.907
26.148 20.892
26.337 25.559
22.954 27.06
28.334 25.163
24.7 21.59
25.869 25.903
22.323 27.784
25.804 27.16
27.909 22.695
24.964 25.077
24.9 25.654
22.259 23.228
24.132 26.518
24.896 24.317
22.932 22.444
25.412 22.795
21.916 26.268
25.034 26.086
22.199 26.32
27.361 23.359
28.554 24.737
21.347 26.254
25.964 23.53
27.753 25.997
25.66 23.027
23.19 22.753
22.886 25.657
25.393 23.732
24.486 25.475
26.473 25.335
25.222 21.594
25.57 23.842
25.967 24.754
27.479 23.266
26.7 24.759
24.111 23.8
25.022 22.997
24.15 26.826
21.896 22.065
26.61 21.827
21.578 26.123
27.633 26.255
28.549 26.913
20.839 24.546
22.611 23.302
28.074 28.057
27.108 25.383
24.903 24.033
25.654 23.41
25.039 22.376
23.94 27.672
23.262 22.843
26.879 21.796
26.023 27.554
21.298 25.046
27.456 22.449
25.531 21.354
27.628 26.765
23.868 25.008
26.651 22.151
25.022 26.692
28.197 25.078
24.739 21.717
23.431 26.078
23.176 23.787
22.4 22.342
22.355 27.085
25.596 21.144
23.741 23.815
23.913 26.725
25.491 22.728
22.963 21.764
25.931 20.919
27.77 28.27
23.811 27.317
27.765 26.762
25.602 25.523
25.663 25.626
23.457 21.378
26.561 27.822
23.886 24.803
25.338 24.262
23.775 23.074
20.939 25.458
28.539 24.422
27.32 26.141
22.579 25.967
26.167 26.12
25.696 24.296
23.969 25.082
25.569 23.566
26.929 25.162
26.231 24.159
21.36 23.693
22.921 22.815
23.86 27.609
26.612 27.531
28.819 26.419
27.089 25.241
27.624 25.821
24.549 25.142
28.522 23.688
24.694 26.236
23.819 27.026
24.902 27.188
26.713 23.527
25.17 25.945
21.707 24.769
24.707 24.676
25.399 22.777
22.425 26.212
22.345 24.186
24.618 24.012
24.833 25.112
25.375 22.207
25.572 22.099
25.587 25.498
24.698 25.457
24.403 25.129
24.994 25.174
28.753 24.856
25.044 23.621
23.088 23.191
23.255 21.944
25.326 24.924
24.03 20.944
26.969 26.296
23.276 27.833
25.127 22.368
22.017 25.178
23.677 27.121
25.029 27.559
27.275 22.043
25.943 26.259
22.262 21.925
23.298 26.934
27.952 25.633
25.976 26.474
26.828 26.522
24.754 22.855
23.24 25.835
22.996 27.339
23.203 23.236
25.802 25.362
27.396 23.852
24.98 26.156
25.351 25.615
24.605 22.931
21.333 22.646
21.377 23.797
25.241 24.369
27.549 24.492
21.763 26.927
24.595 24.673
24.311 22.033
26.173 25.887
26.285 25.693
26.558 26.381
27.136 22.824
21.255 25.309
24.626 25.094
25.121 24.162
23.917 24.768
21.782 23.53
26.61 27.348
23.417 21.507
22.118 25.34
24.099 25.664
26.39 23.272
23.863 23.496
26.1 28.455
22.319 26.223
22.626 24.67
25.665 21.972
29.04 24.259
25.14 26.229
28.946 26.22
24.667 22.945
22.529 24.129
23.637 21.457
24.332 26.437
25.338 24.162
27.604 24.317
25.395 23.396
24.993 25.013
24.483 25.215
25.873 26.31
24.033 23.513
25.653 22.952
23.97 26.71
24.718 26.258
26.102 26.111
23.73 26.675
28.402 25.684
22.503 25.656
26.08 22.875
24.838 27.692
27 22.68
27.256 27.449
23.606 21.837
22.771 22.955
25.24 22.325
23.737 28.202
23.825 26.694
24.408 26.254
27.605 23.675
28.372 23.984
24.837 25.259
26.559 27.137
26.133 22.989
24.613 28.524
25.399 25.736
24.617 25.66
26.806 26.11
24.951 21.696
25.121 26.851
24.86 24.101
23.464 26.791
27.429 23.366
26.812 25.567
24.167 25.961
23.589 24.613
23.341 23.402
23.063 23.68
25.211 25.731
23.947 24.995
23.107 25.958
24.158 27.391
25.118 28.921
23.484 25.287
24.588 24.098
25.093 24.323
23.713 27.472
26.219 27.706
23.176 28.756
23.839 24.309
24.555 22.245
24.625 26.893
23.241 26.304
25.372 24.293
26.066 27.581
24.84 25.529
25.304 20.828
25.981 21.958
28.068 25.136
25.847 24.396
22.941 22.03
24.698 24.599
26.057 27.097
26.425 23.042
24.732 27.566
23.407 24.021
25.635 23.831
28.107 26.644
22.131 27.586
25.231 28.308
24.463 27.377
26.76 27.444
24.223 23.931
25.008 23.888
25.317 24.957
25.689 23.943
26.887 27.595
25.662 23.503
28.327 26.016
21.138 25.129
24.36 22.687
27.364 27.248
24.41 22.287
25.353 26.729
22.938 26.489
23.458 26.503
26.03 26.431
23.662 27.683
28.068 23.517
23.309 27.859
23.824 25.26
22.75 25.532
25.909 23.79
22.41 25.24
23.589 26.55
24.206 25.212
23.939 25.114
20.858 24.883
21.846 26.118
22.376 22.831
27.128 23.377
26.645 24.083
24.243 24.452
23.646 28.434
26.643 23.958
27.25 28.53
25.209 25.695
24.28 26.438
24.451 24.267
25.452 24.678
23.314 25.696
23.573 26.46
23.913 25.091
24.774 24.493
25.92 24.039
26.774 21.934
25.639 25.692
22.934 22.889
22.079 24.823
26.259 26.738
25.779 26.995
22.563 23.636
25.192 27.908
25.469 23.98
26.533 28.107
25.938 22.765
26.477 25.703
23.432 26.255
28.948 25.913
26.496 27.657
26.284 23.888
23.39 28.513
22.589 28.438
25.649 26.568
26.213 25.499
28.21 24.795
24.875 25.046
24.277 27.647
25.639 24.253
24.161 24.754
22.181 25.224
22.478 25.772
23.708 27.825
23.166 27.553
24.827 24.905
25.331 23.85
26.006 27.901
25.714 24.462
25.617 21.211
26.484 24.492
26.94 26.696
22.016 26.149
25.378 26.022
21.437 23.817
23.159 27.217
25.343 25.006
24.864 27.087
23.009 25.89
21.997 23.331
23.187 25.231
20.887 24.969
24.268 27.91
22.968 22.582
25.154 25.944
22.514 28.373
25.876 26.679
24.945 24.916
23.122 26.831
26.353 24.871
24.843 26.611
22.963 26.249
25.177 27.381
22.243 27.28
28.413 27.14
26.123 24.503
25.313 24.715
21.576 24.966
28.353 24.498
24.987 24.619
26.28 28.064
23.165 26.025
24.74 26.444
26.436 24.066
23.196 25.168
24.569 26.36
25.145 25.61
22.852 27.421
26.629 24.668
25.165 22.873
26.742 24.956
26.616 25.661
26.26 28.326
25.581 26.152
24.444 22.21
22.032 24.935
23.178 23.639
24.312 27.679
24.278 26.711
22.312 25.727
23.924 26.534
22.307 25.583
24.121 25.502
24.308 28.384
24.786 25.782
24.932 25.814
25.801 23.649
25.048 24.15
23.007 26.317
27.594 23.525
24.247 28.893
27.734 25.516
26.487 27.871
24.005 21.914
24.983 24.191
23.848 22.708
24.605 25.599
22.415 24.071
25.447 26.81
26.702 21.313
25.073 22.997
23.906 26.478
26.988 24.737
23.132 25.853
24.845 23.721
23.825 22.981
23.018 22.142
24.34 25.476
26.176 21.048
26.337 23.615
26.322 26.789
24.705 22.636
21.038 25.171
25.281 24.69
24.755 21.43
22.704 23.297
24.857 26.893
26.496 25.793
24.14 23.718
26.812 22.014
21.499 24.391
27.65 26.164
24.335 23.368
24.639 26.401
24.447 24.154
25.21 25.215
23.657 26.236
26.238 22.981
28.518 24.002
22.884 27.247
25.64 24.852
26.039 23.456
24.358 25.7
24.954 22.958
26.389 22.419
25.908 26.788
25.441 24.994
25.633 25.591
24.999 28.908
25.699 25.431
24.127 25.12
25.071 24.725
22.252 27.45
23.71 27.345
26.681 25.507
23.874 27.552
23.666 25.676
22.481 26.879
22.695 25.483
25.225 27.402
25.712 28.596
26.949 22.266
23.888 23.865
22.15 22.53
24.489 24.35
22.108 22.63
24.751 24.677
27.16 25.916
26.541 23.841
24.135 28.227
26.239 25.907
23.953 23.73
26.504 26.755
27.077 27.741
25.243 22.372
24.556 27.897
22.281 23.794
22.28 26.128
24.354 22.955
21.639 26.76
22.345 25.558
27.27 22.759
28.457 23.37
26.416 23.333
25.704 25.72
23.785 26.31
23.477 26.771
24.973 23.438
22.083 22.669
24.219 25.663
28.145 23.779
25.01 23.608
25.229 28.245
26.458 27.223
26.984 25.013
25.229 25.488
24.693 25.254
25.926 24.368
27.192 23.996
24.632 24.003
26.907 23.523
22.971 27.015
24.449 23.073
23.657 26.476
24.124 28.744
22.337 27.979
26.385 23.875
23.247 24.018
24.957 27.68
23.762 22.073
26.078 24.663
22.472 22.761
22.121 26.034
27.322 26.629
26.505 21.515
24.453 26.459
27.262 24.273
25.418 27.942
24.85 21.545
27.623 23.393
23.239 28.678
25.139 24.463
25.592 25.425
22.533 26.764
25.131 23.137
25.401 21.458
24.829 27.534
26.668 26.784
23.476 22.776
26.778 22.107
23.974 26.83
27.981 27.993
24.743 25.133
26.323 23.153
23.985 25.449
28.001 25.989
23.162 27.726
27.08 22.708
23.637 26.918
26.764 25.417
22.85 25.264
23.828 25.33
25.018 27.335
24.264 25.405
21.521 23.088
25.06 25.08
23.664 27.005
26.312 27.223
25.761 22.893
23.532 24.967
21.627 26.786
22.944 24.074
26.951 27.295
25.049 23.4
25.375 23.298
23.74 27.79
25.086 24.328
24.579 22.54
23.75 24.64
27.257 23.555
24.953 25.377
29.213 24.932
21.866 26.636
24.017 26.251
28.315 27.402
25.235 28.621
23.929 24.253
24.763 24.276
24.04 22.844
27.836 26.443
22.055 25.405
23.221 22.477
27.125 24.691
25.307 24.752
22.758 21.792
24.351 24.392
25.42 27.096
23.463 28.474
24.12 23.976
23.922 22.107
26.416 22.938
27.22 23.146
23.691 25.134
24.507 24.716
24.694 26.485
24.417 22.881
23.472 25.605
24.301 28.037
25.848 24.544
26.234 24.981
24.775 26.241
27.042 25.484
23.649 25.131
26.076 25.916
23.648 27.823
26.044 22.083
23.523 27.271
21.765 22.602
24.756 28.444
23.074 25.87
22.976 25.787
24.7 24.795
22.758 25.609
22.461 26.088
24.296 23.483
26.257 24.464
24.842 21.278
25.455 25.241
21.156 24.06
26.692 24.871
26.033 27.463
27.236 23.833
27.218 21.844
23.038 25.016
27.046 22.232
28.451 27.231
24.307 24.68
28.22 26.282
22.518 23.301
24.033 24.365
24.72 25.461
24.213 26.144
23.333 21.563
27.058 25.087
24.805 26.147
24.435 27.487
25.442 24.75
27.26 22.964
22.159 27.322
26.074 25.839
28.585 23.496
23.264 26.241
23.755 24.475
25.464 24.596
25.333 24.458
27.001 25.811
23.012 24.028
26.659 25.299
22.48 21.653
27.982 24.033
25.048 25.831
24.442 27.204
21.935 24.475
23.445 26.642
26.519 28.46
26.577 25.571
25.349 27.29
23.785 25.401
26.158 25.637
25.434 23.808
25.591 25.652
23.789 25.972
22.781 24.316
23.895 25.187
26.908 28.059
23.39 23.461
26.677 22.151
23.716 21.506
24.629 24.466
26.741 25.401
22.891 23.389
22.736 23.441
27.507 26.841
23.688 24.07
25.411 24.276
24.8 27.044
21.974 23.332
23.294 26.479
25.058 23.796
23.512 24.914
23.877 21.919
27.407 24.041
23.558 26.455
25.136 24.07
28.811 25.282
25.695 28.159
25.237 25.761
25.584 24.164
26.516 27.102
24.214 26.303
25.539 23.12
27.217 28.301
26.019 23.453
26.414 28.259
26.672 24.512
24.393 22.994
28.245 25.184
28.424 26.613
24.952 23.367
24.909 23.262
22.484 23.321
24.499 26.855
24.937 23.425
28.029 23.892
25.293 22.442
26.783 24.987
26.881 28.596
22.641 23.417
25.968 26.158
25.256 24.29
23.935 26.523
23.066 24.645
24.743 22.608
25.602 23.533
21.542 25.67
28.882 26.132
23.237 24.147
25.216 23.182
26.736 23.733
24.083 21.766
26.309 27.169
27.008 24.613
22.132 26.089
24.597 27.113
25.857 27.889
25.791 24.533
26.156 25.044
22.096 24.277
23.553 23.602
24.55 23.716
25.466 27.196
24.487 23.317
23.336 24.976
24.87 25.68
25.827 24.69
23.291 24.712
29.185 25.461
25.411 23.03
24.552 20.865
24.788 24.256
25.853 24.276
22.6 25.382
25.498 23.729
26.612 24.957
22.842 28.474
25.659 26.365
24.594 25.165
23.75 25.335
22.159 23.284
25.491 24.559
24.895 23.987
26.249 25.129
23.887 24.735
27.425 26.74
27.638 24.078
27.502 25.889
25.862 28.363
27.165 25.802
26.779 27.246
26.758 24.952
24.425 26.957
28.467 24.084
25.785 26.096
25.791 27.701
25.696 25.797
27.294 23.87
24.92 23.423
26.52 24.334
23.707 24.856
23.616 27.807
24.242 20.953
21.204 26.549
24.671 24.124
26.977 22.559
26.819 26.087
26.337 24.799
24.587 23.922
25.454 24.241
27.049 25.241
28.062 23.84
23.482 21.764
22.745 24.229
24.574 25.631
24.308 25.405
26.361 22.963
27.181 24.544
28.135 25.053
23.638 24.961
25.729 25.917
22.775 24.019
27.429 24.23
25.458 27.66
25.746 23.097
24.54 26.266
26.039 25.753
24.586 25.454
24.013 23.634
25.561 26.106
22.957 25.434
21.554 23.592
28.599 24.361
26.425 26.956
23.445 23.532
24.246 26.05
27.113 23.123
26.396 27.588
28.898 24.483
26.037 24.676
24.973 25.432
25.237 25.023
25.1 26.734
23.965 27
24.355 26.676
21.131 24.337
22.739 24.364
22.985 22.299
27.858 25.177
25.828 25.782
23.681 27.543
22.818 24.652
24.323 22.404
24.163 27.905
24.347 22.867
22.09 26.318
27.312 25.941
24.57 21.464
26.372 22.133
27.854 23.555
24.817 21.268
23.29 25.482
24.352 29.094
23.824 24.268
26.085 24.931
22.109 25.271
21.86 24.337
25.583 25.799
24.106 23.94
28.637 25.621
25.218 22.917
23.817 25.251
25.464 25.533
21.847 23.081
27.014 24.213
22.648 24.864
28.197 23.966
25.674 25.586
23.306 25.644
27.111 23.851
24.565 28.313
25.755 23.624
26.83 25.945
26.892 24.998
26.05 27.67
22.669 24.036
27.153 22.129
23.107 28.133
25.463 28.045
22.855 22.921
27.953 23.758
24.802 21.423
27.335 26.931
27.076 24.46
25.788 25.067
27.861 24.074
25.693 21.308
27.278 27.165
24.467 25.195
26.153 26.703
24.792 26.37
28.628 24.181
25.243 24.972
26.899 22.498
24.688 25.739
26.438 23.725
25.239 24.71
24.301 22.246
23.015 27.384
21.084 24.994
22.449 27.915
25.547 27.21
26.152 27.849
25.884 24.798
22.025 22.981
23.174 23.14
22.953 24.353
24.687 26.903
22.473 25.451
25.909 27.254
27.053 26.441
29.084 25.165
23.227 28.031
27.83 26.63
23.194 24.32
26.272 26.234
22.205 23.255
24.589 28.814
23.699 27.138
24.41 25.621
26.904 24.828
23.431 26.366
23.509 26.591
26.664 24.659
27.608 25.699
24.095 26.13
28.211 24.919
23.183 25.207
24.558 25.66
23.66 23.335
25.629 23.919
23.147 23.535
