18.547 25.095
30.597 28.211
31.743 18.314
30.18 28.354
31.734 28.76
18.925 26.072
30.611 27.064
17.5 24.962
34.543 29.801
20.516 28.082
32.798 29.434
15.165 23.089
29.32 25.507
13.219 20.97
32.697 29.289
13.953 30.696
17.464 26.041
18.926 27.774
21.395 29
32.158 26.921
19.422 29.693
40.41 26.358
33.672 15.346
15.939 25.296
16.077 30.433
19.09 24.456
15.205 23.99
19.154 27.37
17.435 24.239
18.25 20.312
20.605 23.003
30.298 28.976
29.11 22.326
16.689 23.178
35.147 26.171
13.513 25.174
20.285 26.969
33.934 29.296
36.021 22.283
11.478 17.984
29.644 25.806
30.878 25.247
19.288 26.026
14.828 27.955
20.36 26.915
13.943 21.497
31.428 17.739
30.07 22.92
19.418 26.604
35.797 26.15
32.24 27.529
33.478 27.575
35.517 30.324
29.484 21.087
30.267 26.974
33.77 25.562
19.345 22.717
20.423 23.258
34.618 32.412
32.191 28.405
18.839 29.355
16.084 24.694
32.003 22.018
35.437 25.654
16.979 26.949
20.052 28.282
29.723 26.077
33.076 19.286
32.679 23.63
18.444 30.071
18.694 26.886
31.066 23.608
37.307 25.688
30.165 27.293
30.371 21.801
28.747 21.543
33.175 25.373
21.002 28.222
15.012 26.494
17.789 28.577
37.081 20.63
17.125 25.527
14.1 19.791
16.711 22.667
12.97 27.715
19.203 20.486
18.724 28.209
17.289 25.462
17.124 27.178
29.772 27.594
19.511 26.062
17.301 23.655
11 24.184
32.245 19.828
30.265 21.209
19.794 23.716
18.189 29.212
30.682 25.216
30.517 25.522
33.685 24.933
35.462 24.116
35.062 25.036
30.565 20.822
17.39 24.908
31.899 21.983
34.714 22.351
18.778 23.224
18.189 21.639
28.173 21.44
14.005 25.946
35.348 25.333
29.275 26.549
15.284 24.543
9.9204 25.096
18.523 30.136
12.601 24.65
16.527 27.357
31.757 27.497
20.75 24.008
33.145 30.239
31.081 22.969
38.073 28.879
19.778 23.978
18.079 29.913
17.222 31.415
20.39 30.133
33.649 22.192
19.757 24.28
7.1716 25.246
17.928 22.455
16.171 22.762
35.263 26.313
14.778 30.402
17.575 26.13
34.583 28.447
20.876 28.332
31.167 24.629
34.006 17.526
36.474 20.181
18.093 27.456
14.087 24.665
30.616 29.191
14.011 26.363
20.886 23.516
19.977 22.961
18.085 29.613
14.078 21.195
5.9571 21.655
31.42 24.041
14.898 23.18
30.564 22.845
28.832 28.347
30.194 25.437
20.126 25.567
29.932 19.594
16.152 19.272
37.972 21.1
30.86 25.635
19.539 24.509
34.243 23.128
30.719 22.907
32.397 28.361
33.411 21.907
19.391 30.501
17.618 25.819
30.342 27.879
36.054 30.92
37.488 23.218
13.573 34.188
15.08 21.155
20.897 28.849
20.074 20.987
29.637 21.851
16.207 22.966
20.288 22.012
20.393 22.435
17.19 24.842
17.842 26.855
18.957 27.018
16.123 23.748
13.918 19.259
18.596 24.084
32.196 27.823
17.473 26.816
28.775 22.172
33.471 27.197
16.246 24.298
20.781 27.657
19.233 28.189
30.121 25.858
17.83 24.393
13.694 31.393
28.727 28.015
36.659 20.957
18.562 25.315
17.844 26.68
31.751 22.679
18.158 25.087
31.552 28.269
19.291 23.471
10.571 24.595
30.835 25.985
33.49 20.022
33.916 28.701
31.712 20.073
32.474 20.115
31.178 24.588
34.829 28.615
16.034 24.319
37.51 26.36
34.412 27.711
21.078 22.288
29.43 20.301
37.45 19.759
31.717 25.329
18.487 22.768
21.004 22.7
30.935 26.908
30.772 22.557
29.561 21.017
20.145 21.647
13.856 19.426
16.886 26.516
36.325 22.999
17.667 32.163
34.244 22.931
18.819 21.599
31.056 22.556
13.01 28.499
12.7 28.497
29.221 23.623
39.026 25.38
9.7022 25.953
30.614 21.943
31.625 19.383
31.394 23.438
18.669 30.43
15.558 33.578
19.649 21.814
37.841 25.416
13.233 29.023
12.258 24.576
20.558 21.593
33.873 26.999
33.596 25.364
29.285 21.287
20.53 23.708
14.153 23.549
19.542 27.123
33.761 18.489
20.21 23.535
14.509 24.246
17.352 27.943
36.504 27.577
17.064 26.133
16.387 17.878
33.436 24.687
17.368 27.552
30.125 22.767
20.971 27.626
31.012 21.491
16.018 20.804
29.889 22.708
18.853 26.205
30.021 19.479
17.732 23.422
32.501 28.266
29.495 26.026
14.93 23.931
19.256 30.158
34.165 26.836
37.004 29.116
17.86 26.225
33.199 24.865
18.32 25.244
37.659 32.583
16.749 28.683
11.883 26.169
19.336 24.893
31.296 26.946
31.137 27.772
19.668 22.393
29.927 22.258
20.756 28.866
18.25 29.419
29.849 28.284
41.038 27.311
19.607 25.533
13.847 26.754
29.405 28.707
30.041 22.978
31.995 26.041
14.324 22.801
19.949 29.506
17.614 27.608
33.282 25.897
30.517 29.17
33.351 23.587
30.393 23.182
11.545 32.77
14.509 30.38
16.924 22.839
33.315 23.362
19.57 27.232
19.094 20.637
16.774 27.861
32.131 18.511
20.149 21.333
20.042 28.911
28.727 27.446
30.807 20.786
36.815 31.072
29.675 23.432
20.609 27.934
29.662 26.446
19.329 22.212
20.175 22.964
19.8 26.944
19.8 28.184
33.791 32.039
20.2 28.63
17.071 28.434
12.143 21.893
15.314 27.972
32.677 20.927
17.76 24.501
18.726 28.853
18.891 28.035
18.003 27.417
30.257 21.847
34.057 19.755
31.99 27.357
34.44 23.428
12.954 21.303
33.056 25.003
31.619 24.075
17.687 28.894
35.165 23.836
32.072 21.305
19.155 29.448
29.093 22.906
11.519 25.037
38.411 24.081
19.435 28.588
30.442 27.045
21.509 27.828
17.603 29.134
15.109 23.091
34.485 28.176
34.9 21.297
16.94 20.988
29.763 20.81
10.883 23.653
30.245 25.733
11.452 26.952
37.922 22.603
19.329 22.94
17.492 23.126
20.203 23.303
15.163 25.196
29.665 22.455
20.651 22.79
30.011 24.468
29.622 21.976
34.779 21.881
32.479 27.464
28.847 21.114
20.028 20.922
13.156 27.787
32.002 22.651
18.311 24.746
35.725 27.175
15.289 24.355
16.296 26.154
16.644 22.39
33.095 30.41
18.588 21.574
20.113 27.284
32.744 27.167
20.582 26.462
42.511 27.83
29.501 21.618
32.01 19.063
18.782 28.026
32.661 19.23
30.293 25.038
13.805 35.344
19.432 26.062
34.004 30.909
29.754 21.398
21.04 23.003
20.713 25.788
17.428 30.481
34.598 25.841
34.623 17.343
14.404 28.801
31.801 23.846
31.648 28.315
30.149 20.281
35.364 19.321
11.188 27.826
31.743 18.669
31.274 22.924
20.537 22.114
30.873 28.079
29.038 27.525
14.942 20.856
33.201 22.521
14.736 26.178
29.412 26.821
33.335 23.783
35.525 24.048
16.982 27.328
31.787 23.647
31.391 23.275
32.731 29.465
17.664 25.362
20.045 29.092
34.722 22.319
17.598 25.6
17.906 24.133
21.715 28.698
21.054 28.948
34.33 26.271
30.355 29.008
19.102 26.81
35.915 25.23
31.906 29.092
18.001 27.662
33.781 30.204
30.632 28.774
19.201 21.623
16.143 32.024
17.706 27.716
20.798 28.094
29.613 21.642
41.143 16.777
35.516 32.445
21.338 28.374
18.927 27.723
30.412 22.395
16.93 30.63
32.041 19.007
34.931 27.043
33.826 21.946
31.689 25.481
29.651 25.386
29.92 22.309
33.841 22.069
29.504 23.037
34.212 21.286
33.425 27.785
36.21 31.253
30.333 24.154
34.311 17.665
33.379 27.235
15.007 24.476
16.632 25.559
33.277 24.774
18.956 22.43
16.925 33.4
19.718 25.356
34.113 27.98
33.869 21.627
30.556 29.778
19.196 22.736
31.674 21.2
31.895 22.382
19.52 20.168
19.461 22.911
32.964 28.068
41.991 23.965
18.207 26.862
30.367 20.752
19.934 24.339
31.526 22.036
19.769 25.426
18.294 24.541
35.02 25.553
13.524 30.303
20.187 24.437
11.219 20.017
33.009 30.077
30.173 26.029
34.909 19.554
29.667 27.695
31.03 29.506
17.104 22.243
20.022 27.848
18.257 20.027
33.758 22.531
14.113 24.678
20.423 22.335
14.465 30.124
14.414 23.839
28.473 22.033
33.479 27.413
13.273 21.907
31.245 27.136
20.883 23.103
15.316 28.723
33.254 28.337
33.952 27.65
31.507 20.732
20.238 24.747
16.736 27.464
16.425 23.289
31.229 20.395
34.81 26.292
15.526 31.385
20.257 22.773
20.362 21.412
37.575 24.975
31.167 29.169
14.513 29.903
18.551 28.256
29.617 26.651
29.451 19.967
20.96 27.732
19.353 28.115
34.67 25.95
19.98 23.252
33.74 26.964
34.735 23.098
29.101 27.055
15.369 28.65
33.045 28.87
13.162 23.001
34.806 32.393
13.506 26.284
34.237 24.671
17.706 20.029
34.293 27.395
37.592 29.368
29.868 28.699
38.684 32.689
29.283 25.919
14.58 28.271
29.392 20.509
20.404 25.712
8.2959 18.681
12.079 28.133
30.693 18.973
20.299 22.445
34.172 24.462
20.546 27.184
19.474 26.423
15.472 23.371
17.386 23.312
17.297 29.684
29.96 23.264
19.275 26.001
18.532 26.499
28.802 21.598
20.067 29.988
29.31 24.244
17.64 23.155
17.394 22.528
20.329 27.317
32.61 18.322
20.588 25.933
29.892 25.207
14.428 23.546
13.726 24.078
15.072 22.39
29.5 20.278
17.549 30.812
14.516 28.182
14.299 22.658
20.706 23.956
29.426 24.376
21.388 28.364
14.214 19.427
30.031 28.486
31.878 29.869
29.583 24.072
29.44 25.821
18.265 21.711
32.842 18.435
19.283 25.09
30.11 22.306
29.69 21.874
30.164 28.748
20.522 28.671
20.294 27.526
31.523 24.304
31.764 26.822
38.911 21.89
20.819 26.888
20.657 25.155
30.391 28.817
32.471 26.56
30.096 22.578
14.375 23.086
31.947 24.264
19.099 23.344
20.82 21.907
20.104 29.946
30.688 25.921
20.924 27.931
32 21.518
32.911 29.396
14.849 23.059
31.706 26.197
32.865 28.026
30.331 26.853
38.115 27.117
30.705 21.578
20.609 23.356
36.664 24.839
34.939 23.591
31.888 27.395
20.778 25.955
32.912 29.349
20.719 22.289
20.877 22.454
31.439 26.444
18.411 27.18
30.175 29.24
31.868 23.056
29.18 28.521
14.295 27.003
17.456 28.662
38.331 18.386
31.55 23.159
15.864 26.235
16.848 26.984
20.015 29.673
34.684 23.287
15.355 29.747
16.831 22.301
28.704 22.213
17.844 20.512
29.645 27.104
19.599 24.291
32.701 20.371
29.869 28.55
30.31 24.643
36.77 27.663
18.041 25.709
36.127 23.825
11.835 24.725
32.514 28.553
32.298 27.911
20.102 26.1
36.329 26.453
17.814 26.272
33.61 18.634
19.354 24.523
14.378 23.35
34.281 25.45
20.808 23.407
34.146 28.648
20.436 23.647
31.294 28.21
31.425 28.315
17.214 24.22
14.061 24.32
17.347 24.975
30.037 21.219
37.274 29.446
17.212 21.648
30.73 24.31
29.839 26.445
19.219 28.989
18.502 29.195
20.211 28.742
32.751 26.092
29.013 21.926
31.24 23.591
34.362 24.6
17.998 26.675
33.439 21.441
31.473 23.518
19.888 27.733
33.919 24.838
32.43 29.237
34.885 20.259
17.436 28.849
19.387 22.701
34.466 30.852
30.552 26.164
30.718 27.678
29.364 23.824
16.806 24.254
17.206 25.857
32.769 24.197
20.902 26.301
20.759 26.285
28.897 21.003
30.171 21.074
29.366 27.165
34.775 21.53
35.415 24.679
19.262 22.703
18.922 27.384
17.826 19.044
32.164 27.201
20.892 29.196
14.726 26.747
29.753 24.164
19.709 25.986
31.07 22.562
18.181 26.121
29.106 22.703
35.538 21.992
17.468 27.733
35.001 27.558
18.875 25.011
19.688 29.94
30.262 19.996
37.676 26.067
32.23 24.109
31.233 26.548
33.738 28.073
15.171 29.691
16.21 28.584
34.326 26.534
32.183 26.415
10.74 24.81
20.088 23.331
34.042 18.699
14.082 25.333
29.053 27.198
29.366 26.155
12.84 26.365
13.719 25.567
32.232 20.43
19.785 24.449
16.548 23.541
29.043 21.068
16.369 27.461
18.498 23.951
29.581 28.696
16.759 22.371
18.3 22.805
16.261 23.887
16.559 18.652
11.414 28.916
29.205 21.326
20.016 26.198
18.061 25.971
11.64 26.275
29.942 19.53
30.321 26.679
18.381 21.116
32.067 25.999
19.729 28.876
32.32 27.231
31.983 27.897
33.199 25.331
18.944 21.438
30.116 28.37
35.226 22.613
34.223 25.543
30.307 24.77
12.98 17.025
30.994 22.155
29.171 26.353
29.179 28.674
16.766 30.207
29.84 21.296
29.256 20.828
28.841 22.536
19.295 23.845
30.34 27.517
30.59 27.046
13.723 23.722
38.035 16.32
19.427 23.889
19.477 25.904
18.008 29.364
20.452 29.684
36.143 30.488
14.488 26.815
30.583 22.595
20.286 26.095
39.173 28.216
18.485 29.455
20.375 22.551
17.845 21.466
6.3481 23.467
17.936 23.976
13.7 18.684
20.765 28.164
34.278 30.366
20.475 25.171
29.981 27.686
33.669 24.943
32.272 21.957
29.08 27.012
30.703 27.196
19.796 26.738
35.535 26.865
29.048 28.218
19.884 20.819
16.006 21.722
30.876 24.603
29.392 23.489
29.828 20.629
16.551 26.11
32.638 21.179
10.177 21.429
17.166 26.728
16.19 24.172
16.729 21.996
18.434 23.934
31.002 25.227
19.24 26.86
10.929 21.444
15.354 23.577
28.92 21.264
20.077 23.939
31.881 28.715
31.163 25.662
21.249 28.628
29.742 24.464
29.847 24.381
18.385 23.751
28.312 22.07
12.287 27.034
29.499 26.303
33.616 27.583
32.497 26.121
29.973 24.333
11.864 26.236
32.037 26.282
32.16 24.498
35.782 20.876
17.906 25.998
18.798 25.167
39.49 21.382
20.626 29.604
19.863 22.467
35.477 24.626
36.06 21.8
30.841 26.142
12.059 23.387
29.974 26.051
17.48 25.398
32.002 22.673
31.868 23.611
15.159 24.68
16.177 22.449
33.539 22.12
29.932 21.966
30.125 24.477
32.7 22.157
32.378 26.573
36.016 27.829
35.899 28.343
32.686 28.092
32.705 18.386
17.019 30.92
33.08 25.758
28.59 27.757
15.975 31.204
29.173 21.877
30.722 21.728
18.481 23.001
34.346 22.08
29.447 23.029
32.737 27.815
19.742 23.243
18.215 25.823
32.556 26.149
16.935 27.707
39.766 21.526
17.479 31.775
37.021 29.392
20.528 23.797
16.003 23.685
36.195 21.206
33.007 26.994
19.256 30.844
17.563 19.154
32.561 25.503
29.876 20.193
18.957 25.109
30.839 18.993
29.556 23.591
48.215 22.819
31.006 22.519
35.756 24.623
19.362 20.325
37.064 21.302
34.511 28.938
17.867 23.245
16.407 31.02
17.358 32.273
33.873 23.656
19.315 24.189
33.358 22.49
13.514 24.644
30.033 21.529
37.573 18.158
29.382 23.827
19.419 24.276
29.513 25.04
35.619 19.655
30.735 23.165
21.282 22.339
21.863 28.415
32.305 31.185
20.133 26.864
19.849 23.878
32.777 20.539
17.857 28.166
19.52 25.011
32.16 22.431
18.307 26.489
29.241 23.577
16.526 18.273
17.532 26.017
29.705 25.014
18.763 22.967
30.596 24.737
31.473 28.136
35.876 17.596
32.655 24.99
15.71 21.506
11.151 23.942
29.934 25.982
34.531 24.24
19.575 24.274
21.272 27.432
29.728 20.317
32.051 27.599
15.666 29.759
35.305 31.671
31.201 19.88
15.607 25.376
32.19 24.622
32.142 22.335
14.218 23.252
34.781 25.275
29.31 28.222
30.476 27.776
33.045 24.739
33.485 25.982
33.729 20.884
21.322 22.53
21.404 28.68
30.983 24.25
18.963 28.795
21.348 27.947
34.651 22.278
30.502 22.067
29.872 28.087
30.621 26.817
32.322 25.298
19.856 25.309
20.393 21.486
28.642 21.764
20.844 28.219
30.912 27.64
29.79 27.235
28.979 21.943
19.811 22.397
35.851 32.252
32.511 21.621
32.678 23.14
17.712 30.467
30.855 19.888
16.839 23.009
17.86 25.102
34.678 26.341
31.322 28.397
20.186 28.735
33.476 28.112
30.361 24.314
36.057 32.02
19.774 25.987
38.441 26.574
18.899 25.271
31.819 25.251
32.245 23.755
35.33 29.547
30.854 27.623
34.819 23.49
31.952 30.052
18.568 26.269
31.007 20.282
16.624 20.385
31.859 26.304
29.328 28.136
16.3 27.593
20.454 25.033
13.676 31.203
20.533 28.796
28.423 21.399
32.944 28.769
18.359 23.322
34.484 22.149
30.063 24.146
29.911 25.221
29.594 28.037
29.095 27.727
29.818 23.798
36.647 28.442
