28.088 20.909
26.722 19.696
25.398 15.926
24.173 20.016
28.138 29.273
29.441 31.369
29.148 15.4
19.14 16.87
24.693 30.718
20.484 33.987
27.668 13.786
25.042 19.988
25.162 18.092
27.324 29.973
21.238 31.97
27.591 20.069
25.572 20.02
22.126 21.003
26.992 19.031
23.118 19.114
23.441 29.231
19.854 16.327
24.82 31.757
29.678 17.738
20.478 31.49
23.942 30.088
21.592 29.508
25.685 14.498
27.761 13.684
31.019 44.806
25.609 17.309
32.902 38.261
26.712 35.655
25.674 29.677
27.651 33.815
21.851 30.089
27.902 28.855
30.476 17.75
27.316 7.5776
30.888 18.193
28.074 29.069
21.011 18.748
21.734 18.627
22.234 15.025
27.753 32.188
20.257 32.295
33.054 13.601
22.384 19.8
24.703 31.905
28.301 16.02
22.393 21.266
26.226 19.243
27.517 19.765
22.379 28.836
19.347 19.679
25.821 20.413
20.308 31.42
31.153 32.832
21.768 19.573
25.654 18.553
28.17 33.026
27.302 29.327
21.917 38.224
23.676 16.395
17.861 17.789
26.419 16.812
18.958 33.615
24.739 29.444
25.328 36.139
24.918 13.957
26.945 33.32
21.516 17.439
25.946 33.429
25.839 16.964
28.872 18.696
20.302 17.287
23.512 16.204
25.25 16.528
22.228 9.4795
22.652 30.464
26.667 20.16
25.451 39.989
24.413 30.41
29.012 34.235
22.232 30.801
28.817 29.49
21.567 35.177
26.533 16.491
23.846 18.193
26.888 31.566
24.371 19.387
22.119 34.091
27.32 16.3
16.717 15.181
23.19 20.757
28.815 18.381
21.887 20.205
30.618 43.158
26.357 20.034
22.181 18.187
19.464 32.952
22.978 19.001
19.204 35.469
21.575 29.944
22.829 35.302
23.478 39.873
22.986 19.815
23.731 18.303
27.344 29.276
22.887 17.343
22.649 36.16
28.107 20.113
21.656 17.971
20.661 12.833
24.658 29.581
23.283 29.275
22.354 33.493
29.404 30.521
22.158 28.448
23.924 33.293
32.146 33.256
29.023 31.538
20.213 19.279
18.578 17.569
26.972 28.946
21.643 20.344
23.242 17.5
30.248 17.57
30.015 12.772
26.692 16.705
17.828 13.748
16.664 15.869
25.911 6.9901
24.403 31.077
29.823 17.998
21.553 29.242
26.329 29.256
23.361 19.243
19.007 17.895
26.95 32.083
22.975 18.867
27.791 18.297
21.816 21.915
23.34 32.012
27.881 19.535
22.883 17.085
27.729 19.566
21.547 31.885
31.335 30.905
28.306 20.299
28.415 32.626
25.749 18.913
19.247 32.708
21.104 18.092
25.957 36.52
21.492 18.29
29.691 31.74
27.593 33.522
22.945 33.094
28.566 20.28
25.279 30.267
24.057 9.4801
22.25 33.077
26.536 30.399
28.53 28.597
24.82 20.256
27.521 36.284
22.683 34.472
26.048 20.472
25.994 33.123
21.112 33.309
24.096 29.432
26.844 19.443
23.009 30.053
27.977 12.424
19.475 31.306
27.704 30.609
28.001 19.279
20.608 31.938
26.668 33.82
23.659 17.469
29.334 19.228
24.306 17.76
22.605 28.975
28.563 30.632
28.2 20.532
33.341 32.667
28.215 12.268
24.382 11.296
29.647 29.54
25.554 32.051
29.643 14.506
29.827 29.315
29.021 19.311
22.895 18.864
26.074 31.436
25.587 12.677
21.12 20.544
25.577 17.969
21.654 20.092
20.809 13.267
26.746 20.807
28.476 29.093
23.672 32.477
24.534 16.162
25.77 33.425
22.382 17.516
24.95 19.222
22.597 29.62
20.558 32.979
21.404 14.965
29.626 31.061
30.066 32.271
26.584 19.43
28.825 10.905
28.516 18.281
20.614 30.531
32.263 14.289
29.557 18.687
29.032 28.944
27.655 19.79
22.583 32.507
26.146 29.267
27.609 30.878
22.252 20.951
22.696 29.26
22.362 19.016
30.149 31.365
27.319 31.309
23.352 20.686
26.887 17.377
28.598 20.006
21.393 18.576
25.206 35.504
26.167 32.53
33.632 35.11
26.778 33.585
29.146 17.14
27.98 30
29.26 15.549
21.635 29.976
19.287 35.822
27.909 17.658
21.156 34.95
24.541 32.602
21.796 13.286
21.613 33.773
22.683 31.139
22.344 36.654
24.229 39.622
23.784 39.748
18.661 13.19
22.36 29.538
25.194 18.915
26.687 29.313
28.084 31.44
26.493 37.423
20.58 18.657
18.647 15.669
26.178 18.362
20.017 16.945
24.089 29.503
26.025 31.365
22.389 21.184
30.817 32.727
27.629 20.849
22.935 16.677
25.979 29.856
21.094 15.578
26.749 33.144
28.817 40.766
20.36 19.324
21.097 21.355
19.576 17.802
20.368 34.404
26.851 29.235
24.827 14.152
27.422 30.833
25.575 18.559
20.033 18.094
25.923 11.372
28.233 19.72
22.62 35.353
27.626 31.832
25.586 29.969
22.469 32.378
27.485 15.945
25.246 29.802
29.044 19.955
26.734 33.384
27.619 35.289
26.545 29.472
22.737 30.791
19.82 19.449
26.122 16.109
28.355 20.698
28.222 15.499
25.7 31.452
22.772 30.056
27.975 32.265
27.374 15.361
23.873 19.238
25.44 16.809
25.343 30.813
22.028 30.235
28.767 30.514
29.126 29.307
30.33 33.843
23.81 31.55
24.886 31.123
28.805 28.581
23.635 20.686
22.904 20.575
23.075 17.952
25.548 12.945
15.887 9.7207
29.998 33.33
26.224 19.289
22.867 16.697
27.511 28.814
25.158 9.8841
25.279 17.728
22.287 19.978
19.758 32.625
29.109 30.557
23.378 15.026
27.363 30.119
28.012 34.57
23.522 37.214
20.208 16.868
23.099 20.188
25.797 19.043
24.542 33.719
27.836 17.973
27.297 18.519
20.808 38.639
25.932 17.462
28.422 18.548
25.444 33.139
24.142 20.092
22.816 30.234
17.194 17.426
22.181 20.577
27.429 20.399
22.473 20.972
26.654 17.253
26.774 20.192
21.26 17.525
32.756 35.371
27.105 31.219
22.002 36.984
24.733 35.384
23.225 19.571
22.401 30.301
23.448 32.719
23.193 30.104
24.729 17.778
19.893 20.491
27.653 16.125
24.487 31.204
27.76 21.326
24.525 32.142
20.885 19.751
36.846 36.275
25.708 17.076
26.591 29.394
25.319 32.547
31.257 32.029
29.82 19.244
24.627 19.508
20.529 10.07
23.642 33.559
25.793 17.442
28.807 20.576
31.04 12.751
22.812 29.077
28.013 29.22
20.493 31.935
22.619 34.504
23.919 29.375
24.13 16.672
27.97 30.828
25.009 33.488
29.955 17.059
28.876 19.839
27.137 35.813
25.447 19.005
28.548 14.182
23.396 15.265
25.277 30.304
32.238 31.407
26.418 33.844
21.731 29.386
21.924 17.605
21.69 19.306
29.794 12.81
28.79 18.937
29.491 31.957
26.415 18.387
28.102 19.387
27.842 30.378
21.012 14.039
29.653 30.552
27.312 29.161
20.045 32.596
27.706 19.772
27.21 29.633
29.239 30.545
31.96 12.649
21.915 29.349
22.828 29.115
29.62 30.305
23.739 17.599
19.679 13.317
21.999 21.711
28.791 31.58
23.623 30.551
23.273 34.677
29.286 33.546
33.042 12.276
21.032 18.893
27.693 17.257
26.679 18.949
21.055 13.726
17.858 13.855
23.928 30.457
29.112 15.173
20.934 17.435
26.897 17.519
28.589 17.868
22.746 33.728
30.87 36.502
28.537 20.956
25.157 33.07
23.931 19.034
19.649 19.822
26.18 17.891
22.525 32.391
29.43 13.514
27.138 19.553
22.557 29.015
24.812 13.303
28.799 16.851
24.399 20.488
23.558 30.281
25.137 31.925
22.279 32.315
23.486 30.656
27.522 18.045
25.346 12.929
27.105 33.104
30.182 17.424
28.304 19.452
21.493 29.876
29.517 31.512
27.019 17.044
25.491 38.852
23.625 18.897
21.918 17.39
21.594 20.188
20.276 36.12
28.057 37.105
22.792 33.762
21.633 16.459
21.028 17.68
28.121 28.829
23.584 14.644
21.035 35.045
22.773 10.254
31.829 16.92
31.516 16.291
29.025 13.842
23.485 29.805
22.558 29.546
24.968 15.981
27.513 29.376
25.145 29.487
25.963 20.396
26.848 32.37
30.467 39.475
23.335 31.38
22.335 21.516
18.209 15.591
19.431 31.47
25.161 17.288
29.423 33.258
25.369 14.589
17.732 11.868
23.247 19.934
30.618 18.144
28.392 16.037
26.239 17.996
28.103 16.133
25.868 20.492
25.89 31.944
26.961 33.05
25.05 12.619
25.902 20.36
19.65 17.01
29.842 14.85
27.472 18.401
24.158 34.402
23.179 19.958
24.597 16.199
23.821 30.331
27.279 31.346
22.611 20.302
27.541 19.586
27.043 20.176
24.098 30.257
23.748 18.178
26.698 29.31
21.854 16.976
29.856 15.505
24.086 32.092
29.016 15.208
22.321 29.106
21.709 17.351
29.277 30.616
20.165 11.765
26.604 12.883
26.715 30.998
27.485 30.151
24.214 19.592
21.445 19.937
28.61 17.395
18.766 19.268
27.458 17.363
20.484 19.432
27.441 29.293
24.753 17.192
28.651 19.785
21.249 31.789
25.537 13.468
24.831 17.462
27.095 16.738
25.24 31.408
27.361 18.84
27.149 18.503
27.342 35
23.834 29.463
28.08 33.445
26.273 31.32
21.397 20.58
28.523 30.468
24.244 16.693
24.717 32.147
26.149 37.669
28.936 19.983
25.702 20.788
24.161 18.594
30.469 17.709
24.754 32.469
21.949 18.658
22.336 16.483
24.615 9.2558
27.755 21.48
25.644 18.263
29.069 18.118
28.71 34.853
23.638 29.477
26.034 20.445
25.515 29.265
24.646 30.26
33.066 35.595
27.369 19.311
21.879 33.407
18.341 35.71
30.566 15.275
25.616 12.226
31.746 13.648
27.261 17.117
22.026 20.937
21.417 19.471
20.443 17.023
28.353 14.381
24.006 19.621
27.173 38.017
23.04 18.458
27.256 21.103
21.856 35.709
22.681 30.657
22.851 35.832
27.768 32.696
26.615 36.993
26.225 29.662
24.119 14.75
21.33 29.73
25.31 16.979
23.651 37.251
32.106 35.814
18.389 16.856
21.284 34.371
23.127 19.869
26.596 31.555
24.36 17.974
22.395 9.4947
20.068 19.349
26.873 12.171
20.771 31.095
27.631 35.828
28.794 33.583
28.921 19.3
20.095 30.603
28.005 29.756
22.493 20.383
24.852 14.71
29.806 30.977
26.605 17.001
29.439 17.204
23.089 29.143
21.231 21.354
28.078 28.934
28.5 32.612
19.253 19.068
29.644 30.395
20.904 13.3
27.088 37.212
30.471 37.602
25.641 33.642
28.363 33.509
23.202 13.389
28.605 19.882
21.164 36.779
23.425 36.889
24.783 31.537
27.658 38.618
24.769 33.584
21.955 15.18
19.356 19.95
29.994 30.378
28.771 32.927
25.852 18.981
27.219 37.657
27.192 17.218
16.681 17.075
21.421 10.713
23.24 12.243
23.145 29.352
28.459 16.992
26.785 20.008
23.286 29.797
25.69 37.812
24.434 34.95
27.315 17.225
23.879 15.321
29.255 29.407
28.22 34.473
26.939 28.884
21.831 13.432
24.23 32.157
28.939 32.011
23.33 31.513
25.612 17.767
23.421 20.892
29.356 37.066
28.001 19.922
29.567 33.296
23.856 19.606
24.76 31.026
21.57 17.562
22.221 14.825
25.031 20.661
23.579 31.937
23.292 30.669
26.915 30.205
29.706 30.444
28.549 29.202
24.479 30.937
22.083 31.643
26.692 20.256
28.418 31.42
19.603 17.891
24.838 29.414
26.707 29.23
26.697 19.715
23.182 18.943
28.728 29.012
26.318 17.203
30.684 31.493
18.987 17.757
28.454 14.59
21.233 31.611
27.845 19.699
18.414 19.129
25.901 29.782
26.263 30.43
25.712 37.742
23.568 37.819
26.435 32.138
23.209 18.674
19.185 10.875
23.296 31.32
27.318 17.406
26.184 31.947
26.237 16.762
24.085 16.152
30.201 14.868
17.251 17.868
24.597 32.39
22.393 33.468
19.259 15.469
22.261 10.982
27.023 8.1177
23.662 18.311
23.476 18.614
21.631 21.631
23.407 18.559
16.307 16.652
28.124 35.653
25.929 17.317
33.618 14.9
27.413 30.132
28.184 30.344
27.794 19.003
26.315 30.431
27.589 29.268
20.363 33.844
24.524 19.139
26.421 17.855
26.328 20.816
29.351 18.96
29.013 15.128
28.434 17.567
23.627 20.519
27.953 34.286
24.966 15.977
30.341 38.494
20.918 19.565
28.24 20.78
27.91 31.946
24.258 30.244
23.013 31.5
30.219 16.042
34.118 14.403
24.68 17.532
27.49 31.7
29.974 30.122
32.728 10.208
26.677 18.997
19.854 19.768
21.206 17.633
26.08 31.092
26.811 14.657
21.567 17.773
25.441 29.347
23.075 16.88
21.312 20.394
22.188 28.937
29.495 37.656
23.813 29.72
24.014 32.195
28.432 32.617
24.347 37.523
24.622 33.459
23.92 36.132
22.43 32.472
30.711 14.807
27.807 13.133
29.751 19.259
19.774 33.479
27.369 14.351
23.231 38.947
29.676 31.387
23.447 30.326
22.889 15.42
24.794 18.811
27.947 21.633
28.246 18.816
27.703 38.578
26.09 29.854
27.643 16.101
23.491 19.289
29.909 36.057
26.477 15.396
27.402 19.426
26.563 30.229
23.222 17.929
28.739 29.291
24.427 15.145
21.426 19.52
23.936 29.762
25.305 20.074
23.94 30.357
27.998 30.738
29.721 33.24
24.623 29.654
20.2 18.71
24.484 33.866
21.179 31.812
21.07 30.386
28.337 19.372
28.512 29.424
23.061 29.423
22.527 16.52
25.628 30.116
24.444 16.514
22.443 36.072
22.975 38.633
25.141 30.403
24.927 30.643
25.868 29.18
27.864 13.473
21.542 18.765
26.233 29.325
22.84 15.428
23.717 35.432
24.158 31.677
21.431 20.605
21.757 18.403
23.586 20.935
19.96 15.774
27.193 20.756
17.818 17.493
26.409 15.228
24.596 29.504
23.787 9.5637
20.183 18.053
25.849 16.221
23.833 30.671
29.847 19.195
22.698 29.902
21.042 18.82
27.629 30.091
25.516 20.306
25.516 16.67
26.507 36.027
26.963 33.763
22.555 33.606
28.937 19.837
29.939 16.818
29.792 16.859
25.134 16.008
23.355 20.659
26.572 31.603
28.072 31.994
24.361 29.233
21.759 21.337
24.382 29.566
27.95 10.843
26.956 29.653
21.951 18.731
20.649 11.618
16.142 37.038
16.338 16.498
27.875 36.525
26.539 16.486
27.174 20.387
27.183 11.074
22.637 17.865
27.078 32.831
28.212 34.233
24.061 29.652
22.185 19.893
26.113 20.148
21.181 20.052
26.302 36.492
27.605 28.982
26.68 18.312
30.622 17.655
23.446 32.836
29.647 29.339
26.677 11.814
23.625 29.147
26.181 13.624
27.171 18.341
24.399 19.148
20.883 21.032
22.058 20.697
23.613 29.219
24.402 30.142
20.512 31.815
28.064 19.307
25.63 19.504
27.149 18.37
31.019 9.6789
21.911 33.056
18.552 12.806
27.212 19.528
21.208 32.079
28.063 31.527
23.45 36.224
19.419 15.955
23.204 20.334
27.193 18.099
30.203 39.326
27.841 17.502
25.779 19.655
21.693 20.388
23.67 31.118
24.804 18.532
30.099 18.893
19.226 15.882
27.084 28.808
26.224 11.535
25.014 32.278
23.783 18.892
21.867 35.713
27.697 35.702
27.591 35.105
25.138 30.679
28.542 19.187
22.922 16.817
27.453 20.082
26.218 18.419
23.539 20.669
23.136 19.583
22.877 18.812
27.676 17.872
25.815 35.733
24.205 31.393
24.209 15.445
30.244 29.882
29.317 30.998
23.863 18.701
20.345 32.195
25.531 16.967
19.218 17.233
21.896 15.263
24.141 29.902
23.46 18.67
25.58 20.195
25.467 14.5
20.455 19.05
29.867 40.464
27.032 20.989
32.838 12.124
30.814 31.533
30.094 18.671
28.125 31.608
21.034 35.207
27.493 21.287
24.067 33.94
24.429 20.465
25.568 18.073
24.713 17.91
24.915 18.693
27.824 29.43
28.207 31.021
19.885 18.313
20.112 18.867
22.929 33.392
23.304 19.743
27.66 31.073
20.797 32.971
19.586 32.585
22.964 31.345
26.663 20.146
29.12 30.996
23.756 12.752
26.474 16.124
28.283 9.5311
20.995 20.913
26.051 30.549
24.058 20.612
22.334 30.062
24.678 31.261
25.323 19.676
23.923 33.111
30.379 15.576
26.18 19.912
20.668 10.512
28.844 29.489
23.942 32.717
28.646 15.914
25.34 17.688
22.243 29.062
23.076 35.675
17.726 13.53
25.551 18.546
28.607 30.448
29.716 36.562
23.402 16.687
23.574 31.268
29.277 30.368
29.268 17.63
20.631 20.482
28.775 32.518
25.683 20.617
26.326 17.102
27.842 30.416
24.477 33.977
25.663 15.465
24.344 15.197
22.095 28.859
24.117 14.769
28.311 18.53
25.575 17.317
31.085 31.734
24.171 15.639
22.85 29.947
18.783 16.883
23.178 20.22
28.479 35.608
16.853 36.389
25.199 32.551
27.738 33.112
28.191 31.01
27.163 16.111
23.128 19.976
