-0.97124 -3.0705
-1.2647 -0.076042
2.278 1.3097
1.4725 0.67677
-1.6112 -3.058
0.37808 1.3866
4.2473 4.1317
1.2279 0.28745
2.5301 1.0942
-0.65466 -0.71754
-2.1423 1.6547
-1.4952 -2.7432
-0.72084 0.631
-1.7559 -2.3503
1.6759 0.07108
1.1152 -2.9316
0.70615 0.45143
2.5626 5.402
-2.6522 -4.1275
0.7862 -0.52089
1.7407 3.0196
1.5293 1.6046
0.41995 -0.82963
0.015782 1.8534
-1.0387 -1.1098
-0.0035 1.3233
-2.1925 1.4039
1.5532 2.7707
-0.77391 -2.8243
-3.2224 -1.2681
2.1753 0.68078
1.9239 0.34069
0.33447 -0.89671
2.0149 3.8523
0.49745 2.146
0.94325 -0.10743
-0.70798 -0.61795
2.0797 3.6678
0.40355 2.6561
0.051665 1.2795
-1.0816 -1.1325
-1.3026 -1.4995
0.33437 0.51947
-1.0564 -1.6143
2.8573 3.5296
1.067 0.53477
1.8314 1.4324
-1.7442 -0.16105
-1.5164 0.93415
-1.6915 -1.618
-0.83935 -2.1243
0.50013 -1.9156
1.997 -0.24269
-2.23 -0.62831
1.1571 0.9023
-1.996 -0.034586
0.59952 3.4636
1.619 1.1368
-0.10503 0.02752
1.5231 2.2327
-1.6113 -3.2367
0.66066 -0.27294
-0.43029 1.2156
-1.1895 2.1637
3.2997 1.7154
0.48767 1.1139
0.45408 0.10116
1.707 1.9556
-2.0116 -1.8891
1.1821 2.447
1.98 2.4695
-2.1337 -3.4483
1.4423 2.2094
0.93297 0.79636
-0.596 -0.67034
-1.1858 0.11962
0.63965 1.3703
-0.86824 -0.65873
-0.84665 -1.1565
1.9548 1.1448
2.6033 2.8122
-1.0744 -2.9994
1.0803 2.1489
-0.080505 1.9896
3.9137 1.515
1.0573 3.4138
-3.865 -2.715
-2.6231 -4.2708
-0.51403 -2.3971
-1.165 -1.6583
0.17726 -1.3548
-1.1935 -2.7247
0.64608 0.021532
0.6597 -0.67501
-0.15103 -0.4792
-0.71492 0.60656
1.7008 1.7817
1.2318 -0.6415
-0.69511 -3.0399
-1.2299 -2.3498
0.058802 -0.11741
2.1753 -0.79117
-0.40295 0.060589
-1.0124 0.75558
1.634 1.8823
2.1046 1.8716
-1.2052 -0.72857
0.16484 0.21588
-1.0784 -5.4142
0.18103 -0.99602
0.62108 0.86263
0.23175 1.5399
1.3526 2.6923
-4.0297 -4.8861
-0.10991 -1.4994
0.15729 -1.322
0.2816 -2.4325
-1.4156 -4.3425
3.1792 4.7139
-0.66746 1.2421
0.2029 -0.20216
1.8808 0.71498
2.077 1.0152
-3.5709 -3.4688
-0.86928 0.50388
0.49992 3.0468
0.92205 4.276
2.1728 -0.11034
0.40069 1.4988
-0.91492 -2.343
2.7634 0.9903
-0.25877 0.34602
-0.56059 -3.6929
0.11333 -0.30888
1.3066 1.9864
-2.2223 -0.85918
-2.0049 -2.9573
0.5511 -2.0207
2.4387 2.1844
-1.5972 -0.52814
1.6496 -0.23694
0.64125 2.2216
2.4101 2.2536
0.42129 -1.9732
0.82949 1.9083
-0.94166 1.9255
1.2268 -2.6449
0.1058 -2.2041
1.0509 3.7058
-1.4622 -3.7336
-1.2286 -2.3693
-0.87553 2.0763
-0.13212 -0.0712
-1.1331 1.3876
1.1262 -1.0053
-1.9695 -1.7003
0.83282 -1.4251
1.634 -0.71786
-2.3022 -2.3785
-1.4455 -0.40382
0.16792 2.2687
-2.3512 -1.0541
-0.29489 -0.8755
0.24671 1.8414
0.15239 -2.736
-2.0187 -1.8455
0.57969 0.8411
-1.8159 -3.9595
0.59723 4.4956
0.45916 -0.77819
-0.59822 -0.41523
1.316 1.735
-1.7982 -1.7007
-0.52765 -2.573
0.56817 -1.3395
0.73758 1.9796
-2.1495 -2.4605
0.65193 1.8457
0.72819 0.63603
-1.9597 -0.15698
1.3306 -0.35711
-1.8399 -0.56976
0.15592 1.694
-1.192 1.0089
1.1764 -2.3768
-0.90936 0.26459
-1.6735 -1.6559
1.0105 1.631
1.2617 -0.80093
0.66568 1.5458
2.8179 2.3793
-0.46514 0.77171
0.76555 1.3028
1.2853 1.1904
-1.2394 -1.6438
1.2005 2.8812
-0.1403 0.69311
-1.9624 -1.2772
2.2136 0.35938
0.15179 -2.6149
3.1875 6.2157
0.65934 1.0831
-1.6575 -0.79413
-2.1165 0.44658
1.4631 -0.070112
0.62744 1.6954
-0.51856 -1.9537
1.8372 -0.28932
0.90078 -1.2223
-2.9637 -2.2829
4.1223 1.7497
2.3219 1.0562
2.3475 3.2691
2.6354 3.7213
1.4244 -2.253
0.33689 1.2173
-0.11495 1.1306
1.5824 0.44631
3.1694 2.4745
2.248 2.9525
-2.5988 -0.5006
2.1664 3.8537
0.87398 -0.28004
-1.6218 -1.2814
-2.0204 -2.5402
-0.38958 0.92462
-2.4518 -2.2065
0.55398 -4.1708
-0.10606 1.1734
0.71966 -1.8057
0.01102 0.99
1.5313 0.47175
-0.68232 -0.4034
0.11259 -0.14227
0.33029 3.2967
-0.060304 0.070854
2.3886 2.7754
-2.1607 -4.0364
-0.72798 -2.3863
-0.29175 -0.6517
-0.32483 -3.8197
0.77317 3.4703
0.89038 -1.4373
0.22385 1.8714
-0.22656 2.4794
2.3879 2.4176
-1.1888 -0.43519
0.38457 -1.4094
-0.63372 1.1118
-0.44842 -3.4969
1.1649 3.6398
-1.4134 -2.3572
0.92904 1.2489
2.4939 3.2516
2.1165 2.1898
0.51475 -3.238
-4.0412 -2.2281
0.5649 -0.49646
-0.51314 -0.71203
-0.97904 -0.51637
-0.46278 0.0058005
-1.1907 -3.3955
1.3895 1.6391
0.15623 1.3401
-0.19495 0.43721
-1.3393 1.2422
1.9845 2.0913
-1.8879 -3.6194
-2.4713 -1.4066
1.2378 1.9438
0.58495 0.67652
-1.295 -1.2305
-0.59173 -2.6696
-1.1224 -1.0988
0.73571 0.58474
-0.21592 0.40549
-1.3316 -5.1848
0.083239 -3.3164
-1.6557 -2.4816
0.24272 -0.16497
-0.66311 -2.5524
-0.018503 -0.75965
0.056477 -1.3615
-1.3295 -0.7579
1.3186 1.7635
-1.2259 -0.078451
-2.6322 -1.9932
-2.2587 -1.9426
-2.4856 -2.1267
-0.48941 3.3665
0.22781 1.1237
-0.78668 -0.93272
-0.36579 -3.4377
-3.351 -2.4219
-1.4383 -0.48971
-1.9726 0.99598
0.65574 -0.73959
0.65563 3.1224
-2.037 -1.7942
-2.2082 -5.9037
0.41201 0.12096
-2.6479 -0.51979
-0.48197 -1.368
-0.39905 -0.67058
-0.48453 -1.0572
0.48319 -0.30302
-4.1767 -3.758
-1.6505 -0.088516
1.4179 3.392
0.8139 -0.062096
0.04473 -3.3545
0.95103 1.6267
1.1622 0.14105
2.1419 2.1929
0.72266 1.6663
-0.31096 2.7257
0.42762 2.2436
0.14677 -0.026136
0.89615 1.1508
-0.14247 -0.24564
1.2643 0.4017
-1.2555 -1.0994
0.16363 -2.3853
-0.13629 1.3312
0.021206 2.3565
0.4687 1.3145
-0.70511 0.59017
-0.86662 1.71
-1.7821 -1.8141
1.6475 2.4901
-0.15303 -2.4016
1.2739 1.7874
1.4736 -0.67065
0.66442 -2.1762
-0.13567 -0.076307
-0.47542 -1.6454
-0.22127 -1.8444
-0.077066 0.37922
-0.64898 2.2276
-0.04867 1.3299
0.30563 -1.0477
0.79274 2.6102
-1.9605 -0.86202
-0.67322 -0.75054
2.383 3.1656
-0.63534 -2.843
2.0155 1.4201
-1.2478 -0.21115
1.2564 -1.59
1.1123 -0.305
0.5047 1.0704
-0.74739 -2.2161
1.037 1.4621
0.80007 0.094055
0.14899 2.0876
-0.27164 -1.0904
0.29769 2.9618
-2.1907 -0.96879
0.53628 1.1037
-2.1837 -1.672
-2.0847 -2.0553
0.2145 0.0031682
1.1508 -0.6088
0.13819 0.78627
0.71774 -0.78766
0.58489 2.7334
-3.3219 -3.1601
-1.7741 -1.2616
0.69786 0.55987
-0.2011 -1.7984
0.032404 -0.73441
0.056058 -0.67341
0.60612 5.0979
-3.1591 -3.1846
1.6427 -1.6751
-2.7529 -0.049635
-0.069262 -0.24051
-2.4369 -3.8178
0.24891 1.4099
0.028085 -0.42467
-1.3991 -1.9649
-1.6242 -0.82658
0.68885 0.026105
0.13361 0.25439
0.88845 3.5046
-2.5081 -2.4099
-0.703 -2.1436
-0.50209 -1.2357
-1.0324 -1.4124
3.1405 4.3652
-1.0114 3.2549
0.40298 -1.474
3.2178 3.1329
-1.7727 -0.28731
-1.1358 -0.56539
0.26564 -1.1043
-0.54863 2.2649
1.0591 0.57151
0.41541 0.92985
0.99387 1.2009
-1.9858 -4.5625
0.90777 0.10684
-0.64732 1.3971
-0.91734 -0.81695
1.0892 -0.82132
0.47024 1.5505
1.3215 1.8828
0.81847 0.17374
0.31644 -0.55122
-1.1969 -0.48212
0.0048782 -0.77108
-0.30247 -1.2983
0.7499 0.3335
-1.4289 -1.6884
1.8381 2.9375
-1.2478 -3.9204
-1.0789 0.17884
-0.86081 0.82091
-0.43467 1.8684
0.43591 -0.36516
-0.4452 0.008834
-0.17409 -0.039122
-1.1415 -2.2805
-1.2358 1.4873
-1.2481 -3.6454
-0.62643 -2.0568
-1.6346 -2.3246
-3.6224 -5.0341
1.4274 -0.30598
0.25369 2.5925
0.091896 -3.2395
0.14902 0.59332
3.1471 3.1957
-0.94968 2.8175
0.58994 -0.3102
0.61104 1.9313
-0.78585 -2.702
-1.3927 0.43655
1.6941 0.5077
-1.9325 -3.933
0.68707 -0.87593
0.84042 -0.43339
-1.4495 0.039867
2.3899 1.7083
0.81908 1.3665
2.0012 1.8449
1.1277 0.48247
-0.45427 -1.1869
0.39011 1.2296
1.1502 -0.26289
0.12461 -0.18883
2.5582 5.0456
-0.77476 0.78001
1.1734 1.1868
1.5693 -0.13431
3.4374 3.4496
0.24681 0.77278
-0.67829 1.6977
0.053599 -0.87272
-0.73082 -0.8173
0.67476 1.0378
2.3275 0.89368
-1.3465 -2.2238
-2.424 -1.4911
3.7605 2.2756
-2.2176 -1.8858
1.5887 -1.4509
0.66171 0.084539
-0.47991 -1.9264
-1.9808 2.5869
-0.06996 1.9995
-0.72728 -2.5814
0.053618 0.16505
-0.016639 -1.3702
0.85753 -1.611
-1.1221 2.4977
2.2242 0.53891
-0.16425 -0.34274
1.186 1.3233
-1.1117 0.11633
-0.72759 2.2724
-0.58814 -1.8147
-0.92475 -0.28767
1.7823 3.2822
-0.41726 1.1046
-1.6481 -0.89595
-0.22862 -1.0848
-1.128 0.061222
0.62267 -0.78945
0.28083 -0.78534
0.73798 0.88483
-1.0275 1.1988
0.015779 1.3648
-0.47 -1.9399
0.80212 0.30272
0.94103 -0.34279
-1.1142 -1.6281
0.85764 0.51715
-0.94586 -4.0688
-2.3888 -1.2116
8.7923 7.404
8.9095 11.024
13.554 10.918
12.447 10.573
7.9957 7.7284
11.196 11.927
16.467 13.242
12.079 10.239
13.834 10.546
9.5672 9.9836
8.0937 13.459
8.1913 8.0378
9.7023 11.582
7.9294 8.6203
12.603 9.7712
11.418 6.5552
11.454 10.682
14.57 15.533
6.524 6.9903
11.397 9.5144
13.16 13.164
12.668 11.623
10.89 9.3331
10.819 12.645
9.0247 9.7139
10.709 12.039
7.9906 13.192
12.886 12.966
9.0783 7.5944
6.2741 10.587
13.324 10.238
12.956 9.9643
10.773 9.2966
13.636 13.999
11.467 12.752
11.66 9.9186
9.5168 10.125
13.687 13.753
11.432 13.39
10.771 11.961
8.9674 9.7084
8.6324 9.3891
11.001 10.941
8.9211 9.1366
14.636 13.216
11.918 10.605
13.017 11.277
8.2974 11.157
8.7584 12.319
8.1279 9.4398
9.1096 8.4391
10.815 8.033
12.953 9.2513
7.6157 10.85
12.09 10.988
8.0036 11.426
11.807 14.232
12.704 11.037
10.373 10.583
12.761 12.356
7.9667 7.5209
11.28 9.8631
10.159 12.12
9.3649 13.589
14.895 10.895
11.288 11.558
11.083 10.398
12.946 11.945
7.6847 9.2799
12.37 12.77
13.37 12.41
7.2807 7.528
12.657 12.368
11.793 10.973
9.648 10.01
9.0395 11.213
11.519 11.782
9.3102 10.155
9.2568 9.5667
13.124 10.883
14.203 12.506
8.675 7.5366
12.195 12.473
10.721 12.85
15.628 10.365
12.37 13.953
5.2386 9.2179
6.5372 6.8097
9.4716 7.9648
8.7784 9.138
10.502 8.8407
8.5708 7.9132
11.31 10.212
11.214 9.3966
10.234 10.017
9.7058 11.551
12.91 11.746
11.934 9.1586
9.1418 7.3059
8.5859 8.3663
10.554 10.335
13.087 8.5279
10.007 10.765
9.3586 11.868
12.843 11.895
13.428 11.655
8.8784 10.237
10.741 10.671
8.2802 4.7338
10.565 9.2555
11.414 11.201
11.038 12.176
12.623 12.972
4.6825 6.776
10.121 8.8117
10.483 8.8884
10.459 7.5384
8.0324 6.1418
15.228 14.436
9.8676 12.266
10.721 10.167
12.962 10.42
13.256 10.674
5.4839 8.2
9.4966 11.506
11.616 13.797
12.341 15.02
13.194 9.3199
11.242 12.047
8.98 8.2217
14.108 10.312
10.233 11.027
9.2043 6.4823
10.592 10.086
12.451 12.175
7.5881 10.578
7.5207 8.0359
10.862 7.8863
13.896 11.856
8.4215 10.66
12.52 9.4261
11.659 12.77
13.871 11.951
10.707 8.0043
11.843 12.315
9.6358 13.192
11.604 6.8341
10.276 7.8889
12.41 14.295
8.0726 6.8716
8.5843 8.343
9.7426 13.335
10.324 10.481
9.31 12.66
11.743 8.7871
7.7677 9.4787
11.309 8.4417
12.423 8.8751
7.2431 8.8521
8.631 10.731
11.076 13.054
7.3957 10.414
9.9907 9.6259
11.105 12.519
10.248 7.2486
7.6829 9.3339
11.359 11.196
7.5948 6.7805
11.971 15.432
10.947 9.3739
9.6864 10.307
12.422 11.878
7.9814 9.3953
9.4262 7.7671
10.993 8.6692
11.74 12.442
7.4205 8.683
11.612 12.328
11.511 10.886
8.0291 11.266
12.103 9.441
8.112 10.729
10.968 12.392
9.1754 12.249
11.584 7.17
9.4079 11.248
8.1443 9.387
12.024 11.905
11.945 8.9589
11.58 11.973
14.401 11.899
10.044 11.621
11.666 11.642
12.296 11.26
8.6879 9.1909
12.463 13.265
10.437 11.373
7.845 9.9666
13.32 9.8457
10.267 7.3895
15.481 16.176
11.498 11.439
8.3033 10.38
7.9309 12.043
12.315 9.7102
11.557 12.165
9.5375 8.4819
12.746 9.2745
11.427 8.6442
6.433 9.2834
15.927 10.536
13.568 10.603
13.957 13.16
14.39 13.546
11.914 7.1937
11.117 11.751
10.539 11.869
12.547 10.252
14.855 11.84
13.782 12.841
7.1761 11.177
13.826 13.927
11.545 9.7516
8.2693 9.7969
7.5686 8.5279
10.163 11.763
7.0842 9.1243
10.518 5.3877
10.557 11.914
11.107 8.0544
10.674 11.644
12.487 10.307
9.5834 10.362
10.618 10.28
11.444 14.169
10.436 10.611
13.929 12.567
7.1521 6.858
9.2063 8.0809
10.031 9.8843
9.478 6.2209
12.025 14.156
11.379 8.3996
11.081 12.565
10.618 13.489
13.87 12.152
8.9462 10.57
10.752 8.6768
9.8887 12.098
9.3759 6.6557
12.541 14.163
8.3557 8.4465
11.861 11.501
14.137 13.069
13.495 12.019
10.62 6.4901
5.0972 9.8687
11.125 9.6499
9.7447 9.9215
9.1949 10.374
9.9234 10.731
8.4659 7.1329
12.499 11.731
10.911 11.981
10.327 11.102
9.0293 12.591
13.314 11.968
7.5598 7.2103
7.189 10.063
12.358 12.158
11.339 11.003
8.6854 9.6977
9.3306 7.6859
8.922 9.7672
11.513 10.823
10.296 11.075
8.0013 5.1229
10.068 6.608
8.0333 8.4194
10.776 10.191
9.2605 7.8566
10.354 9.6267
10.351 8.8914
8.7185 10.263
12.43 11.91
8.9576 11.002
6.8934 9.4593
7.3678 9.3374
7.0549 9.2334
10.433 14.647
10.966 11.695
9.3677 9.7976
9.4886 6.6845
5.9273 9.3095
8.6261 10.628
8.1991 12.612
11.199 9.3235
11.822 13.809
7.6684 9.4023
6.7912 4.7123
11.034 10.441
7.1117 11.178
9.6777 9.1445
9.8938 9.9144
9.7247 9.5067
11.054 9.9141
4.6812 8.1575
8.426 11.196
12.817 13.753
11.506 10.034
10.014 6.5823
11.949 11.929
11.973 10.101
13.527 12.01
11.671 12.085
10.552 13.816
11.396 12.899
10.679 10.399
11.804 11.403
10.283 10.284
12.143 10.354
8.7558 9.831
10.319 7.6504
10.545 12.112
10.907 13.227
11.297 11.8
9.7154 11.527
9.6946 12.906
7.9833 9.2558
12.958 12.594
9.9213 7.7848
12.378 11.959
12.231 9.0076
10.978 7.6508
10.318 10.477
9.6411 8.8192
9.9261 8.465
10.465 10.978
10.05 13.401
10.654 12.068
10.712 9.1352
11.911 13.148
7.9143 10.448
9.5387 9.9542
13.985 13.023
9.2482 7.5056
13.244 11.174
8.9088 10.859
11.811 8.045
11.839 9.6072
11.303 11.499
9.2096 8.2879
12.03 11.696
11.514 10.222
11.023 12.852
9.985 9.3651
11.35 13.796
7.6098 10.435
11.347 11.522
7.505 9.6153
7.5667 9.1221
10.768 10.4
11.838 9.2358
10.799 11.346
11.269 9.2377
11.671 13.391
5.8444 8.4381
8.0824 9.8937
11.461 10.812
9.9587 8.5086
10.422 9.6313
10.461 9.6907
12.079 16.127
6.0436 8.3308
12.28 7.7592
7.0566 11.775
10.375 10.254
6.8427 7.2457
11.038 12.017
10.466 9.9932
8.4368 8.8953
8.3398 10.326
11.364 10.197
10.708 10.731
12.174 14.14
6.981 8.9154
9.2767 8.3507
9.6739 9.3079
8.9837 9.3594
15.124 14.049
9.7633 14.77
10.765 8.5929
15.021 12.581
8.2415 11.025
8.9914 10.393
10.653 9.0888
10.181 13.396
11.914 10.651
11.169 11.379
11.934 11.414
7.2853 6.1624
11.65 10.185
9.9177 12.436
9.2234 9.9953
11.727 9.0188
11.337 12.073
12.453 12.047
11.549 10.306
10.806 9.7066
8.9285 10.52
10.382 9.6021
9.913 9.1385
11.49 10.524
8.4443 9.2308
13.268 13.022
8.31 6.5508
9.1825 11.23
9.5583 11.87
10.259 12.88
10.985 9.8648
9.9459 10.726
10.276 10.539
8.7074 8.404
9.1979 12.826
8.3539 6.8704
9.3862 8.4145
8.0849 8.5915
5.1669 6.407
12.232 9.4536
11.235 13.388
10.092 6.693
10.782 11.117
14.943 12.688
9.7697 14.232
11.186 9.8541
11.574 12.447
9.0831 7.7422
8.8326 11.681
12.696 10.269
7.4535 6.8676
11.216 9.15
11.479 9.5898
8.6975 11.248
13.758 11.327
11.743 11.691
13.295 11.674
11.985 10.514
9.7415 9.3414
11.185 11.739
11.893 9.6378
10.625 10.22
14.507 15.122
9.6591 11.781
12.156 11.31
12.437 9.5842
15.346 12.842
10.933 11.278
9.9276 12.8
10.426 9.4604
9.4561 9.9046
11.51 11.379
13.549 10.411
8.4607 8.5691
7.2343 9.9418
15.56 11.322
7.4282 9.3834
12.248 8.0457
11.339 10.278
9.5901 8.495
8.4457 14.464
10.735 12.856
9.1757 7.854
10.594 10.666
10.258 8.9166
11.31 8.2137
9.503 13.944
13.363 10.049
10.24 10.181
12.194 11.463
9.1315 11.173
9.9589 13.491
9.4731 8.677
9.2996 10.614
13.254 13.449
10.158 11.985
8.2987 10.257
10.04 9.3508
9.1023 11.117
11.15 9.2816
10.724 9.4519
11.564 11.17
9.4113 12.39
10.74 12.077
9.6003 8.4744
11.55 10.463
11.619 9.6463
8.8467 9.1485
11.654 10.685
8.6628 6.2323
7.3234 10.249
10.41 -9.978
9.6577 -7.2278
13.246 -8.3899
12.477 -8.397
9.7236 -9.5437
11.202 -7.0667
14.94 -7.2846
12.272 -8.5674
13.547 -8.7407
10.404 -8.1791
8.4651 -5.1696
9.8017 -9.3518
10.136 -6.9843
9.4651 -8.8439
12.783 -9.0486
12.623 -11.24
11.69 -8.0821
12.951 -5.0853
8.7662 -9.7675
11.918 -8.965
12.421 -6.5748
12.402 -7.6426
11.571 -8.9861
10.745 -6.4284
10.051 -8.2598
10.802 -6.8682
8.4481 -5.3505
12.256 -6.6632
10.585 -9.8985
7.7373 -6.9495
13.228 -8.8588
13.009 -8.9826
11.489 -8.9868
12.592 -6.0455
11.218 -6.4975
12.025 -8.716
10.333 -8.0588
12.688 -6.2459
11.043 -6
10.868 -6.9421
10.008 -8.2507
9.8256 -8.4177
11.282 -7.7779
10.106 -8.6786
13.541 -6.8786
12.064 -8.2498
12.75 -7.9896
9.157 -6.983
9.2404 -6.1989
9.4268 -8.2614
10.413 -9.2576
11.816 -9.9661
13.173 -9.529
8.7056 -7.0602
12.106 -7.9957
8.869 -6.7084
11.134 -5.4405
12.566 -8.1013
10.884 -7.907
12.303 -7.1024
9.7496 -9.6961
11.747 -8.6703
10.362 -6.6776
9.4101 -5.3658
14.28 -8.7199
11.359 -7.372
11.471 -8.2142
12.54 -7.4606
9.1239 -8.2809
11.907 -6.6938
12.757 -7.2027
9.2216 -9.5311
12.22 -7.0688
11.882 -7.9378
10.46 -8.1777
9.7135 -7.113
11.484 -7.2537
10.167 -7.9876
10.263 -8.4268
12.924 -8.3167
13.374 -7.3228
10.289 -9.849
11.841 -6.8809
10.622 -6.2485
14.966 -9.2973
11.631 -5.7859
7.2615 -7.7592
8.8184 -9.9092
10.801 -9.7058
9.9961 -8.6443
11.388 -9.2737
10.122 -9.5358
11.688 -8.4093
11.805 -9.0128
10.909 -8.3091
10.146 -7.0091
12.559 -7.605
12.412 -9.3629
10.701 -10.135
10.028 -9.1916
11.08 -8.1391
13.444 -10.115
10.56 -7.6816
9.8059 -6.685
12.473 -7.4749
12.978 -7.7955
9.817 -7.8242
11.145 -7.9248
10.639 -11.908
11.34 -8.97
11.538 -7.6748
11.022 -6.839
12.053 -6.5972
7.4031 -9.5033
11.102 -9.2071
11.362 -9.2326
11.658 -10.263
10.121 -10.77
13.712 -6.0807
10.104 -6.498
11.247 -8.3069
12.908 -8.6346
13.074 -8.5082
7.6866 -8.5973
9.9959 -6.9945
11.089 -5.7303
11.361 -4.9605
13.341 -9.5324
11.209 -6.9859
10.364 -9.3943
13.812 -8.9838
10.672 -7.5334
10.941 -10.781
11.167 -8.3387
12.107 -7.1693
8.7476 -7.2624
9.2876 -9.1972
11.886 -10.09
13.29 -7.7497
9.3681 -7.3936
12.8 -9.2941
11.361 -6.5282
13.249 -7.6717
11.74 -9.9631
11.608 -6.9202
9.7103 -5.7332
12.7 -11.07
11.436 -9.9513
11.582 -5.5325
9.982 -10.219
10.032 -9.2091
9.759 -5.6482
10.869 -7.9733
9.5842 -6.0656
12.352 -9.6035
9.1413 -8.1477
12.1 -9.7676
12.854 -9.6943
8.8846 -8.5064
9.5123 -7.3879
10.847 -6.1747
8.6382 -7.3434
10.813 -8.5521
10.994 -6.5916
11.564 -10.436
9.1099 -8.239
11.497 -7.6658
9.6366 -10.178
10.981 -4.558
11.605 -8.9681
10.421 -7.9585
12.154 -7.3901
9.3247 -8.2614
10.812 -9.847
11.804 -9.5194
11.499 -6.7985
9.0601 -8.6774
11.427 -6.8561
11.686 -7.9391
8.9258 -6.8369
12.476 -9.1856
9.1145 -7.2685
10.919 -6.6573
9.5767 -6.3499
12.607 -10.807
9.9881 -7.1723
9.4516 -8.3057
11.843 -7.2767
12.468 -9.5188
11.486 -7.1212
13.667 -7.8343
10.389 -7.0334
11.628 -7.3948
12.201 -7.8347
9.9144 -8.5827
11.863 -6.3353
10.748 -7.3155
9.087 -7.7913
13.316 -9.1585
11.545 -10.332
13.501 -4.8044
11.547 -7.5119
9.3425 -7.5807
8.6696 -6.2179
12.576 -9.0283
11.423 -6.9682
10.731 -9.3244
13.008 -9.463
12.143 -9.6396
8.1627 -7.9869
15.155 -9.2351
13.33 -8.6353
13.033 -6.7634
13.275 -6.5681
12.854 -10.866
11.182 -7.1839
10.711 -6.9589
12.628 -8.6664
14.029 -7.9857
12.973 -6.9679
8.2922 -6.7071
12.754 -6.1446
11.976 -8.8175
9.4521 -8.0203
9.2098 -8.8309
10.448 -6.9529
8.6994 -8.2605
12.204 -11.927
10.715 -6.9282
12.035 -10.018
10.867 -7.1623
12.57 -8.6109
10.329 -7.8927
11.141 -8.196
10.871 -5.4047
10.925 -7.8996
13.15 -7.212
9.2789 -10.015
10.57 -9.555
10.783 -8.3631
11.212 -11.045
11.319 -5.5496
12.163 -9.8161
10.965 -6.5508
10.394 -5.7337
13.201 -7.517
9.7915 -7.5846
11.618 -9.4576
10.159 -6.6316
11.032 -10.688
11.714 -5.6643
9.8327 -9.0765
11.811 -7.5489
13.193 -6.8753
12.944 -7.5318
12.025 -11.105
7.0016 -7.227
11.677 -8.7977
10.555 -8.2681
10.028 -7.7927
10.504 -7.6887
10.223 -10.11
12.247 -7.5207
10.971 -6.9596
10.727 -7.4978
9.3849 -6.0532
12.817 -7.5285
9.5097 -9.8398
8.5613 -7.5649
12.04 -7.1601
11.527 -7.8097
9.7944 -8.1932
10.758 -9.887
9.9598 -8.195
11.702 -7.9879
10.71 -7.511
10.334 -11.544
11.575 -10.886
9.5916 -9.0223
11.284 -8.3015
10.664 -9.7397
11.091 -8.6362
11.26 -9.1995
9.6882 -7.7669
12.153 -7.3675
9.6996 -7.2556
8.475 -7.9591
8.8674 -8.1631
8.6515 -8.17
9.9833 -4.8026
11.079 -7.1917
10.295 -8.2754
11.112 -10.692
7.7686 -7.8492
9.5325 -7.466
8.7431 -5.8442
11.81 -9.0653
11.244 -5.7689
9.0829 -8.1832
9.5014 -11.577
11.423 -8.1695
8.2424 -6.691
10.685 -8.8486
10.671 -8.3082
10.636 -8.5817
11.561 -8.5785
7.0806 -8.4431
9.2467 -6.9831
12.021 -6.0433
11.88 -8.5917
11.539 -10.893
11.78 -7.241
12.223 -8.6489
12.971 -7.546
11.529 -7.0561
10.268 -5.4676
11.129 -6.368
11.161 -8.1195
11.79 -7.6109
10.884 -8.1154
12.294 -8.494
9.8175 -8.1074
11.524 -10.144
10.659 -6.7735
10.678 -6.0026
11.309 -7.1883
10.159 -7.0295
9.8222 -5.9668
9.3586 -8.3689
12.398 -6.9651
11.188 -9.9486
12.102 -7.3176
12.675 -9.5478
12.03 -10.297
10.866 -7.9753
10.732 -9.0897
11.033 -9.4278
10.862 -7.6253
9.9793 -5.669
10.753 -6.8326
11.48 -9.0965
11.466 -6.2968
9.0282 -7.4381
10.389 -8.195
13.087 -6.8753
10.736 -10.006
12.949 -8.1219
9.6956 -7.3543
12.577 -10.189
12.235 -8.9966
11.383 -7.4204
10.525 -9.3969
11.896 -7.4384
11.842 -8.4493
10.854 -6.3168
10.869 -8.7509
10.885 -5.669
8.7975 -7.3769
11.412 -7.4129
8.9079 -7.9817
9.0701 -8.3745
11.229 -8.1393
12.321 -9.2813
11.033 -7.4203
11.883 -9.1474
11.226 -6.054
7.9079 -8.4985
9.2862 -7.9025
11.665 -7.984
11.048 -9.4019
11.142 -8.6483
11.159 -8.6119
10.902 -4.0499
8.0856 -8.6272
13.003 -10.517
8.0612 -6.2202
10.961 -8.1594
8.9513 -9.6457
11.06 -6.9613
11.092 -8.3811
9.7905 -8.751
9.383 -7.6305
11.733 -8.4337
11.106 -7.8713
11.438 -5.5967
8.6688 -8.3968
10.562 -9.3644
10.644 -8.7224
10.102 -8.5222
13.722 -6.3528
9.4409 -4.5523
11.647 -9.5249
13.985 -7.4558
9.145 -7.0719
9.8673 -7.7308
11.446 -9.1184
10.081 -5.7037
12.05 -8.2132
11.308 -7.4813
11.888 -7.6328
9.543 -10.58
11.956 -8.5097
10.103 -6.379
10.138 -8.0901
12.286 -9.422
11.276 -6.9879
12.138 -7.2676
11.85 -8.3934
11.419 -8.68
9.7897 -7.6193
11.118 -8.6614
10.866 -8.908
11.754 -8.2117
9.7181 -8.4953
12.537 -6.7093
10.239 -10.52
9.8192 -7.1332
9.9586 -6.7295
10.261 -6.1175
11.52 -8.6002
10.522 -7.6978
10.819 -7.9182
10.112 -9.191
9.4597 -5.9125
10.198 -10.285
10.631 -9.3409
9.5911 -8.9022
7.8607 -9.8992
12.572 -9.206
10.892 -5.9551
11.573 -10.826
11.073 -7.5922
13.9 -7.3553
9.5711 -4.9665
11.677 -8.6552
11.371 -6.756
10.555 -9.7862
9.4457 -6.7056
12.739 -8.688
9.5079 -10.078
11.864 -9.2024
11.963 -8.9262
9.4429 -7.0065
13.307 -8.1237
11.676 -7.3757
12.871 -7.7499
12.136 -8.3346
10.688 -8.7124
11.237 -7.2086
12.269 -8.9857
11.161 -8.2436
12.999 -5.3866
10.057 -6.8214
12.082 -7.7637
12.699 -9.1534
14.173 -7.3308
11.151 -7.5038
10.026 -6.102
11.185 -8.7804
10.338 -8.2139
11.57 -7.5608
13.36 -8.7778
9.8847 -9.0069
8.6243 -7.6683
14.691 -8.5467
8.903 -8.1418
12.913 -10.29
11.696 -8.3658
10.769 -9.3266
8.5014 -4.4808
10.632 -6.247
10.6 -9.7219
11.033 -7.8946
11.183 -9.1586
12.154 -9.9427
9.4335 -5.1254
13.301 -9.0122
10.874 -8.1838
12.075 -7.6555
9.7933 -7.1649
9.8886 -5.5788
10.636 -9.1597
10.053 -7.6334
12.427 -6.3781
10.392 -6.781
9.3675 -7.6739
10.914 -8.7746
9.7839 -7.2011
11.782 -9.086
11.416 -8.8562
11.66 -7.7332
9.7249 -6.2967
10.817 -6.8455
10.781 -9.3447
11.814 -8.2725
12.057 -8.9155
10.046 -8.6522
11.842 -8.1263
10.584 -10.847
8.621 -7.453
